1: -0.06591921855934779,0.333872342959325,0.670832579290002,1.22256553956113,1.2461658755500804,0.5522127700252271
2: 0.29395033411567106,0.24679329906513908,0.16954977662349263,-0.06125086478467345,0.4466618323143745,0.05117620331900907
3: 0.43812589493624476,0.7040228595870353,0.7168415878663436,0.7381474764789154,0.3380196848724762,0.5732608569262695
4: 1.111873752445058,0.621703882639165,0.17269932424829876,-0.06258506812449516,-0.3513356910389479,0.35765138302443866
5: 0.43630380340142527,1.365996501859697,0.5737780763772754,-0.4793561952779817,0.32290427313122005,1.8419595053645863
6: -0.37963579624907673,0.9366627404027201,0.9511137594374613,0.6613907345921798,1.1693971009408952,0.24914767261558812
7: -0.045696730051295154,-0.27636431143561757,0.7538999704459499,0.6228076820865514,0.663289010565434,0.2868608588021705
8: -0.486095290832141,0.9526460780652086,0.25223946480737164,-0.2979210007242533,0.5145912812857575,0.8187910429152685
9: 0.16857872886043268,1.246297020268175,0.8245337539608604,0.938426459193086,0.4896627126294776,0.22192791023554465
10: 0.45158576071223455,0.952609465496761,0.22554511873906719,0.047726629991489355,0.04847586820028327,0.6456130053091446
11: 0.6663055707249168,0.11471676378556106,1.3671470267751598,-0.009633866431058014,0.5462084514696125,0.01270441251288068
12: 0.8546126190105798,0.6681656619045803,0.47349956396448917,0.6030244328620442,0.8762361614329617,0.8122640605625149
13: 0.9840308940768475,0.6938197378833176,0.8220253248880001,1.0867779536545967,0.12666750210048056,-0.2746685264043742
14: 0.8486123889506708,0.5519287566185221,1.064350044113075,0.4757712123894393,0.8103953937966553,1.5675835520339434
15: 1.3111566890718307,1.1581148151292555,0.3113921066180736,0.20744542726448584,0.6644182619389571,0.21040403314812606
16: 0.2995002210258326,0.031103057946943735,0.9790738721360992,0.6981812275707241,-0.08788127001048152,1.2790786142013522
17: 0.8342715434772788,0.5959855715647621,0.9358352567688654,1.303261019293164,0.26554602184380416,0.39783566587525865
18: 0.23545569385586457,-0.37000902143045156,0.7591915209316223,0.7672486707951707,0.4038769027649055,0.4074450968048662
19: 0.25015572007297254,1.0629502014139294,0.502562558465944,0.8472816842848466,0.7312117871487203,1.0451105289445453
20: 0.6261641535888655,0.5307344846102227,0.39806117806001273,0.5310627921625779,0.5292437395240878,0.30907913412814764
21: 0.4175106123376363,0.20854446145891825,0.4754191964536273,0.5757547028208909,0.8079148237180367,0.21819116554869972
22: 0.9810738941347477,0.4030535535268788,0.2849531482820283,0.569835829310154,-0.2829019817470193,0.9722156456015856
23: 1.08255846404677,1.1765196687846018,0.3388842667436696,0.18901131813186767,0.3733069365817655,0.04722480298037912
24: 0.24349776980422322,0.8185931051430112,0.4120924984509651,0.6075411884210051,0.03879405819109216,1.3482366215190833
25: 0.6297980886632891,0.935811829280313,1.1171881715395615,0.1119523088427336,0.5553240402907718,1.1953380633760935
26: 0.23648331887981028,0.7914986957920258,0.8518974011028804,0.2605842302873319,-0.15587930582676768,0.3285335684947921
27: 0.6117223758970097,0.3499210924386437,0.05739095742107825,1.0587635032596179,0.3909741110884585,0.9946388928158177
28: 1.193130403631384,0.10831491824297951,0.9651248704804093,1.0778763864719023,0.4886616792146554,0.8110885869704582
29: 0.5679800057549291,0.21041787441732052,0.6960957679735682,0.11415687241399786,0.9551478236644975,0.6583112105475262
30: 0.8720610827432456,0.5690653222760974,0.5549224025174808,0.6317014538104424,0.15165744000926124,0.3378287249613613
31: 0.49104997237679215,0.6378177355114448,0.5125925316579355,0.5197669552086193,0.26321451599106965,0.3585733815201698
32: 0.4970441972462499,0.6147503426528369,0.560383835048794,0.38160606017805865,0.4034981337798354,0.22351709952043136
33: 0.39351130531136197,0.28523479548411357,0.9372351205895199,0.6157629673694043,0.49398050622380246,0.3241985633601935
34: 0.2860043162232835,0.7655287064991285,-0.1741745962715956,0.8982527130865572,-0.09124565923966388,0.1796839659236924
35: 0.19311493037675564,0.7735064287794384,0.4597681759395131,-0.005707280450482077,0.45662847528486405,0.3844460339181913
36: 0.4498133258932592,0.3008933058201494,0.6302111590137834,1.0758814952033724,0.4383722551956812,0.7510169476971366
37: 0.5440122958374515,0.5970628366108487,0.1741305220219665,0.9558051648525001,0.767109377254823,0.6492707770636402
38: 0.8602940826747496,0.763062776818758,0.40370858078092986,0.6147329984985186,0.7436327366016502,0.37483486486292306
39: 0.5786902230182177,0.674645356653247,-0.2067797096634748,1.160237079488672,0.32757322560720986,0.6699579451208201
40: 0.8912866861171328,0.8710131529020384,0.20678553933992705,0.2916439147155754,0.7351339194783284,0.46158829095646076
41: 0.9177599278944507,1.0522000540993715,0.6711859237535233,0.6520602311621817,0.22180220993715097,0.2483652828832844
42: 0.5320442052889145,0.8090343847009045,0.48629220811658913,0.616842541464993,0.16065285160474435,0.7028650119043173
43: 0.418983859989596,0.19630463218350708,0.7801811373986144,0.2772848961830016,0.8541143438660816,0.8630140427127992
44: 0.5510458050019136,0.5597734035274904,0.6471658473163661,0.7716943029545014,0.06572699549042305,0.7447114431026283
45: 0.2976647138993942,0.5011331953172093,0.7625610474365501,0.8935373668350071,0.5595265227915994,1.0280972624453004
46: 0.6337011019692088,0.7558632415487083,0.39438381852587556,0.6756601251398078,0.7879374786449689,0.5666034016049861
47: 0.353738814412497,0.4124459870676221,0.5341088189617662,0.4049693029550118,0.668496251798912,0.5419065834442837
48: 0.15318059969937214,0.16234606100190396,0.35921069159047475,0.5007909159749449,0.610975304313077,0.5056301409189741
49: 0.7892233702323271,0.7501341708916012,0.84750665042216,0.8902337610199968,0.10074992514480502,0.889107064771272
50: 0.22002814262901166,0.6558448419298071,0.4669750284166734,0.8344075105645354,-0.023987934033270986,0.49482245922478874
51: 0.7326185921722621,0.8431192072357521,0.626363643200549,0.5699449606190857,0.6642310150303592,0.8004050241038425
52: 0.6731913552356457,0.5671926082753888,0.5334576343276967,0.6081852373115912,0.29474124744697483,0.40381497530802346
53: 1.1065414814977086,0.8341376024326395,0.6110332305855104,0.6147726618660471,0.4679328469139362,0.5193788438652583
54: 0.5492440841606048,0.6674422374810777,0.7299100412842121,0.564544467205023,0.8292944036485992,0.4816925780492843
55: 0.5611568370905636,0.49868411315128847,0.6212820451812728,0.7044997575618708,0.3770949202953914,0.3183610341619827
56: 0.4007812316899266,0.4427754144293253,0.542012208827105,0.5519837022987167,0.37818309631463787,0.18502500530437072
57: 0.3514082111105705,0.5271604893486683,0.31924092612967403,0.3672285961675219,0.6613261699299107,0.5074168942439082
58: 0.44869365847385506,0.447839870600232,0.5340595928131041,0.5655523992934804,0.2193101606011363,0.2077157367738045
59: 0.6513433391611565,0.7556127551570672,0.5993126996533039,0.5844050996838492,0.6838713463317762,0.5113960607253134
60: 0.7521470692736777,0.35878177880516915,0.32227454720832704,0.5057360189660037,0.5770122444338902,0.6769302821319221
61: 0.7087834344130926,0.6990465871284989,0.16917858544586672,0.6864224827918602,0.7101876753198386,0.821930459036659
62: 0.5605757019946652,0.522563493942004,0.5638942568886237,0.4241874640545855,0.33293245398293964,0.5396643858148339
63: 0.7836235553240922,0.5053400646733703,0.500831599182588,0.5484974982556546,0.30180683264581604,0.5091269978060324
64: 0.38740557988657165,0.9150511970962777,0.6068902119474111,0.568245446560631,0.6222422237011221,0.49140561182462766
65: 0.973611489452028,1.0929699744049879,0.6129169585441671,0.7286746798698234,0.8726317692368128,0.46636531383494806
66: 0.9052896475374181,1.1807987609857322,0.7974666285677815,0.6004054488684929,0.20145446800014705,0.26110856275559335
67: 0.9405734532396051,0.7266788365496448,0.5106656976838367,0.7789310764297549,0.2610080696596702,0.5738192437167726
68: 0.7474038720741012,0.6080732516455235,0.6117144694600685,0.6468362634386562,0.46502480982827404,0.566493176936206
69: 0.9317369900237155,0.6597494346543467,0.5103624336624877,0.3540796450708067,0.5816002897373284,0.5084930869405606
70: 0.8738040883659774,0.9810939807848568,0.7931611663723614,0.8481191113088222,0.7113359960268908,0.4377925313098835
71: 0.9235420610169133,1.1565954593712924,0.9392879334141533,0.6352532971440276,0.612524383645143,0.7043969591689858
72: 0.9678406420416862,1.0122283469345428,0.8215299726137699,0.9304140503672031,0.815149580615876,0.19841696303687095
73: 0.8143158152540515,0.819374821793889,0.7627098216161892,0.9010598050627223,0.510923772535564,0.12931797237358444
74: 1.058513851703133,0.3593555104898556,0.7499070564728139,0.7453030324399281,0.8757804174962008,0.45585757247413283
75: 0.9704817022982337,1.1860555906007009,1.003710220370443,0.7318318805673604,0.8314394350949212,0.5907292698036388
76: 0.8359384257207157,0.7178494589916332,0.9032433725987354,0.6756657867118612,1.007526409926072,0.47611145605832617
77: 0.9009457623992829,1.0916548316560069,0.9449590168368894,0.721211490397763,0.6420486311589347,0.2269924941944144
78: 1.0177986480180745,1.0062949872883373,0.9528457470637697,0.8534088388999104,0.9551367570432263,0.5258571317884364
79: 1.089398260294447,0.9028233474292048,0.983594535689171,0.6120950244292438,0.682924431048416,0.506710634057637
80: 0.874977406040247,1.0905238691065728,0.9515838130308595,0.9850572235944125,0.6179658308436693,0.17106044536679035
81: 0.9353848796476067,0.8655377215446153,1.0430056317864886,0.7750710699173836,0.7926957266488341,0.18450531018146626
82: 1.1021818687166818,0.9489737820340091,0.8642364917690271,0.8860132523883598,0.9053514406495327,0.33152402867890673
83: 0.7785723817334664,0.8416436776343286,1.0072236714955687,0.9396615377230099,0.9228578290838508,0.2647375451552979
84: 0.9169145029203177,1.2155591501911567,0.663757854284325,0.778888822032189,1.0501258843295025,0.08336891707515096
85: 1.0404232973848326,1.0140406515780445,0.9696778752826825,0.8200752882403569,0.7840962872718237,0.41288177042640534
86: 0.9964548830562362,1.1205813183399986,1.1381388550213338,0.6232510549681767,0.6860388330903637,0.03130275036535629
87: 0.7584980861048533,0.765132631947844,0.9736398134811022,0.94852489041633,1.079836217239142,0.24399005498972892
88: 0.7407693796684778,0.989653691828109,0.946864403494461,0.7575500109865718,0.9761313359887765,0.2139461040359521
89: 1.0364920804630608,0.6864477918842863,0.5704299830096197,1.0052054002690034,0.9781386191416326,0.14024342980192112
90: 0.8562351268346668,0.9018639734165054,0.847035996402506,0.7275358994919885,0.8226346219946791,0.36287474158766136
91: 0.9934898232084607,1.0703407150351363,1.0384124947954394,0.6897387102760908,0.8659736497030562,-0.021815540502847452
92: 1.0145471336255814,0.8337896943019895,0.9333301222262946,0.655330198615112,0.8793729989895199,0.3939986869512777
93: 1.0646523224385644,1.0247837540300548,0.6189928041913226,0.6860941773050446,1.0548506279312253,0.2266864273738991
94: 1.0491606284130577,1.1072371514931398,1.013917020030049,0.9007582817611612,0.9267428742114787,0.2233017908144358
95: 1.1612927975067917,0.9999458098169856,1.1652885327339466,0.7490891254241056,0.8514468277614345,0.20683778490944424
96: 0.9838727046367014,0.9414524659255827,0.9420666989503954,0.903209609887078,0.8275555336213791,0.1817081170272427
97: 1.156308848881074,0.9394758527584282,0.9671342100621743,0.8063364840489228,1.0017289754546332,0.10721760985716382
98: 0.8267362910922936,0.9557145322695112,0.8975806642130415,0.7545150247290177,1.0354757735781783,0.3204153636212646
99: 0.9549707931999412,0.9054448387937166,0.8643507562187566,0.9332777499560526,0.9041174598884475,0.10433253101634507
100: 1.0936037712641222,1.1085930720808939,0.9962816268557837,0.6911261124585825,0.8371446523379436,0.056343193581238876
101: 0.7826561877728888,1.092360373256383,0.8535089646433786,0.6513950978038793,0.9812254438447421,0.23841962102840397
102: 0.9615537159448581,0.997294973955023,1.2112353773799571,0.6003222358652276,0.8951603231652252,0.028229221902144608
103: 0.9224848407636439,0.9242278614921542,0.9363030920128755,0.8113441375814121,0.8844032531148033,0.09413882009202433
104: 1.0507182164213322,1.1218962336291884,0.9712984045278092,0.9233015358173895,0.9823092006609191,0.15887527482596175
105: 1.0527612372633781,1.0126995018838045,1.149164794585174,0.9178288436668477,0.6967575041094644,0.0914212127813408
106: 1.0449503718793047,0.9767595181345735,0.9656946211726807,0.9247277794515014,0.871414730812023,0.03245002957720727
107: 0.9413734279178465,1.1335188941032337,0.9183048042062971,0.8784930773131278,0.8687409131609074,0.21906776826046498
108: 0.9170421734396222,0.9774187503381732,0.9876798151684548,0.7744814914308319,1.0191874393807763,0.0965260276178104
109: 0.9552435010651915,0.8682296681201381,0.824476799466216,0.9404086143589775,0.827140319170516,0.14872348251199577
110: 1.0400595703762092,1.0028193706574238,1.0157112217232498,0.9962888806880466,0.8805916165672617,0.09836250015184346
111: 1.0279224333013413,1.022392829014412,0.9451283152950226,0.8068813212563091,1.038124760093639,0.06019580594637047
112: 0.9778430939936638,1.0330558915335222,1.1068215364616925,0.7380659592534601,0.908997392825505,-0.03564544428015953
113: 0.9334246878344858,1.0848274021908115,0.8513184769439359,0.8434567239953582,0.9283747620418891,-0.07442019195498634
114: 0.9989474978660113,1.114923508251185,0.8719139869959651,0.8873196763574311,0.8428348898722552,0.17986974261230326
115: 0.9807376218171172,1.1743286800823618,0.9909067518790274,0.6280221675040014,0.9471350167102165,0.044937931859680376
116: 1.10654252901438,1.013196263034351,0.8161483675671463,0.7552574265578225,0.7521333406245265,0.08255027937765505
117: 0.8974385131933631,0.9129619101304953,0.924647608351846,0.9271264419964905,0.7802287872106781,0.17273167217113555
118: 0.8358278567043356,1.0652268375345024,0.9293707125958787,0.8628923649659916,0.9937478026843012,0.10538214440964229
119: 1.0843315737245116,0.9619501943296858,0.8921215994275529,0.6553556191986722,0.9735662815688698,0.21944970845254896
120: 1.0838122405493789,1.0376242159028157,0.7785810573639482,0.9558358372568571,0.8274476126947659,-0.0018745452575576887
121: 0.8513041117627913,0.9536134995832184,0.9122270675318346,0.8840901375180575,1.0933336414429897,0.12613958783859022
122: 0.9342776572371942,0.956461942103203,1.0743716428028443,1.010127102462008,1.0296767578476491,0.09341935018027413
123: 0.9785253010715806,1.021896913931273,1.028955366215615,0.7458768478754938,0.9588630128288856,0.12202467886973808
124: 1.0243813574516973,1.030871732297,0.9940965634395478,0.8095834045196657,0.935254024452402,0.29502393348827993
125: 0.8853005860885235,0.8845382707044406,0.8805003718994822,0.8874014599848883,0.9618382638446403,0.11779956849327204
126: 1.0188856053079725,0.9611838721662324,0.9928476890882982,1.0395827628924659,0.7989866605704412,0.01965079966869461
127: 1.0682034349483227,0.9848032891009681,1.0676793529257391,0.9783468252104299,0.9913274975236656,0.03209218994046961
128: 0.9748813751658928,0.9760500201544304,1.0022649698487955,1.0528840055491133,1.0689640195786474,0.07289893086744628
129: 0.9770306755539011,1.0235346392778524,0.9533027131697808,0.6971342036237516,0.9968527886281948,0.06357435877272091
130: 1.1018377761157074,0.9139524749800367,1.023132443081924,0.8306524488668197,0.8855090031949029,0.006014972111241884
131: 0.9779708304008428,1.0331295463759318,1.0065378233931535,1.0779954891377088,0.9592964362751255,0.04209161042374392
132: 0.9068162210023311,0.9913833861793844,0.9293814078858639,0.85145180016218,0.9818838214494333,-0.03767566646906356
133: 0.9917181068604567,1.0013424850716848,1.024915493190995,0.9552401921248331,0.9535385536809039,0.0425637273558519
134: 0.9950065000953016,1.0034363664445136,0.8826643927935739,0.7747953820125897,1.0018402222362828,-0.0008927970250843936
135: 0.8474311067291826,1.039842911350344,0.9777768425801352,0.8277051298102209,0.9270158213987657,0.03191284555703673
136: 0.8154886352599291,0.9795433678623178,0.968540146586451,0.8605657401231211,1.0179435096285843,0.11646975789262368
137: 1.0024312889146723,0.9988843381731598,0.9541474460964142,0.875800766320247,0.7667837206093362,0.04102055091443859
138: 0.9047024023126686,1.0902666355401203,0.9001276573407135,0.9348468893362748,0.9693182041823268,0.09777742320063412
139: 0.9458704441454888,1.016802859769794,0.9027086322216825,0.876246064658277,0.9396833454806066,0.22315051296265348
140: 0.9475486258333763,0.8460526168653232,0.9624680562043978,0.8408221067176814,1.0536339606233112,-0.029152107544322334
141: 0.9109355735208277,0.9753807598429126,0.9870590825039481,0.9285095424757439,0.8608461250933426,0.1341576256970453
142: 0.967697285655946,1.0275146395567787,0.9607970396869551,0.8128898580658208,0.987249311358082,0.054030662978442424
143: 0.8867776992991818,1.0537791561674823,0.9514528487951754,0.9471118357592804,0.9959223061799328,0.15885493389388017
144: 1.0359976931624568,1.0544991991126178,0.9920811481746716,0.940600156073039,0.9541589294858334,0.15624020807627997
145: 0.9812141275468022,0.9900152126619629,0.9959799470387011,0.8711761375174213,0.9761081422245922,0.0774530720004277
146: 1.040486349375822,0.9991906531653696,0.9481962332538209,0.8635457346946931,0.9309065073467417,0.07263387322385141
147: 0.8998689279159691,1.0447894542058032,0.9329465040348982,0.9329933326858785,0.981907624116916,0.06321471271598271
148: 0.8859612614159132,1.0633256972384615,1.021535820488098,0.8668021358802057,0.936978418316756,0.11820745317112943
149: 0.9517167793252888,1.057759703489228,0.9569235091310228,0.8995576806955546,1.0402015744448907,0.024703659577094313
150: 0.9570090512068615,1.04650191742356,0.8699913301835341,0.9478651646585747,0.9606035426267491,0.04951548121174683
151: 0.9878927141742926,0.9512450724640703,0.9892971272237351,0.9182850389666253,0.871386816346328,0.1745112884832123
152: 0.9520117329853822,1.0051742494760576,1.0192789631209371,0.9789377232036134,0.9677521401363848,0.03874308729646198
153: 0.9520999009667763,1.014750085238117,0.9549440548560262,0.8550331674837257,0.9050975920938581,0.056290697422360855
154: 0.9307957341719196,1.0387293288402293,1.0088636043789763,0.8925195261569607,0.9661295171052888,0.06609102008362472
155: 0.9450566184688001,1.0253373365845035,0.9263091395320165,0.9520237240730236,1.0323991940132156,0.02376672592290654
156: 0.9446498578898386,0.946552885517221,1.0237396610034892,0.9217092661012382,1.0574387852920684,0.07064653333826645
157: 0.9727484258491705,0.9889971095607655,1.023930490320195,0.9600615492314882,0.889999295289691,0.09714144906634761
158: 0.9403325296701743,0.9712454566726004,1.0528010161262533,0.9267231905924149,1.0076623428487226,0.14169772314418988
159: 0.9016458887733976,1.0054572702380202,1.018628943835609,0.938543674120071,0.9876420017198798,0.09745084413366693
160: 1.048327141585374,1.0354285106581287,0.9928098988521552,0.9804932683575517,0.9736535598212359,0.1386275001239156
161: 1.0194809708616397,0.9555610910759849,0.9151063507447043,0.8567334501703909,1.004477109129767,0.09118505196214156
162: 1.0261500061912696,0.9632828743691061,0.8977012202069184,0.9110711106722801,0.9699861359033748,0.15925692539263042
163: 1.0464206137438958,1.0606472920886414,0.9682080364378257,0.8220526740460371,0.9233921794031594,-0.0006410848396462138
164: 0.9199233486618589,1.0211840438267146,0.9698161118052157,0.9066667864251398,0.9617170140039905,0.12211197824618256
165: 1.052038078808784,1.0168364240707886,0.8657776812909695,0.9188974080336336,0.9519824294754349,0.06501253570311201
166: 0.9645347145438842,1.0106007922501072,0.9633283153113629,0.9305939499828875,1.0423591206762886,0.11666711620253817
167: 0.9566736644556982,1.0562451264150021,0.9464349649717113,0.947251307397836,0.891276161211656,0.0672786944498751
168: 1.0619387829180116,0.9929381934560058,0.974770870260205,0.9218156107436905,0.94938931297652,0.10681121422401285
169: 1.0050592575078892,0.9452215182194963,0.9925005741810536,0.8827062302126506,0.8902766909591038,0.02272182818812988
170: 0.9998358807220071,0.9912607850183797,0.8916308730493299,0.9162048839559951,0.9697932178649642,0.06896579676094904
171: 0.9798456939564779,0.9120517298527102,0.962423289192331,0.8933621959784482,0.9236858659945894,0.07597866913015584
172: 0.9906139794522131,0.9737370230011588,0.9659306291610172,0.867485409966541,0.8870417855538505,0.04438138578105883
173: 1.0149095119836802,0.9915728901802313,1.0105684150995704,0.8469290593200396,0.9519566119196174,0.05312086732472135
174: 1.0269207079087357,0.9563143239573774,0.9099578454207311,0.9381298394998614,0.956764583971542,0.14136773434986305
175: 0.9381514070123228,1.0037009956662706,0.9905700905653141,0.8982829345660314,0.9418279685883629,0.08900306822514137
176: 0.9579899828871177,1.0477865969768942,0.9745277773933685,0.9475920658543054,0.9763830067011888,0.08059362350698843
177: 0.9168455096315458,0.9974618652449418,0.9388154661528798,0.8967800884983405,0.9731218331971183,0.01646276018834785
178: 0.944170995492184,1.0154127111658817,0.9081306520688857,0.9214722319676825,0.924673755664079,0.06974522089209635
179: 0.9269742236360974,0.9378470850041046,0.9500524743360441,0.9296546533836213,0.9376024641196637,0.013396039892698136
180: 0.9874559541429769,0.9818814203139471,0.9761749715192594,0.8986891599018334,0.969693542922159,0.06784916779759444
181: 0.9687126778743442,0.972227733214102,0.9331794506414921,0.9191577832299501,0.9812679636738514,0.021704786269071692
182: 0.9794487572141335,0.9942281389778418,0.9255322850438019,0.9296978000397375,0.9474530451793125,0.07862719431198348
183: 0.9572592483919388,0.9783748393031478,0.9945763563952023,0.878206918305972,0.946604194325576,0.08760217194917683
184: 1.0055858378279035,0.966539110977192,0.9260770658836643,0.8995851172577864,0.9873959394639816,0.07241287313725975
185: 0.9515927501030823,0.9961641343202099,0.9948149868952577,0.907638092828895,0.9812946828956218,0.08409387672367684
186: 0.9068132669738715,1.0158608808157092,0.9534125042350412,0.9167889320053468,0.9552167593332849,0.12634283584221312
187: 0.9524462285313108,1.0036426993413667,0.952421160092117,0.9149609624178284,0.9707834312757543,0.043675762853256174
188: 1.0051860668073151,0.9262361854043389,0.9821450450896048,0.87404818956558,1.019292948268951,0.04579661634413097
189: 0.9469686130402458,0.9979954303274883,0.9630389193990556,0.8845039068419763,0.8977223380094961,0.09572552281457275
190: 1.0379390084223967,1.0352390343911588,1.0145946188059853,0.8864784340241876,0.9335316659200509,0.03843368687546748
191: 0.9652273372494211,0.972333469319988,0.9040209309200616,0.9593736826352866,1.0140179317726803,0.09960449305373253
192: 0.9357208610414843,0.9994646723671019,0.95715418244522,0.9107890030130568,0.9451952608361716,0.06784796632963878
193: 0.9694975764128073,0.9889448035554508,0.9360266021551189,0.8333512802577241,0.9420466749875162,0.028420629655586394
194: 0.9517778473522933,0.9935289592091244,0.923710655521101,0.8988862619787823,0.9734300941139741,0.06051992002456032
195: 0.971358185483799,0.9573494367707089,0.9037701165253278,0.8998863968232792,0.9287846103105379,0.06828355701994304
196: 0.9892504730890741,0.9969605108342047,0.9609948923262099,0.899767391901826,1.026221371132666,0.07541083115362822
197: 0.9355949578831327,0.9780717988613774,0.9401074628064671,0.9118740119163028,0.9608133061481678,0.11754308692215448
198: 0.9914643342673198,1.017985125359247,0.9227289261442351,0.9542376207068463,0.9882456199477128,0.10393416135193695
199: 0.9903038076350554,0.9764673125989268,0.9579748321121533,0.8925389178881966,0.9882374998041005,0.10299692390050262
200: 0.96349739689413,0.9876376135657216,0.9784721751156287,0.9429536396159666,0.9446412538843908,0.0795590988105869
201: 0.9378803126139386,0.9897134729041077,0.9627528742147949,0.9245097377268895,0.9187947632537495,0.04211594455363066
202: 0.9813723236110403,0.9655406011772294,0.9353353142596276,0.909997480733555,0.9792062001360161,0.061085039222088265
203: 0.9710366920531734,0.9773852774288432,0.9316793162605219,0.9048407070754666,0.9716682651745844,0.0638817004582439
204: 0.9979541811363086,0.9690553718786509,0.984996904710507,0.9558962831596749,0.9439008368617515,0.07187322647620983
205: 1.00179734898516,0.9898940293770022,0.9735377795853759,0.8883156581659829,1.0032704623109865,0.10281546813408787
206: 0.9340452675221645,0.9409077036227498,0.95058021571051,0.9282697160326869,0.9334935792496545,0.10024507696184946
207: 0.9637576237136654,1.010804077867096,0.9658330471760259,0.8796929722397536,0.9739674142265342,0.05880697997956386
208: 0.9860189582115453,1.0558095862468413,0.9830662542718855,0.9480335822041802,0.9556270345820516,0.05165454833744261
209: 0.9501075149063507,0.9747317196110495,0.9831178788047297,0.9318428270108581,0.9480874600712359,0.08128879453884445
210: 0.9722189162220947,0.9693760003674574,0.9645167160028298,0.9202117738665557,0.9046673802014628,0.05448129676476027
211: 0.9709469790159158,0.9707910572083042,0.9962683806712483,0.8768243713555546,0.958105419716311,0.05941318167028283
212: 0.9539341547721791,0.9520558328474613,0.9639802137392646,0.9328406916430452,0.9378189345683934,0.10184784448548023
213: 0.9786176315832938,1.0086806264644055,0.9627815065440343,0.9480335069697151,0.9635929091143512,0.07871659064571132
214: 0.9902243312488138,1.043035883396177,0.9724987514089056,0.9067802327207773,0.9409284833014524,0.07001891762946813
215: 0.964976755917409,0.9932498851869247,0.9801472616437608,0.894774493594136,0.9805563962577205,0.07009161552477816
216: 0.928321315687551,0.9787346112339425,0.9438657954408116,0.9264907747421374,0.9394288465583165,0.04127181922178656
217: 0.9984289276037901,0.9928504533368527,0.9392973057668359,0.9490088158119515,0.9573043841513069,0.07651961621014079
218: 0.9797892849228143,1.0045066860865706,0.9721107136169516,0.9177003244779827,0.9578345692790076,0.09036151138304205
219: 0.9600030962978232,0.9817385040364208,1.005122540403416,0.8961785890658345,0.9762221342448367,0.06033341653977377
220: 0.9660749008794463,0.9884569131147699,0.9460729916316055,0.9138950830177781,0.950632487650109,0.07663660844912111
221: 0.9650936641402786,0.9862224014183602,0.9705682041343863,0.9280778106194492,0.9590968149056518,0.0531061112538257
222: 0.9446595185548656,0.9715697738134456,0.964160044962175,0.9389498460390797,0.9792418362340799,0.07715350546836866
223: 0.9659470190056151,0.9650305254381065,0.9758623180192773,0.8858093238097783,0.9424812098519327,0.03641979162921867
224: 0.9870643937442592,0.9996720383020791,0.958146924034234,0.9046840394281561,0.9226968916384055,0.07353146984928574
225: 0.9774960810019543,1.001893800564427,0.9670149895510314,0.9235674952397225,0.9514972718589599,0.07230750152349458
226: 0.9539641832270707,0.9931729389453988,0.9603250523750848,0.924187624501215,0.9738176706439864,0.0741822798216165
227: 0.948240047108426,0.9722825174773118,1.0062391467111484,0.9126481473883872,0.9477579865462562,0.08590961690814641
228: 0.9636900822139938,0.9936574673138897,0.9690497996702163,0.9178524646746007,0.9644671027041883,0.07838652582527617
229: 0.9619876009006332,0.9898564232108438,0.9446573082826252,0.9017011820606139,0.9469184929598884,0.06430742755585142
230: 0.9597500509770557,0.964633250883546,0.9724886521936935,0.9076795690138479,0.9524691044509873,0.07262661030819204
231: 0.958931407686435,0.9679155003983176,0.9545923986054669,0.9374193321508133,0.9293731933306751,0.08642697458439555
232: 0.9789233797613008,0.9572439030026748,0.9357609939348552,0.9372701202927635,0.9373185023862587,0.05407509345757525
233: 0.9346539011746127,0.9923552206050128,0.964506243741257,0.890154358070923,0.9574183291877921,0.0665784106892061
234: 0.9826452272499648,0.9679720470773328,0.956376249802904,0.9160008402325985,0.9555182583880865,0.05433646004665557
235: 0.9619896401102358,0.964965100305657,0.9836964970387374,0.917768164843648,0.9589558861906855,0.08324351628041352
236: 0.9549092283638305,0.9957034220277753,0.990144335040535,0.9139136732699327,0.9594178563897342,0.06549189525723191
237: 0.9647963214297617,0.9740377558534367,0.980285974999297,0.9263737807043605,0.9560588880369252,0.0732211953421196
238: 0.9407260253107393,0.985214649476926,0.9497406134881802,0.9145260277126208,0.9480711979559485,0.049384379538192434
239: 0.9716998786113794,0.9789376439386323,0.963374698174285,0.919307527053069,0.9788367637040526,0.07995004394486893
240: 0.9784432255402796,0.9774769459958671,0.9800741819500116,0.9201954920303499,0.9360966835557172,0.05656256206419183
241: 0.9707032167300068,0.9655983755288242,0.9684676394406975,0.9223830736437886,0.9486322390870714,0.08650700193597316
242: 0.9687145257238626,0.985353518993236,0.9342055241645866,0.9004669861080127,0.9658433239940961,0.06834578365733501
243: 0.9582667696938312,0.9958787333228334,0.9801088575724415,0.9101508243612321,0.944395312202261,0.089543836280393
244: 0.9715536803645776,1.011739068586672,0.9793303322095945,0.9099938197584293,0.9632291016265822,0.07761832741782927
245: 1.0024418085083966,0.9835253117733401,0.9526892236251348,0.920072896352695,0.964517505446875,0.06595645116410824
246: 0.9681426198350016,0.9676201286702065,0.9699912934263156,0.9327117385058138,0.9603462925542098,0.0854695025762175
247: 0.9819030321572776,0.9936315163026529,0.9498525090543958,0.9077428211937372,0.9513088453521548,0.08165231548811935
248: 0.9705792728734683,0.9828243756884306,0.9742339036016953,0.9091246060921783,0.9685838074174423,0.07833417664886928
249: 0.9825171526068912,0.9870557413495186,0.9674256450749416,0.8962926715270811,0.9694168348564532,0.0769065910901922
250: 0.9574031338972419,0.9889258879540236,0.9452900463239925,0.9348176550244576,0.9830513415959982,0.06707190462798918
251: 0.9669130765863082,0.9717979471111567,0.9703651260019909,0.8921642345329948,0.9449168659481435,0.08637809826197512
252: 0.9652279217951321,0.9889698840024512,0.9541484725899257,0.903676600527651,0.9649863041699832,0.07061896101562139
253: 0.9678601795204205,0.9831723621045699,0.9508978033004089,0.894781077846468,0.9459572779513833,0.07090475937771028
254: 0.9672898604222064,0.9830718200553764,0.9459999441877376,0.9125091879071756,0.9726998635439178,0.0780881317414291
255: 0.9891531218922347,0.9969596274896768,0.9682967293623728,0.9066998038849214,0.9683955873005183,0.08986357271962832
256: 0.9842490819162467,0.9663796961941916,0.9724607221546803,0.9060812109397673,0.9630693328131273,0.07694989886972584
257: 0.953487599412153,0.9823987530735585,0.9702577627376586,0.8962692185091666,0.9461743585364477,0.0575262927864521
258: 0.9708961181251862,0.9833853657352806,0.9623433904524883,0.9103667585705923,0.9600301554695102,0.08641001532428373
259: 0.9643899821387757,0.977721331098033,0.9797557584075739,0.9006239873149174,0.9578208755592265,0.0657115460935487
260: 0.9683992937181406,0.9791878635884229,0.973028071436739,0.91030777150318,0.95975050608086,0.05821498361658458
261: 0.9730280571755913,0.9911975910154244,0.9723819501717326,0.8991586372150588,0.938704426734855,0.07510939375508521
262: 0.9631139074589439,0.9845722824508406,0.9595304519717716,0.894410596331596,0.9557462403078,0.07418240058274483
263: 0.9722766158321885,0.9728408545429734,0.9581739297097384,0.9212621486588854,0.9633290601567385,0.0817536466503759
264: 0.953113112329597,0.9859967825492287,0.9539551273121591,0.9244738152562864,0.9553903576427833,0.06429627313568495
265: 0.9867050655076529,0.9667386940358366,0.9709767955001587,0.9182286201464344,0.9610497407163724,0.06719720300612736
266: 0.9670972153644372,0.9914731690464277,0.9614628870537004,0.9177093173650895,0.9543910618599897,0.06628933347475437
267: 0.961754005141981,1.0096511868030382,0.9736006474425691,0.9102790816253481,0.9449742475854205,0.05636637861755203
268: 0.9580732810913344,0.9803921262476998,0.9720222923249556,0.9214794857722364,0.9640748847522415,0.07405213357845833
269: 0.9637977311675106,0.9790887760019793,0.9848814041703082,0.9268450273155275,0.9538485175976553,0.07784258137596209
270: 0.9635303886057395,0.9787165802160801,0.9633201597921308,0.9083791226564695,0.957873091985174,0.07906225072503181
271: 0.9679059748569518,0.9907646856379261,0.9629403507707646,0.9091907688460327,0.9573443838356613,0.060478423070603506
272: 0.958559213507235,0.9857490434699148,0.955634452592126,0.9008304504339889,0.9825908669655865,0.07930011788502618
273: 0.9717063345241681,0.9776288045725205,0.9545085025801304,0.9295713960278897,0.9719312330512152,0.08214295534499338
274: 0.9676596337618808,0.9869360480013383,0.946563369361701,0.9039409360504947,0.9520671627263974,0.07690743787977551
275: 0.9649575297283346,0.9900418126495503,0.9564280882171938,0.9208599317319706,0.9536564335157623,0.06675689089832615
276: 0.9869432573832991,0.9837668375184523,0.9617123175607001,0.9211280239110708,0.9559289853574392,0.0675278907142652
277: 0.9794660361234266,0.9821585935066259,0.9602532905512462,0.9135296418235123,0.9603847788356127,0.06903601589154493
278: 0.9635876815002621,0.9783981243498256,0.9676415137447436,0.9176995051171913,0.9481610138413941,0.07238604659067588
279: 0.9654336991361396,0.9929069451004571,0.9679562544422736,0.9242246140326826,0.9678732014011623,0.0683507132938415
280: 0.9709749104916355,0.9851483363527603,0.9718789794962435,0.9073551300062349,0.9460641189502905,0.07018671495028961
281: 0.9877292664472984,0.9793622463318092,0.9731418565836012,0.9111838686499026,0.95950323132376,0.08003782085691855
282: 0.9658123987441609,0.9827150034692645,0.960121461594592,0.9037668487205568,0.9705381853252112,0.07485082882740324
283: 0.9656207341510549,0.9864772919983269,0.9732705000301467,0.9110390550360945,0.9537751233994892,0.07585799350337895
284: 0.9701749792549252,0.985624721728316,0.9558263585024414,0.9042910718048711,0.9503106344714218,0.07764612330186446
285: 0.9742200458635656,0.9830669395610185,0.9617888602491939,0.9083986717911718,0.9600154107663617,0.07428219947399718
286: 0.9745846949071096,0.9944378751738501,0.960630793810538,0.9163522678704399,0.9520713836926674,0.06558966793982655
287: 0.9779113392097093,0.9911109641789245,0.9630865610344503,0.9088790395841538,0.9694924892043006,0.0668807739092339
288: 0.9728537704155585,0.9920131971073308,0.9628405678763022,0.9098278037355995,0.9645951937008947,0.07919501888931485
289: 0.9741136846901692,0.990121381613603,0.9575438898213099,0.9186938160490883,0.9584268625807005,0.07646047685717745
290: 0.9743774867070344,0.9938102129910418,0.9607973778221082,0.9259488683437432,0.9638666550133141,0.07416310569305186
291: 0.9584408406796635,0.9827398431910797,0.9607729084139323,0.9136072304634804,0.9718427419147528,0.06386999962773159
292: 0.9784299004166603,0.9747093001380936,0.9651396095898144,0.9170209279985724,0.9500822892628025,0.06208476193755685
293: 0.9754928270389812,0.9807373662647834,0.9522383267636415,0.913595060753006,0.9538888653274645,0.07467036961592342
294: 0.9767726711628807,0.9909525695293412,0.9608868892253303,0.9177256654317999,0.9597157461966119,0.0689936630768629
295: 0.9714695524802804,0.9893896973374247,0.9752824963040537,0.9093173297147372,0.9630083584549499,0.06823500539455873
296: 0.9759363326812365,0.9818632214896893,0.9671467956823577,0.9162404698297603,0.9520377299276938,0.07324804316064103
297: 0.9780120859714175,0.9755962265493129,0.9706147278042059,0.9084082924471203,0.9669542749252739,0.06825946031789351
298: 0.96782973324334,0.9883620486849751,0.9643769258482952,0.9066723334532418,0.9569333297248327,0.08540447493818129
299: 0.9760109642652914,0.9907646608822841,0.9501859139368473,0.9135562419466456,0.9695533209108244,0.07298971083631822
300: 0.9682826773270033,0.9845549470060132,0.9626561714430583,0.9105647246187996,0.9628056362398786,0.05762356717029859
301: 0.9730357654749897,0.9916526460613138,0.9578706757791762,0.9158131662715326,0.9622737250415581,0.06513808959826073
302: 0.9674391360288493,0.9879404334049764,0.9625894631408872,0.9133997293859742,0.9645210885404364,0.07335753601421717
303: 0.9743480435971049,0.9905518419624646,0.9515895982645461,0.9073461019074425,0.956285642059863,0.07595512307254228
304: 0.9771752169633077,0.9847682563552493,0.9677537119889584,0.9094681669798209,0.960376548657813,0.07551301720237467
305: 0.9695737173085114,0.9862994137798391,0.9674371185913858,0.9078693897120353,0.9502116146270265,0.06539617624423151
306: 0.9734571668456437,0.9877453458482401,0.9577643857245429,0.9079359167497993,0.9640920059407351,0.07050206134869362
307: 0.9724575814379454,0.988909334426935,0.9569629348066687,0.9193508668742955,0.9487566818036015,0.0719115210418975
308: 0.9780076002809507,0.9857412341102928,0.9600618925015645,0.9152031258001289,0.9596562026372452,0.06577382268544156
309: 0.9715665781102328,0.9773478245597849,0.9659622538954449,0.9145713682875797,0.9641537508541909,0.06810004351368353
310: 0.979273071190348,0.9912680157916414,0.9670799361729121,0.9185691979218564,0.9571712708688286,0.07466845839221195
311: 0.9678197105514974,0.9798696769598942,0.960981014487872,0.9059379677890883,0.9533616279761626,0.06479378699855073
312: 0.9736303868568833,0.9903140800054865,0.9677537698272421,0.9135598761751174,0.9615235495935258,0.07539213171642206
313: 0.9685276020168346,0.9849790298826823,0.9622359852678253,0.917344704889412,0.9553491451783602,0.06591024943014319
314: 0.9811294799004018,0.9836830803279248,0.9587353422985754,0.9111660020994534,0.9557721062695269,0.07379792156124412
315: 0.9824700962414603,0.9823019020768792,0.9578086815818336,0.9129580560359044,0.9526787421181266,0.06928655854097401
316: 0.9747824159677683,0.9861452065462883,0.9589074677353927,0.9098381103966342,0.95188484100721,0.06467220140426296
317: 0.9736131316820108,0.9871496081298591,0.9612277975254973,0.9098648609967528,0.9516232134454914,0.06945413192855263
318: 0.9706755354047918,0.9838924081361679,0.964802958819316,0.9155217478323109,0.9622320875233408,0.0711677429514778
319: 0.9738695401724315,0.9802988906322534,0.9569209608083233,0.9163196903040631,0.9628723366525942,0.07373490201387067
320: 0.9815151149869528,0.9878803575011558,0.9596918751154366,0.9115904163887703,0.9541658271365776,0.07392422391949863
321: 0.9740525449287712,0.985608064062014,0.964029077588015,0.9077952012227916,0.9557824628970223,0.07255103173036306
322: 0.9731649273027548,0.9792407232296996,0.9596515140652315,0.9088635029912744,0.9590168574377604,0.06791071497218185
323: 0.9772417684405045,0.9828971887313775,0.9642035154845603,0.9143394614442744,0.9541569302856592,0.07149737250467061
324: 0.971877648194822,0.9863718099224967,0.9624788971065297,0.9123299534605792,0.9622276200263976,0.07064695093162662
325: 0.9730128495814439,0.9794130055964652,0.961450754375143,0.9105411571856907,0.9631500991002299,0.07140240598628102
326: 0.9700890642970696,0.9893088810306118,0.9640389424004494,0.9163228968982317,0.9513745678978988,0.07006120049540217
327: 0.966136810056431,0.9836808424924719,0.9625696705195624,0.9143490382706237,0.9635907448200587,0.07223453625739491
328: 0.9698928596500765,0.9820789801565388,0.966904136805685,0.9130295449218728,0.9552826677076096,0.06857256664586109
329: 0.9696231617364975,0.9815945777628452,0.9649299792955691,0.9093062967697482,0.9570111484795801,0.07347283406005696
330: 0.9712902729888463,0.9802614322450955,0.9607809581149476,0.9194413534893192,0.9583357619931886,0.06883641612821997
331: 0.9751902027938141,0.9800917540152358,0.9685189368099565,0.9127799755509574,0.9603093614955412,0.07222972436536132
332: 0.9773420516968775,0.9846236823661362,0.9620869220675276,0.905316639102081,0.9606444572133449,0.07340912466833266
333: 0.9743795076790249,0.9828547550515374,0.9646202059204929,0.9084105894733245,0.9576822314819128,0.07395181068557267
334: 0.9673039352312339,0.9878875183532221,0.9619344890640672,0.90878744616877,0.951483734065462,0.06970929259717606
335: 0.9718205514098986,0.9850456128031364,0.9516360756818277,0.9118401499506511,0.9537352990470195,0.0661967991693136
336: 0.9750678803653255,0.9847403051599684,0.9618456752873263,0.9138368039705236,0.9566163081790239,0.070501937624238
337: 0.9754462702114275,0.9852559712142841,0.9616404559611347,0.9153421993447338,0.9547606436869148,0.0723510419752333
338: 0.9698016642055817,0.9807882183266542,0.96192298469196,0.915564212887046,0.9552616794612092,0.07239005503383215
339: 0.9673241159478714,0.9848940117560415,0.9604210809085343,0.9106929656331948,0.9548374053787643,0.06861699835825125
340: 0.9684141186638819,0.9850007209492323,0.9582543064307967,0.9058602204438879,0.9575993718652359,0.07117775145816581
341: 0.9778647305558478,0.9830672215852146,0.9629220779730863,0.911396710393307,0.9591381842525754,0.06981761576749264
342: 0.9712432870908552,0.9822485062847184,0.9629425624296121,0.9121302384036348,0.9614178352110806,0.06722028455288896
343: 0.9727878924232581,0.9804011280631874,0.959336597547063,0.914831280873066,0.9600583471515358,0.0741447663165666
344: 0.9716722427861482,0.9806350070660944,0.9597441188486074,0.9148598781726112,0.9583336199029359,0.0711652466272611
345: 0.9692213547900416,0.9875688134067624,0.9593911433344668,0.9199035552795358,0.960340243367607,0.07171711294576973
346: 0.9706417609087572,0.9842180010059659,0.9613539117030232,0.9129043540396398,0.9616513658845619,0.06832103683583118
347: 0.9671307377624873,0.9828191391366374,0.9622175321346764,0.9141505828888079,0.9596765364660174,0.07229124832059178
348: 0.9732643135350649,0.9837176997949405,0.9656210406189579,0.9104775267820165,0.9524198619638052,0.07036469217149786
349: 0.9719506023874535,0.9810864813858166,0.9645815619107079,0.9144147039161592,0.9563477259428051,0.06824202108858067
350: 0.9745307055305151,0.9861962912324004,0.9640569119165534,0.914018275725379,0.9576308090113285,0.07430715227715053
351: 0.9680520045489325,0.9822274404941927,0.9616258233191638,0.9114247420379735,0.9570185720960519,0.06820071184477333
352: 0.9693473319132904,0.9820128426393595,0.9619055166113966,0.9163199694940904,0.9560263252213559,0.07421450268306412
353: 0.9736230904680707,0.984085945632739,0.9645825829350745,0.9099134345605919,0.960167915415444,0.0717475222954373
354: 0.9741119683836117,0.9793951384138812,0.9628028536518041,0.9097295292816565,0.9620143688582773,0.06438563971784761
355: 0.9742030803712047,0.9831331182812764,0.9621735134907559,0.9133905896036838,0.9576746659721518,0.06849990158883304
356: 0.9756242781814051,0.984036981489819,0.9634286012917792,0.9144373354698296,0.9591855404475318,0.07587719125081616
357: 0.9706833619714222,0.9871391748773786,0.964000208120696,0.9120324346731102,0.9626368519052654,0.07495369361474527
358: 0.9678400559333991,0.9853393405980773,0.9626815259065404,0.9129398361128058,0.9584254989525735,0.06738182137962144
359: 0.9711085562347842,0.984786408378932,0.963379356728958,0.915706732876199,0.9578826298064924,0.06994470670363714
360: 0.9731146644147133,0.9836363832044286,0.9657527424529478,0.9126288404768012,0.9570089061604675,0.07178310199768395
361: 0.974103940314351,0.9853043042276571,0.9628414659628445,0.9159512881491292,0.9580142894104975,0.06810724121073788
362: 0.9728731356672597,0.980578599059861,0.9621148085132795,0.9131075274009485,0.9569843380749016,0.06934489272350024
363: 0.9724513103032026,0.9856791624930115,0.9632915099078049,0.9110556912225479,0.9579542766289179,0.07263196468456992
364: 0.9673327405177806,0.9847409881835375,0.9648246181926878,0.9146597360138787,0.959370285180419,0.072140614352391
365: 0.9751785004680164,0.9823941033506597,0.9633549317248148,0.9115923553152209,0.9592878018220672,0.06908184167430347
366: 0.9765628561660004,0.9837025345518849,0.9618654587834627,0.9143368258639827,0.9577087350716883,0.07183939036242884
367: 0.9732068884146234,0.9836236864286007,0.9626036358143285,0.914267063380412,0.9556768763150509,0.07223532885608674
368: 0.9743158442531252,0.982429524875258,0.9641595544872535,0.9086309394310856,0.9575089467996536,0.07505244889346571
369: 0.9701152964384898,0.9844311177122049,0.9624547070098238,0.913408566047882,0.9570041465765174,0.06877340641350789
370: 0.9713078121617097,0.985810946564796,0.9654126168114572,0.910142256140832,0.9596667401947004,0.07085769407074571
371: 0.9728374285171758,0.982301422017386,0.9620199459287523,0.9130875816971231,0.9561402146038975,0.06928617596860973
372: 0.9688161737968367,0.9862032527928672,0.9623245942342913,0.9141706963036194,0.9572534338762896,0.07189670747588876
373: 0.9729236566962852,0.9856893698130309,0.96359778521341,0.9134794783263297,0.9544812337771781,0.0711649317262266
374: 0.973469311124875,0.9849667831332031,0.9596008100962597,0.9104085522186504,0.9575030538866832,0.07168190718874586
375: 0.974062104104694,0.9846814972837773,0.9635209291523829,0.9136515576733822,0.9624752946952028,0.07153041722573307
376: 0.9714997805779816,0.9832512878882327,0.9614944307676615,0.9117214776739557,0.956161769156387,0.0689113228311548
377: 0.9720308011644182,0.9836570461336255,0.9614407369927997,0.9114451309961488,0.9596903271241367,0.07153109715952771
378: 0.974743260693753,0.9852985929437673,0.9632629756828154,0.9119340239473532,0.9554553188073033,0.06882395977268765
379: 0.972811716073511,0.9844289666358543,0.9589026079299218,0.9103231038565512,0.9573340349215247,0.07165307303825778
380: 0.9745244247412712,0.9822589221003827,0.9660779705366848,0.913249514847589,0.9541129317940016,0.07280961584397114
381: 0.9736433421641565,0.9857968781518854,0.9600900457180596,0.9146681062862609,0.9567298279754424,0.0704828322051561
382: 0.9731490223641049,0.9833108526620092,0.9615080999767697,0.912963140530076,0.9576430478312502,0.06955553658243117
383: 0.9726112200097523,0.9844885899889005,0.9644061471754903,0.9111467965626752,0.9581702110412317,0.06989269793960107
384: 0.9731122697129488,0.9856708245451924,0.9643977127779029,0.9131807550387198,0.9578411575740798,0.06932628596785068
385: 0.9710183574464938,0.9827910841639853,0.961818359113818,0.9121959880812397,0.9588497043870173,0.07062172040454233
386: 0.9733560928866192,0.9852401708868824,0.964418870465515,0.9118597309591804,0.9581414381161852,0.06845895110381787
387: 0.972071515623973,0.9806944442756785,0.9630453586894374,0.9146416458705139,0.9557404879314092,0.07183311989358769
388: 0.9717023616616356,0.9846482897109546,0.9624249541666258,0.9102323465743457,0.9563506844152313,0.07146009996272028
389: 0.9722884139815586,0.9812734190117546,0.9626614094836929,0.9113210114273501,0.9575055751181859,0.07098079152313241
390: 0.975681662712256,0.9870258170773022,0.9620340452394747,0.9142784902052835,0.9603719398115764,0.07035599106522511
391: 0.9715268266537332,0.9844005530723601,0.9646629543222072,0.9109139527648373,0.9575603669883442,0.0707432794849373
392: 0.9715266491769851,0.9847260960704768,0.9598311085427614,0.9134330159938993,0.9572326952563054,0.07102510863290423
393: 0.9740464161695116,0.9848473696465738,0.9647902125962574,0.9138700704750625,0.9578217420383535,0.06930460683632622
394: 0.9724007858972891,0.9835114564807509,0.9628799322475654,0.9122654843966911,0.9562573780086716,0.07102480037162914
395: 0.9744268683143853,0.9871676324260392,0.9647395891803746,0.9124161700397959,0.9591152044624042,0.07324855366123229
396: 0.9745716357224763,0.9847406192713136,0.9629122305902009,0.9121033919005099,0.9587802589313651,0.07303773684871011
397: 0.9724348493006681,0.9850869256919009,0.9637943565366713,0.9144728687190625,0.9577278930949477,0.07089515460865976
398: 0.9730215210865127,0.9862277636434326,0.9610771591595664,0.9109505024069721,0.9569556413552999,0.06938429209352555
399: 0.9725538138097515,0.9857350963270047,0.9616717458044909,0.9142932150815669,0.9568939638667219,0.07012835701865065
400: 0.9714964159657382,0.9830876515478815,0.9625679494023615,0.9123301634505835,0.956731773783852,0.06659028669928513
401: 0.9714240700361545,0.9860643977098008,0.9614321955339198,0.9123253992165171,0.9563907461859054,0.06899532985132531
402: 0.9741966714074413,0.9834639571825274,0.9624825387026607,0.915025763390236,0.9586982006328522,0.07060180578152514
403: 0.9726487176073201,0.9843323022128786,0.9621283027748774,0.9136532043720796,0.9552225542537319,0.0718583191065802
404: 0.9737147536268613,0.985095858674381,0.9614503710152547,0.9132807925124743,0.95530415559026,0.07153171041219479
405: 0.9725628715564227,0.9848672529383007,0.9609547578577918,0.9133942784458052,0.9569032056031759,0.0724255046771532
406: 0.9730050573285822,0.9834068862642678,0.9623225477291519,0.9113117517871585,0.9573238418652333,0.07158205512310818
407: 0.9715001724545317,0.9843295796409449,0.9642718662884658,0.9129065494203793,0.9590326927823964,0.07067750979081408
408: 0.9714798708673803,0.9839808829520882,0.9612263820824912,0.9127825703295662,0.9564573902187841,0.0700423074378878
409: 0.9727730557926797,0.9834185454287753,0.9632368508514645,0.9129403710869599,0.9571787067534355,0.06908834623415466
410: 0.9735365505910994,0.9852192886458909,0.9603677274661798,0.9118806500826987,0.9594800668447567,0.07124747096859307
411: 0.9726638298077712,0.9839837133540684,0.9633051304379215,0.9122698861282652,0.9563185269690182,0.07167826749257149
412: 0.9725052953468433,0.9852309836278365,0.9616737640811273,0.9148256640170208,0.9595904692550403,0.07151722496069429
413: 0.9735158627011444,0.983837721267699,0.9646246212062177,0.9125228200486187,0.9576273591181763,0.07194180768223708
414: 0.9715439083926972,0.9847247711716618,0.9622322287055745,0.9126341652090852,0.9565545600760059,0.07089446409494367
415: 0.9732415945193917,0.984898180066569,0.961920723021051,0.9124718328773109,0.9570717961629469,0.07083648649927915
416: 0.9732600847824963,0.9845998008835574,0.9626277985917138,0.9133880833560428,0.9570790732720584,0.07123753662850343
417: 0.9736791018017268,0.984255594220673,0.9631672182358919,0.9125964630957574,0.9579570733346032,0.07114954809457215
418: 0.9717031494141368,0.9848306691343087,0.9623164367997062,0.9118934547465624,0.9565507237401717,0.07140031929322277
419: 0.9739615449615585,0.986292255802563,0.9632992240336316,0.9123948242997818,0.9578542402697492,0.07116835521681257
420: 0.9718817651592238,0.9844895737746119,0.9636404093720201,0.9129761619118588,0.9572158668929615,0.07094844267037315
421: 0.9730640101613038,0.9830823390214679,0.9639539626495821,0.9122281278227979,0.9587350430204558,0.07015944003834165
422: 0.972543689553811,0.9853402542988745,0.9634443011996837,0.9116629009775846,0.9572692300432387,0.07303632140008419
423: 0.9725758467288951,0.9846823139238445,0.9623191586374433,0.9120254380278369,0.9583764456962532,0.07024120026286124
424: 0.9731782115169826,0.9838477061626341,0.9624317476574394,0.9129214513984999,0.9560280362865249,0.07099313977571546
425: 0.9732699652449127,0.9848246525605637,0.9629011538610329,0.9136834161911119,0.9579409207104111,0.07141226768752722
426: 0.9732256909141909,0.9838461577224012,0.9641777402405988,0.9121039443176086,0.9573707162640456,0.07072905481910037
427: 0.9726086002316852,0.9841399297939236,0.9631266834669931,0.9128335069430901,0.9559306821988257,0.07085593416428736
428: 0.9717814768525237,0.9841437559993661,0.963300361307747,0.9131937148411874,0.957854586145656,0.07254966653972646
429: 0.9725586753155043,0.9835656347441205,0.9609313682291405,0.911256333005545,0.9574782887193951,0.0719907635474493
430: 0.9733891914676956,0.9834170012668237,0.9625745292968876,0.9142451541543998,0.9575095305682613,0.07053644402866849
431: 0.9717138068201698,0.9835339984938057,0.961706506406483,0.9129495836979274,0.9573002255395718,0.07207635342791577
432: 0.9739123791025288,0.9841436951099828,0.962005289498407,0.9131891898106957,0.9554648690620158,0.07075700912735346
433: 0.9725199367533045,0.9841941463668352,0.9630264066990142,0.9120983874741392,0.9573736420468599,0.07097878036269845
434: 0.9727175071785251,0.9857245230915388,0.9632616057096266,0.9128936933565437,0.9573467005135574,0.07081187568333104
435: 0.971499185873167,0.983174880315825,0.9617050672095938,0.9131675013011448,0.9570341025959086,0.07110804529329938
436: 0.9723418435801552,0.9844854328695771,0.961628444876329,0.9129649979607525,0.9566875067664284,0.07133488267401314
437: 0.9726758363504685,0.9843923556948683,0.9620587083047234,0.9132762614183744,0.957724299317218,0.07130295924249555
438: 0.9731668025285488,0.984487834670931,0.9618275519237767,0.9121594949215792,0.9567567699205715,0.0708844369166067
439: 0.9726356187505735,0.9844449568705192,0.9628975690737757,0.9126436269653088,0.9582507256418484,0.07048877138534283
440: 0.9714692694643514,0.9847518373870993,0.963218393481323,0.9137865745520508,0.956854632743507,0.07122508312933022
441: 0.9728826059606966,0.984313409925763,0.962911801057557,0.9127213913148374,0.956099959989131,0.07081802228684364
442: 0.9736275245624558,0.985581034999643,0.9626674295469454,0.9118057100044985,0.9566310419555026,0.07229589263404998
443: 0.9732926368992579,0.9847953379358244,0.9627166537814364,0.9133265125855596,0.9573722014291727,0.07191486374394418
444: 0.9709935948449768,0.9842213088471936,0.962258386192815,0.9127526396578005,0.9565301204020111,0.07102841518109677
445: 0.9727459694030058,0.9834842921103812,0.9639940364158276,0.9125855227509577,0.9577228018586624,0.07069670610451494
446: 0.9732249464135552,0.9853195154413327,0.96241009080897,0.9125425254117777,0.9571318920176025,0.07138803819577812
447: 0.9734293680943398,0.9831628948963638,0.9624284585962737,0.9127073845370223,0.9574072006832371,0.07059024149864572
448: 0.9728641780642062,0.9844177420097535,0.9624683261439814,0.9132892213386743,0.9573337734277876,0.07087258786206167
449: 0.9732635828745917,0.984231794491315,0.9628660396445571,0.9127026386140199,0.9574107455027541,0.07031656051034996
450: 0.9721274124228122,0.9853797963567185,0.962495418602139,0.9134839652944395,0.9576654407625494,0.07089536439455153
451: 0.973444597006571,0.9849508969118477,0.9624838318724883,0.9122112310005943,0.9566864022835808,0.07065442560876209
452: 0.9730100925901936,0.9843513384168227,0.9630873805601693,0.914106949678077,0.9582170693872318,0.07008318159727628
453: 0.9730408383095392,0.9844429579456663,0.9621464480786269,0.9133040470004606,0.9579835574580805,0.07082878111294033
454: 0.9722160893691053,0.9840850714449216,0.9628254351683461,0.9130274744297341,0.957601104844909,0.07118953780685258
455: 0.9728345072304327,0.9832155222564483,0.9626388882133916,0.9126190027549823,0.9579956243370696,0.0705731019518987
456: 0.9722859736661238,0.9842284403468424,0.9635869845533325,0.9133295904380704,0.9583364671914912,0.07155324379529168
457: 0.9733786169391819,0.985064615629975,0.96281600463612,0.9125655705189595,0.957838087048584,0.07127200871033237
458: 0.9727794142749365,0.9837763392675313,0.962605017575972,0.9130558197729082,0.9578343433757618,0.07142305616384789
459: 0.9732689279176615,0.9851571546309793,0.9638878413046843,0.9130544323078708,0.9576684326506165,0.07121882357418706
460: 0.9739044091672406,0.9837831959852638,0.9619135245029753,0.9126626988334796,0.9567795961865752,0.07071718800210335
461: 0.9731350182793594,0.9845020269446527,0.9624249379969748,0.9128016411474574,0.9582264847598543,0.07133601154483689
462: 0.9735391855112591,0.9841854299097188,0.9617335800462371,0.9132973457782323,0.9571332808803685,0.07076891257827093
463: 0.9730978193000107,0.9847556495000256,0.9627584461206016,0.9118333664991908,0.9572829796111905,0.07048609741341395
464: 0.9732816794347598,0.9844793799273798,0.962850113951122,0.9128585521926762,0.9573327067871161,0.07060620923655504
465: 0.9729227411923148,0.9838162443495047,0.9627226949912604,0.9126445987686904,0.9571267431276815,0.07057864149260944
466: 0.9727493140451788,0.9839786584780629,0.9621629948092816,0.9132319904814965,0.9570376800744326,0.07105632047456059
467: 0.9730484082995642,0.9838932478629464,0.963236451769728,0.9131953868303054,0.9566811401184896,0.07132300167112453
468: 0.9732837493820573,0.9850117690493151,0.9631714595726406,0.9128910808085093,0.9582869498969326,0.07085223698542653
469: 0.9725864879581788,0.9834717745701114,0.9625288092804919,0.9130323657331827,0.9574883331178324,0.07089696447738696
470: 0.9719438512962861,0.9841949869941248,0.9618098236411028,0.9133180036608385,0.9576539404383887,0.07086348360869318
471: 0.9731435698407062,0.9850291257608488,0.9633425415457318,0.913335837799177,0.9573263040969492,0.07057274143846688
472: 0.9733509195148661,0.9841562883465651,0.9623675211043814,0.9134452762456222,0.9576373098157396,0.07057432337941472
473: 0.9729786270992022,0.9843857523328897,0.9623078330620742,0.9129416524250742,0.9571465328281475,0.07056634054333015
474: 0.9724126521447262,0.9843316234184624,0.9625911813745189,0.9129395450984868,0.9574091648413322,0.07053584378427923
475: 0.9719853763893069,0.9845533863229914,0.9624063313750563,0.9120367407100062,0.9570725212151575,0.07066319155486833
476: 0.9726512551712706,0.9836748150076597,0.9619339664526706,0.9125598564216014,0.9564558859170862,0.07132840636827571
477: 0.9726480341102693,0.9841655035858756,0.9621872962340965,0.9127259037056845,0.9572587730467856,0.0713691473213978
478: 0.9730096386846699,0.9839877684401852,0.9618521998292651,0.9131478105904551,0.9564138770036072,0.07167624296258686
479: 0.972688749077846,0.983970052322518,0.9622718941290573,0.9129080023891557,0.9571635096765174,0.07159134935819352
480: 0.9723853740104543,0.9845456152152557,0.9620479471279303,0.9125019257713729,0.9575592523859899,0.07136373323326181
481: 0.9723319993470043,0.9847691168278431,0.9620780162361195,0.9126629336120805,0.9573232233280089,0.07086184357752316
482: 0.9724031212590558,0.9845604127285312,0.9628789674414792,0.9122819475546,0.9576927195543992,0.07062812837506556
483: 0.9721412895548703,0.9839001058311554,0.9622747520642426,0.9122536120445148,0.9564681705640475,0.07141151583230636
484: 0.9728632013987488,0.9839041819568881,0.9620824057636235,0.9121164655410335,0.9574367775757656,0.07099711570128132
485: 0.972317857816258,0.9840645176596773,0.9620936330917255,0.9124807928040769,0.9565128221000476,0.07140854558687577
486: 0.9727985959221259,0.9848063170263632,0.9625598130407544,0.9126572629171725,0.9571467325886948,0.07107711434592189
487: 0.9728379381765447,0.9839297229250994,0.9626351928612772,0.9130304316225006,0.9573709224972744,0.07039665619306587
488: 0.9722032086525811,0.9840383127946696,0.9625291503072432,0.9127133881857419,0.9573820008151739,0.07071146396691294
489: 0.972925150084861,0.9845558090872293,0.9631207371226265,0.9127091428078078,0.9572641488404275,0.07107751511400343
490: 0.9729810429802906,0.98449980885812,0.962607808461785,0.9130192750270854,0.9577369528446854,0.07073481833163178
491: 0.9729085163620256,0.9844177533071734,0.962874973326794,0.9126081664519847,0.9573021507331514,0.07061363136015368
492: 0.9728930570374167,0.9840277814916434,0.9628465177801644,0.9126453894860072,0.957828028299506,0.07088247766621673
493: 0.9729428933497115,0.9841681206043819,0.9626062140594294,0.9130560601763064,0.9574000756313287,0.07150362085113253
494: 0.9731376506878326,0.9842251716087964,0.9625651892310454,0.9125422644585153,0.9577862310459092,0.07152847060586556
495: 0.9727354989876145,0.984223248467266,0.9630260594680435,0.9131685816323302,0.9577258998772982,0.07081012601670553
496: 0.9728515104971444,0.9843238254741403,0.9624784268098622,0.9125755599343485,0.9576636758615343,0.07036748697008413
497: 0.9728186101477531,0.9846526094725099,0.9622738284561836,0.9125554619744123,0.9573129547961026,0.0706305398511302
498: 0.9728931655280939,0.9845444614093058,0.9622525102375106,0.9125612424335978,0.9566219437029498,0.071220485291188
499: 0.972363589061493,0.9838217899108188,0.9625008257167135,0.9125606600940419,0.9571871781106106,0.07103002702268284
500: 0.9724745033574536,0.9839976239964044,0.962372672990095,0.9121700044122705,0.9577889192644188,0.07071613426199394
501: 0.9726367146383518,0.984442033964493,0.9624848138329655,0.9127405380108164,0.957689872195607,0.07096039355877566
502: 0.9729303321701472,0.9844130451409718,0.9628848644433576,0.9124940751858565,0.9575129500133674,0.07133050760576154
503: 0.9727848221817295,0.9845147181849474,0.9619896965464013,0.9130654992618349,0.957361547837036,0.07133056812607899
504: 0.9727420273331391,0.9840935691844765,0.9623269457909951,0.9126517456483418,0.9572671309688909,0.0710011508981125
505: 0.972645807966935,0.9843382166431321,0.9624084367074502,0.912900671200376,0.9579119622223181,0.07072188513801463
506: 0.9728262165955606,0.9841827746724328,0.9624704045714086,0.9122096644978023,0.9574271318394361,0.07055066501576802
507: 0.9735258754457186,0.984641299112185,0.9626965882458746,0.9126162752907094,0.9578325660182105,0.07080074575298635
508: 0.9724843997115189,0.9848035604346616,0.9624478816541522,0.9130222062251678,0.9571081117643059,0.07099051639869151
509: 0.972728146870004,0.9841313553371942,0.9620328384879243,0.91216255403932,0.9572284171162946,0.07080384497009636
510: 0.9729012749335728,0.9842963721563094,0.9624788704639002,0.9127693772718086,0.9573188114241579,0.0707845013549826
511: 0.9720049795983342,0.9841847729177979,0.962297427688414,0.9124650400585972,0.9570541130124013,0.0712474299532571
512: 0.9725225694085234,0.9843353920075961,0.9628045589667981,0.9126067261844314,0.9571795356331475,0.07110709349487003
513: 0.9727857739686299,0.9843918698848338,0.9623220895830401,0.9128710841060463,0.9570883270546023,0.07100622968753466
514: 0.9726911615130956,0.9843993192912383,0.9622276605915939,0.912869217763815,0.9570633037081924,0.07081371609591096
515: 0.9726686756974273,0.9841698660078368,0.9627579801439407,0.9127904314329854,0.9574369412591924,0.07064654217550123
516: 0.972600039347298,0.9846756919457502,0.9623842138187628,0.9124920448690916,0.9575446250879311,0.07101887326095864
517: 0.9732327082371742,0.9842895580218816,0.9625990430909427,0.9126479637992312,0.9571170998284484,0.07097793393341054
518: 0.97273017233432,0.9844895166949591,0.9621041336503198,0.9128599926024908,0.9575870961935669,0.07082603385197724
519: 0.9726160480850412,0.984061429840055,0.9622947762882295,0.9129748273419818,0.9575600190205288,0.07090692743353258
520: 0.9728878271989292,0.9843982203962334,0.9625621918978792,0.9127182498299194,0.9571370867039874,0.07084615883008157
521: 0.972998457966485,0.9842221550470718,0.9624360100512686,0.9125617892693317,0.9573942628638493,0.07137209911621721
522: 0.9723925561912,0.9843686442447693,0.9624611924051264,0.9130694863643598,0.9572803229718003,0.07107174166373981
523: 0.9727174156914974,0.9844189944806239,0.9626550867704724,0.9129401752477834,0.9570136836865576,0.07102740027517192
524: 0.9727828211687212,0.984283286218364,0.9623983138687406,0.9122913530290414,0.9574078735092376,0.07105098989036521
525: 0.9727984963564763,0.9839984104238493,0.9624828001254789,0.9125398908420179,0.9571873039265979,0.07103847823498134
526: 0.9725123368802782,0.984400242573794,0.9624803901291914,0.9128970080020897,0.9576767242286197,0.07108392931878513
527: 0.9728840073227212,0.9846341317525048,0.9624389066429762,0.9129825925261468,0.9571095347637398,0.0709414096710398
528: 0.9725483886739132,0.9843504765025092,0.9624505507153719,0.9126807905423419,0.9573259746613568,0.07098737900897605
529: 0.9726894752064775,0.984389147515189,0.9625687616127577,0.9129105356782826,0.957433408854865,0.07085544710079669
530: 0.9729962950291566,0.9842464435237975,0.9626144712469309,0.912825773786049,0.9575908243618638,0.07095224566825238
531: 0.9728577162130959,0.9842303458011317,0.9625365990003533,0.9128741222217647,0.9574535358846373,0.07096236040885767
532: 0.9727574164192571,0.9844585646737594,0.9625079062050742,0.9123823608617919,0.9573432047471389,0.07116376617909816
533: 0.9728743447570196,0.9841376365129916,0.9623105423600127,0.9124513825473044,0.9570155970482277,0.07088154099240392
534: 0.9729277387886093,0.9844310994462614,0.962248594720855,0.9126340803382647,0.9574843595386544,0.07091620587314665
535: 0.9728823174073181,0.9842878713109484,0.9625426735475645,0.9132095888384417,0.9577108082171156,0.07065071715598899
536: 0.9731625938819132,0.9841300601998352,0.9623408988919279,0.9126954399233397,0.9572051952071662,0.07077337798231594
537: 0.9724795690249122,0.9843511934901644,0.962186107893857,0.9126617352719645,0.9573998278070687,0.07115031539880438
538: 0.9725303017311661,0.984209200109637,0.9623124901829165,0.9124473043670599,0.9570076258645652,0.07131033042181728
539: 0.9726142780243513,0.9840085634226581,0.9622935499670761,0.9127377842851659,0.957230335108691,0.07131076674019371
540: 0.9726722651241404,0.9842029372953275,0.9623866286727597,0.9124816743002022,0.9570065789637962,0.07105563366404338
541: 0.9726460291195057,0.9841969261510594,0.9621942547479309,0.9125458543313747,0.9571852497617954,0.07140695633105947
542: 0.9729163297703062,0.984318206738932,0.9624449708824279,0.9125587630977728,0.957461577677505,0.07117906103774763
543: 0.9727334419161744,0.9843509047375937,0.9624468984011075,0.9126524761608686,0.9572798607015056,0.07122024936186559
544: 0.972851894784211,0.9841393392680197,0.9625021349967531,0.9126505258854436,0.9572999577901105,0.07116584710972747
545: 0.972673871265913,0.9843144471360531,0.9622560399906969,0.9125633701271048,0.9570295489100964,0.07100551891340688
546: 0.9725441903266423,0.9841292695573847,0.962173199904627,0.9127905068596137,0.9572274842135164,0.0709383358271569
547: 0.9727536378714488,0.9842947482366126,0.9623899269411428,0.9127917331433233,0.9573245705824889,0.07111047719155503
548: 0.9725879073331246,0.9843568043393439,0.9623513850407355,0.9127536513569373,0.9572021356363463,0.07104955241619697
549: 0.9724957335333336,0.9842091500242931,0.9622332712548745,0.9123165570318494,0.956977674569374,0.07143169342760695
550: 0.9723868608725328,0.9842456529087074,0.9622164159081772,0.912473038364894,0.9570419694665824,0.0713093884365148
551: 0.9725821045427551,0.9842674178661419,0.9623080382577598,0.9125484383907807,0.9571156668486285,0.07101748635229133
552: 0.9726259551448756,0.98430244828621,0.9623659030020869,0.9124348214573551,0.9571573739122451,0.0711954053139183
553: 0.9726713631724954,0.9843599393543566,0.9623549881456048,0.9122771783751294,0.9572033339247247,0.07116105299882165
554: 0.9725375679116633,0.9843048342494667,0.9624880380527774,0.9125176154990857,0.9575235783320812,0.07107872061185361
555: 0.972921070203146,0.9842681202133992,0.9622905762698333,0.9128007949886712,0.957473932077175,0.0710839178632132
556: 0.9726016396479404,0.98437417675306,0.9622882752577918,0.9125596894031083,0.9572218406735736,0.07110199629454118
557: 0.9726774679889326,0.9842915717987887,0.9622371838133438,0.9124073379409527,0.9569115434484946,0.07117306121114851
558: 0.9726141717009812,0.9841466759537917,0.9626107053310271,0.9127277740115917,0.9571089201118739,0.07104574930186557
559: 0.9725306849367598,0.9841528695289359,0.9623807043504266,0.9125517092883407,0.9572044266848082,0.07116199760286554
560: 0.9727108451683695,0.9843637086512793,0.9625501121557762,0.9125333188022519,0.9573172055261429,0.07084839123490823
561: 0.9724971975055151,0.984275568421338,0.9622712139919617,0.9126526586503083,0.95735363876419,0.07107068246244813
562: 0.9728168564251962,0.9841448950262153,0.9622771265775094,0.9128510718367567,0.9572298891407659,0.0709666894933181
563: 0.9726461604064663,0.9843825068986686,0.9623641210009022,0.9126969482919264,0.9573810869134453,0.07095653748232046
564: 0.9728764033597094,0.9842317592942232,0.9624926919552937,0.9126698778955387,0.9571737132948979,0.07083778907026138
565: 0.9727521091606592,0.9844003107482517,0.9623114765507829,0.9125834890156188,0.9574509716922722,0.07090486649884276
566: 0.9726773403138536,0.9843059847287524,0.9625622838141806,0.9129418895256756,0.9572403064314233,0.07099164372695092
567: 0.9729631212987381,0.9844190008851155,0.9625932481009892,0.912637445965573,0.9574281964397099,0.07085223768504532
568: 0.9727133927462812,0.984478093499416,0.9625877024654393,0.9129133964608008,0.9574468868388175,0.07100130427932785
569: 0.9729075387651002,0.9842921112360178,0.9625228016971042,0.9128186124528923,0.9574651213451023,0.0708979035384361
570: 0.9728529252020555,0.9843736636241988,0.9625753146823588,0.9126811483348475,0.9571172380566654,0.07109521069043263
571: 0.9724994948867691,0.984058991302198,0.9622567501224657,0.9123268115005233,0.9570498258270843,0.0712796047086734
572: 0.9726387845078942,0.9842677796528266,0.9623278415721371,0.9124887425163457,0.9571036757310963,0.07124120453980108
573: 0.9727426676746386,0.9841126709131001,0.9623514208848922,0.9124734818041591,0.9570224273149238,0.07107356658754513
574: 0.9727725687927951,0.9841661374978222,0.962312827740705,0.9126499938308162,0.9571188967521203,0.07103525914969458
575: 0.9726233311342096,0.9841523342766898,0.9621210832882712,0.9125504268448223,0.9568881150968779,0.07137332673030002
576: 0.972549176501147,0.9842119544608433,0.9621064626317339,0.912383983278308,0.9568697750354576,0.07134758653198002
577: 0.9724035598861739,0.9840780274854207,0.962272776695986,0.9123981425571189,0.9569477535967718,0.07127951482095943
578: 0.9726862264521731,0.9842328216509804,0.9624525188604481,0.9125835427753005,0.9573444075328332,0.07117786824746813
579: 0.9727570795750531,0.9843594178096257,0.9623383495551789,0.9127736528222585,0.9574316209859797,0.07108231575623405
580: 0.9728422507778057,0.9844383846150869,0.9624350025702674,0.9128082636538927,0.9575004044193574,0.07079969276652681
581: 0.9729690545030464,0.9843792561652682,0.9625109571367931,0.9127939310214614,0.9574546504827528,0.07095388955333319
582: 0.9728302179159918,0.984388128300553,0.9624754933989871,0.9127686465255048,0.9576631969311146,0.07086215138542612
583: 0.9728773666150495,0.9844799476229313,0.9626549733073535,0.91294089474809,0.957540414738022,0.07089982968399043
584: 0.9728426489938754,0.9844320633514052,0.96242936000662,0.9129563495344712,0.9575225873397972,0.07087236498770669
585: 0.9728880339823982,0.9844186464668294,0.9624340806831856,0.9128642076041386,0.9573510226753708,0.07092615369876819
586: 0.9728562108852703,0.9844378041692415,0.9626209091611684,0.9127910947796158,0.9574712842874246,0.07087170379776839
587: 0.9727513458242424,0.9843151658492172,0.9625850834022419,0.9129056443839916,0.9575499541265609,0.07099259905644163
588: 0.9729110391144757,0.9842775653567576,0.9625711554345862,0.9129053917868765,0.9573399738447921,0.07089342130459546
589: 0.9728026732601914,0.9844171373843853,0.9624516385728663,0.9128502153449263,0.9573344769596004,0.07074150381299024
590: 0.9728777717465379,0.9842705755376081,0.9625645435056752,0.9128033562563178,0.9573710565821454,0.07086975394699481
591: 0.9727765674001608,0.9843204696579999,0.9624680916904462,0.9127621380884391,0.9574864351171924,0.07080956019959261
592: 0.9729272387082203,0.9843917441437522,0.9625977416801245,0.9128687468401832,0.9574564868961576,0.07096404934275437
593: 0.9729084685792296,0.9843564305142007,0.9624816485491667,0.9127853663654961,0.9573158040625657,0.07087124702497824
594: 0.9729380920009162,0.9844191901492486,0.962702090259373,0.9127995687220731,0.9573925519039699,0.0708789609571854
595: 0.9727921405564126,0.9844708132352574,0.9626655784328801,0.9129983576165012,0.9574109772313908,0.07079340038231233
596: 0.9728665823629921,0.9843612022300403,0.9624941161338831,0.9128962744942094,0.9575897640046778,0.07087463031118318
597: 0.9728061207699286,0.9841991626942255,0.9624745133515992,0.9126908234495642,0.9572562806336968,0.07097287698023319
598: 0.9725744283277942,0.984170618224731,0.9624274421474083,0.91256143819057,0.9572702720239075,0.07102843656189002
599: 0.9727476191732501,0.9843872744016031,0.9623940344497721,0.9128108574945811,0.9573435338350647,0.0709744513500096
600: 0.9725139152011145,0.9841445933790774,0.9623371177907384,0.9125047474602694,0.9570020070236751,0.07124839538209599
601: 0.9725619550638629,0.9841852615198217,0.9621280119055359,0.9125479201146185,0.95708255432075,0.07112360556737551
602: 0.9726421321366213,0.9841969776072041,0.9623341761025979,0.9125116407705888,0.9571006986032867,0.07101160630305277
603: 0.9726596344023097,0.9843379558194391,0.9624322338318013,0.9126430247271161,0.9572470904977145,0.0710726980988825
604: 0.9726598978737502,0.9843460231908586,0.9624744074542231,0.9127124398487506,0.9572744612122858,0.07095074322316278
605: 0.9729168000068277,0.9843629420421645,0.9624953362045487,0.912856084615779,0.9574632104032156,0.0708406834274216
606: 0.9721344145429798,0.9839612033712158,0.9618207225347353,0.9118951457795407,0.9564818271625013,0.07165252835930168
607: 0.9727230656726855,0.9843025940214274,0.9624342050018225,0.9125884097707537,0.9572945288366668,0.07101497270704547
608: 0.972725518002744,0.9842702967623411,0.9623118088363185,0.9126220398814656,0.9571490294585773,0.07105085384275597
609: 0.9727215522373063,0.9842623681728088,0.962300995902604,0.912540541218488,0.9571665722471007,0.07109158825427318
610: 0.9726130137753067,0.9841666118086672,0.9623596960720053,0.9125442540140115,0.9571013483637831,0.07122800075903543
611: 0.9726950613944645,0.9842447265714352,0.9623346589426021,0.9126003103987643,0.9571112972172404,0.07118825920444703
612: 0.9727807544555596,0.9842543130157687,0.9624040340872568,0.9127617696097496,0.9573689868374391,0.07091756454863886
613: 0.9726791692627412,0.9842843624991827,0.9623807113628434,0.9126982731063035,0.9571835959597264,0.07116517741389405
614: 0.9726580838524221,0.984321259739648,0.9623841391249431,0.9126526976024822,0.9572573996364481,0.07104440203366205
615: 0.9725967271558312,0.9843463127387149,0.962424238791941,0.9126852465272128,0.9571626569959895,0.07103652808455647
616: 0.9726920889568507,0.9843310396903994,0.9625018700691267,0.9127760809344198,0.9574697466790456,0.0708971709482573
617: 0.9727744019009943,0.9842328989134038,0.9623964267775689,0.9125560229301742,0.9570877487337707,0.07106539240687287
618: 0.9727103152954089,0.9842431761884358,0.9624232777334342,0.9126212246813061,0.957199271117706,0.07111469374512529
619: 0.972667379684805,0.9842580983381771,0.9623973545277961,0.91252697080075,0.9572371058826935,0.0711103400968482
620: 0.9727167148569736,0.9843172781190029,0.9624431465893637,0.9125558647217428,0.9571657957164261,0.07106064795688331
621: 0.9726863180192102,0.9843125482446329,0.9624242260344824,0.9126018476141169,0.9571910327481955,0.07102125263178324
622: 0.9726803115720635,0.9842842680938777,0.9623381280338771,0.912507407044496,0.9572452501985138,0.07101239004769737
623: 0.9726852639588426,0.9842986081319913,0.9624603278576249,0.9126132534166599,0.9572712991908968,0.07113928994200765
624: 0.9727462123895466,0.9843332488067444,0.96247235172516,0.9127518344369049,0.9572674860397064,0.07101203833760403
625: 0.9728455967159639,0.9842863589459939,0.9625007179719064,0.9128068311680887,0.9574019217016368,0.0709576099264096
626: 0.9726730820570882,0.9843387175422773,0.9624256849042757,0.9127517274900254,0.9573427521652192,0.07101524883452742
627: 0.9727864956561164,0.9843576131499162,0.9625344715534638,0.9127115094641644,0.9573404005664355,0.07096122188871244
628: 0.9728071087129464,0.9843686728432484,0.9624808074714194,0.9127149450343227,0.9573140632296978,0.07090727290336102
629: 0.9728162415300456,0.9842709060670944,0.962498952771543,0.9127156971690911,0.9574177354314959,0.07091139174028188
630: 0.9728453817758776,0.9844054386728667,0.962479468792043,0.9127879635795726,0.9574272602533134,0.07091851627347392
631: 0.9728475153096896,0.9843720675546828,0.9625352203091795,0.9127844404368506,0.95740743936574,0.07086309891410837
632: 0.9728051189733049,0.9843455550727848,0.9625305530781819,0.9128112562594215,0.9574360960016315,0.07084558150480762
633: 0.9728102369462044,0.9843529080219408,0.9625766528955172,0.9128548231615291,0.9574883364499446,0.07089844821041993
634: 0.9727828000982436,0.9843159558240876,0.9624293319667098,0.9126588246076514,0.9573007088975362,0.07104002695885524
635: 0.9727093253027317,0.9842656941220015,0.9624062730355725,0.91263920147394,0.957282346035687,0.07101693776703238
636: 0.9727983857354103,0.9843303208111377,0.9625273617033195,0.9127404852906036,0.9573451498065529,0.07100980138828082
637: 0.9727850593377728,0.9843234116624876,0.9624517956734164,0.912793094000822,0.9573737917785371,0.07086608306796863
638: 0.9728233877250549,0.9843525802143316,0.9624607239869235,0.9127887350260874,0.9573488673294053,0.07092406203063638
639: 0.9727439899321055,0.9842862641847612,0.9624268934072184,0.9126959663772535,0.9572866778616488,0.07098002047275775
640: 0.9728211777929052,0.9843313519333743,0.9625066950424144,0.9128417362663324,0.9574050059532604,0.07091474035622763
641: 0.9727736170469146,0.9843058229942989,0.9624597593087104,0.9127894975257074,0.9573742504966696,0.07096315455768991
642: 0.9728113588006149,0.9843970652195883,0.9625316453109634,0.9128023858833868,0.9574737529039413,0.07092418224740764
643: 0.9728646407917287,0.984381450099483,0.9625704463683151,0.9128579008971661,0.9574756181570534,0.07088929135716097
644: 0.9726799459949812,0.9842041396510292,0.9623671652370529,0.9125931804885917,0.9571864245775654,0.07108329997859054
645: 0.9726152719689628,0.9842895874778838,0.9623189560008917,0.9126816912928276,0.9571993631213846,0.07102397111021115
646: 0.9726872473312852,0.9842913691569061,0.9623657501428458,0.91268345467654,0.9572566454326197,0.0710674337881245
647: 0.9727563565548669,0.9843212149853885,0.9624638020348638,0.9126781079885463,0.9573109055977881,0.07103242354959462
648: 0.9728065541115563,0.9843152122873663,0.9624568826880499,0.9127488475835488,0.9574267371171469,0.07093492326795492
649: 0.9728418096151736,0.9843746654915649,0.962525477757753,0.9128691311483293,0.957405995027401,0.07087203217002724
650: 0.9728413926301017,0.9843800049138111,0.9625705142776955,0.912880300323763,0.9574639939835964,0.07091515123940764
651: 0.9728730728767522,0.9843622733480923,0.9625236038185723,0.9128114814032006,0.9574555884813901,0.07089915986823046
652: 0.9727969582839632,0.9843405612802052,0.9625492134443275,0.9128020153831256,0.9573975639125111,0.0709116400644784
653: 0.9728731196261285,0.9843816035923451,0.9625797284305814,0.9128644700081534,0.9574400711823043,0.07084890277023174
654: 0.9726067149247403,0.984207985872864,0.9623010777021577,0.9125246849517391,0.9571282272929664,0.0711639252917743
655: 0.9726626363599463,0.9841885868410152,0.9623247690534031,0.9125090827523666,0.9571481717461585,0.07118261308394928
656: 0.972685142672486,0.9842640998773201,0.9623892221869833,0.9125729636264371,0.9571628348524032,0.07108571031842122
657: 0.9727187658341131,0.9843080715715783,0.9623855895898374,0.9126003671260373,0.9572126439444857,0.07104884015641712
658: 0.9727840992639056,0.9843501152227341,0.9624726871129874,0.9127349082820699,0.9573338639553531,0.07093937122824212
659: 0.9727375552391543,0.984296623567363,0.9624579468049542,0.9126705463056108,0.957302310737219,0.07105923158701663
660: 0.9727871017574169,0.9842982884474075,0.9624740630984772,0.9127588823758348,0.9573589770498475,0.07096779581407084