1: 1.2978331242591317,0.33804047857318764,-0.13938591185007054,0.001203394368562316,-0.03640027144674807 | 17731.03
2: 0.6867726370455036,0.1932781014372969,-0.05656380030420893,1.1719584812240755,0.26045868466688693 | 21667.14
3: 0.511414211146798,0.9040718831695372,-0.2795969127487121,0.6896688534562494,0.8146311310113252 | 20452.63
4: 0.29070076133498013,-0.35513186977816946,0.1568027393420407,0.46748202498972224,-0.37230728738480967 | 21667.14
5: -0.21064542900758187,0.549990961866639,0.921468011843001,0.36782184395971484,0.12362798634297123 | 15993.84
6: 0.8644169943310613,0.25041733715559933,1.017577350430197,1.679607856528768,0.4978001715854474 | 22796.04
7: 0.11576820049115077,0.12512804372564845,1.236975473957327,0.283392965171959,0.18492012470150143 | 15993.84
8: 0.41584703091494224,0.04130659535080233,0.5947800310634144,0.0218631147063284,0.2545471952372355 | 18918.41
9: 0.1295525466930279,0.5829649166459538,0.561091901828695,-0.4166187179843073,-0.1489432856519367 | 27935.5
10: 0.8068628423567958,0.5713878356332965,0.1845246791986052,-0.05015462213724364,0.13078756962024057 | 17731.03
11: 0.4488859178944486,0.7229898879275676,0.3951510783058367,0.7451601926524178,-0.010905043552179638 | 28387.65
12: 0.03593515335324782,0.331807569311566,0.13101510543206307,0.2396001810811077,0.48108051700326876 | 20452.63
13: 0.9144150925216188,1.2591180010722114,0.4895093521743504,-0.10135186324031276,0.23003803942547374 | 29319.65
14: 0.3438646014874275,0.46030372548698395,0.3117769842550892,0.7404237751241348,0.06981384443406907 | 28387.65
15: 0.5129267011442256,0.8631063550909054,1.0364747824289178,0.8547381734898569,0.8960536652059452 | 25086.34
16: 0.7556074592374905,1.1026030092453574,-0.11285891370312606,0.7224664768577033,0.24985681290775558 | 20452.63
17: -0.6227627860054692,0.2541224740886588,0.48626433225972004,0.801873126418822,0.22999638316733345 | 20602.08
18: 0.9680090842083227,0.41369807633067307,0.7128167299271535,0.12624085828959208,0.9443209506133954 | 30560.53
19: 0.2959345464259525,0.35946932322884956,0.22235155004325913,0.600252961611606,0.7614149685834841 | 20452.63
20: 1.1130860757123844,-0.036526969806291554,0.1594350760117471,0.5760545940953473,0.7749662196577549 | 22338.19
21: 0.4055066709444049,1.0740743354998452,0.209909381788639,1.2290456254410573,0.41915061403094767 | 28387.65
22: 0.40994153491582674,0.09763708396811566,0.10570163618586847,0.4367587186337042,0.8067863734432728 | 22338.19
23: 0.22109105058717893,0.4335473705415856,0.04140448680077796,0.542218140605226,0.5798139267420913 | 20452.63
24: 0.7486931980442275,0.4934208470408851,0.44646116752353426,0.5508842980550857,0.8733121363818681 | 30560.53
25: 0.09936690851798485,0.7296223833776418,0.2385359125313738,0.372213073183121,0.36836892667730675 | 20452.63
26: 0.3584450941288927,0.4434313191552106,0.3884755328520385,0.9306511267317277,0.26301949125615287 | 20602.08
27: 1.2834297898755551,0.2799549328858778,1.0305359529512552,0.030383852904245445,0.032344544163019295 | 18918.41
28: 0.517201803990609,0.6787315137431617,0.209998174623856,0.9622682723355124,1.194888317215498 | 20452.63
29: -0.1621352384289435,0.20424257393505635,0.48285379942327034,0.13656109381659648,-0.23627465355774213 | 15993.84
30: 1.091038156184465,0.5137542576778471,0.29361169512949603,0.445048406621335,0.5439502222700133 | 30560.53
31: 1.0795558114246702,0.6114966861032569,0.6638172980539189,0.577117126595629,0.8767195597651942 | 30560.53
32: 0.4489494045969899,0.21854960349306246,0.3870671976723435,0.5615729479240508,0.352939443373898 | 22796.04
33: 0.6715169595351471,0.832126475219763,0.5833699650898305,0.04434150497159878,0.5818324029873178 | 29319.65
34: 0.03048345202567998,0.3096959207888993,1.0250654571350966,0.7347392905794274,0.949537397720041 | 25086.34
35: 1.2874408288318464,0.19149673173861698,1.1126660296005033,1.5117519532819013,-0.23212939462487803 | 22796.04
36: 0.8123093634749763,0.04424705367040804,0.640886727751694,0.9733698982428396,0.008122211911944455 | 22796.04
37: 0.7463688424583941,0.8025192351811008,0.5558588018915982,-0.05215605918485444,0.698070921240606 | 30560.53
38: 0.017567874469262668,-0.4252457339068063,0.6471426938855211,0.5477668890396215,-0.11906154405630187 | 26935.38
39: 0.10782179718846724,0.7565976490618633,0.9063359735307869,0.23751045306656354,0.31557017117560227 | 15993.84
40: 0.6526323032706363,0.46452721141709463,-0.09101269262823064,0.8219214825375369,0.41198564139098837 | 21667.14
41: 0.18745064678374795,0.5460767956060444,0.010096631528744793,0.429085563227316,0.42804276495684396 | 20452.63
42: 0.13606241451178763,0.6353863116258799,0.8198303479941542,0.7485749197457991,0.15195526190712977 | 15993.84
43: 0.4150692624787936,0.2484018084668819,0.30088776490798297,0.9485314229839262,0.9002273777578729 | 32611.12
44: 0.46114116312241926,0.45665514012685743,0.8508613485090023,0.2999518951991987,-0.03136032389751847 | 15993.84
45: 0.8305345935671218,0.48866249141119505,0.571179203673452,0.4718334773443129,0.9402839333126971 | 30560.53
46: 0.6911742538109988,0.973927110358626,0.9628306604145098,0.3224986613293883,0.4124369636456876 | 25086.34
47: -0.39840455513567485,0.6789382853696461,0.7621536048170352,0.514964360012901,0.7852567750979256 | 25086.34
48: -0.19413057762939567,0.1982293667997218,0.6698297213286313,0.681891024118888,0.28964696237117527 | 20602.08
49: 0.39851975337806395,0.6947510164868258,0.5528199266445956,0.358299303569661,0.3339914340035707 | 25086.34
50: 0.611790070029616,0.426782672973756,0.6168060341406546,0.8648744217164877,0.3869961930127861 | 22796.04
51: 0.36983352875674275,0.741372023491798,0.6904215199000762,0.7691217958496848,0.5295979970467657 | 25086.34
52: 0.03418226169250316,0.11151629405016389,0.38065927904842195,-0.15078506668885594,0.4220281368171755 | 30938.11
53: 1.0574245181631685,-0.010275557077018549,0.6497592929725706,0.07072226410337579,-0.10990235714760399 | 30151.21
54: 0.6439475742230706,0.4130008720620517,-0.22906746374820053,0.842632387772698,0.3297397396506577 | 21667.14
55: 0.21204621642102772,0.678878531506059,0.2629507190430652,0.6706021270612126,0.23233811930098874 | 28387.65
56: 1.2914769548184322,0.3340227738688585,0.5477036391197164,0.493361083553708,0.5380410695938841 | 30560.53
57: 0.48167372470507125,0.5686397456147202,0.1214469667624738,-0.1556249114035141,0.40611233855483536 | 29319.65
58: 0.2181938927710858,0.5388041428295745,0.7295311101875082,0.760012220079416,-0.09032521409687233 | 28387.65
59: 0.6805554690240879,0.817273490111315,0.16234423874963988,0.6981133825355996,0.4500343854801604 | 20452.63
60: 0.6823289170443101,-0.06619219073324978,0.6371748169208247,0.8727353535155602,0.33047583540646575 | 22796.04
61: 0.684357916200796,0.5449588345946151,-0.059553081283882814,0.5140406205407108,1.1931786345250068 | 20452.63
62: 0.06346381820153152,0.7107139940884006,0.06696985759151047,0.6683037656665404,0.3924369651581078 | 20452.63
63: 1.0240494203749466,0.15341292599989198,0.2855121834874424,1.0597969632478925,-0.17287038343228944 | 21667.14
64: 0.42053824364798503,0.7914456235852658,0.356315953618071,0.5462701375038674,1.1502792783137101 | 20452.63
65: 0.5420447690024311,0.5738436182588145,0.6497835463301718,0.11145028801327511,0.7362846815895228 | 30560.53
66: 0.3179277382979366,0.26208036821199765,0.12362144329193747,0.14942738559074242,0.17699112141660356 | 29319.65
67: 0.5167322325883437,0.9451126295895502,0.6073599229620762,0.5125907918654073,0.4206772294528085 | 25086.34
68: 0.2989841045476124,0.08012455187583695,0.2782563475023707,0.20965579962114222,0.05457773444290931 | 22796.04
69: 0.5084352068781508,0.3206799467280343,0.19595468600908272,0.6099062591630044,0.35235139765590795 | 21667.14
70: 0.9000255786446569,0.8670284961516604,0.06457429296997352,0.4462594246640525,1.0225043836137218 | 20452.63
71: 0.260977939473235,0.4858355043276133,0.17400020357560192,0.5650976139408946,1.0102895891328334 | 32611.12
72: 0.502635574637222,0.5079923346568398,0.7136164381726987,0.5189388441817064,0.4987953389039483 | 25086.34
73: 0.7793936529639887,0.12425235255242029,0.8996752022526966,-0.08712492042986086,0.4242838578748842 | 18918.41
74: 0.7459806951264609,0.41622454062046055,-0.016242017674830467,0.3419003846947493,0.46012389848138313 | 22338.19
75: 0.5799172577139925,0.4017395593936324,0.20913246307441397,0.5410879964562384,0.2822034808154109 | 21667.14
76: 0.3937420636826864,0.9978901576087582,0.0850492783769301,0.5683896620433078,0.5222662439164332 | 20452.63
77: 0.5990437749462787,0.8164900065637326,0.8271083248108166,0.8303950102854799,0.8736711899758958 | 25086.34
78: 0.2218173951746722,1.3207547329127638,0.764298487441944,1.0201041980242087,0.5602460285756938 | 25086.34
79: 0.3555289960707269,0.5732962741615267,0.436118774502056,0.4965392072347463,0.5907885615467658 | 25086.34
80: 0.49111838077232256,0.7437845432728327,0.49816401717413517,0.38104365258526784,0.7488565096688573 | 25086.34
81: 0.37142443727255214,0.39466580071273305,0.7777712617364161,0.012175376434244822,0.7224755606808501 | 30938.11
82: 0.5492632332357208,0.6134802756386398,0.593764346185417,0.8513868578501347,0.5803411114516625 | 25086.34
83: 0.23349783010098568,0.6332669929554104,0.079371429282656,0.41305503318217773,0.39342096749200967 | 20452.63
84: 0.4570416505474955,0.5221287117143414,0.5501681835323188,0.7279524583615011,0.31525702880892403 | 25086.34
85: 0.33460478244362507,0.8904833512177135,0.3627586965702939,0.07948345588296457,0.806711029318824 | 33743.43
86: 0.617614158281478,0.8592148993500976,0.9404656433440213,0.3621304822941259,0.44570668420112997 | 25086.34
87: 0.2701483915305962,0.1849569876306738,0.13580459919266435,0.577978309066062,0.5361315861719682 | 32611.12
88: 0.74293665454364,0.5383978760395921,0.15436627205442022,0.5134598416323733,0.26910948827561004 | 34956.64
89: 0.7205547180227209,0.5194336831754379,0.661688637867083,0.1907485052076293,0.652667687218218 | 30560.53
90: 0.33220677418875855,0.7597306640292716,0.5986462114861034,0.3616173354201092,0.3412408347167167 | 25086.34
91: 0.19446356361566153,0.7292886832308775,0.31130171428601977,0.48640745333835683,0.7616083325089181 | 20452.63
92: 0.527324002992457,0.9226285714850074,0.974090253846944,0.586555546766623,0.6772800816178629 | 25086.34
93: 0.36440463539997164,1.0798227136732463,0.6306091041598002,0.6810624376157932,0.2462187816811407 | 28387.65
94: 0.5547483112266067,0.599744430365403,0.735791147094514,0.2950305477874763,0.6074449284014392 | 25086.34
95: 0.48956472561413306,0.9204030555479052,0.5231368995978126,0.7180399360856229,0.5888954250787121 | 25086.34
96: 0.4232375124260937,0.5292236241862073,0.6110573261979866,0.14347135068907105,0.5572743699683453 | 25086.34
97: 0.5299063375447345,0.8991590375255842,0.45382248979035733,0.359837636876163,0.8507784255980472 | 33743.43
98: 0.8356769193371952,0.9152713880621359,0.9135880462762768,0.43868380800940765,0.6993267460805861 | 25086.34
99: 0.4032952868953157,0.9671092577730833,0.6575143039285024,0.18217907253519533,0.46293441484732967 | 33743.43
100: 0.37096744802629167,0.6692975126734405,0.415132837550668,0.14427147035203414,0.6650005177292007 | 33743.43
101: 0.5159129873883991,0.2942168252578641,0.5714837884014824,0.3441401893414753,0.7431560716871259 | 30560.53
102: 0.33736101428037146,0.5693181822526144,0.5586637228109809,0.3189336174519729,0.7609737109355224 | 25086.34
103: 0.5355564232068515,0.5391168048604184,0.4810270658122417,-0.00148122948314644,0.5134719135927771 | 30560.53
104: 0.2855075125626532,0.4415637044241114,0.5811399063673006,0.27651775974249376,0.6546805821961279 | 25086.34
105: 0.621363448667426,0.9472921831854793,0.555083252326513,0.44633986712817164,0.6883367004708417 | 25086.34
106: 0.38177840980081934,0.4998441828976854,0.7017994068108203,0.09406207306907186,0.581257846099193 | 30560.53
107: 0.10653065753109597,0.790479120578532,0.5205332583518374,0.12238429086145017,0.5121482829793667 | 33743.43
108: 0.5396942049182442,0.8692411302776452,0.3869231206231807,0.6255471183157355,0.5419286875657082 | 20452.63
109: 0.7068040582098938,0.5453395211968969,0.7109061223444403,0.3589169552862158,0.4785983746853487 | 25086.34
110: 0.4859382529105303,0.6505818701895918,0.7640954287099895,0.40373539863282115,0.9014212047785918 | 25086.34
111: 0.3988062718157962,0.5128498709958387,0.4563927295087868,0.3722806084455461,0.6359272217882121 | 25086.34
112: 0.38407408490672873,0.6013954114063773,0.6834227805978041,0.4283480244317021,0.5192856528053367 | 25086.34
113: 0.20541504997391197,0.5567827450715197,0.6641215793538094,0.20608178407855815,0.7317397533044518 | 25086.34
114: 0.2992025834137977,0.6597736710996893,0.30994508002233856,0.6716933312943181,0.6488683786254293 | 20452.63
115: 0.5676839494834849,0.968969886862839,0.252111709200922,0.5590832768406246,0.8689133462021412 | 20452.63
116: 0.634644877501656,0.46961140499812526,0.5493988299001711,0.5014070369166075,0.5584153813080056 | 25086.34
117: 0.8139707493813098,0.6568199848558918,0.7574523583800792,0.36702460751180827,0.5749235070545866 | 30560.53
118: 0.8127242032305522,0.5602334687296058,0.25134712058124764,0.06556791710166515,0.7112869749977373 | 30560.53
119: 0.2987146795029322,0.774753279626206,0.6339599029655654,0.392106019498117,0.43516947136415035 | 25086.34
120: 0.624787916370629,0.7559234521727469,0.6201396413512641,0.4368817741597124,0.5789540442437299 | 25086.34
121: 0.5958967749670004,0.745672960932039,0.8618113108244955,0.46405558561361965,0.7367176810760607 | 25086.34
122: 0.3697726259345757,0.7563378958116005,0.7567960050177807,0.32551198147200966,0.6435267169346897 | 25086.34
123: 0.6900427675341972,0.2772337732774333,0.7045608218025076,0.48497032366753395,0.8079365554899585 | 30560.53
124: 0.7562163512569858,0.5337830950175607,0.5850253324601214,0.2888418127484937,0.8044911881025171 | 30560.53
125: 0.5565482454329701,0.6246028923574233,0.4812919105742046,0.2723584562933067,0.5370201018525971 | 25086.34
126: 0.3856816681897772,0.6255323639149244,0.8077355714650569,0.23133698637598207,0.5804940649660679 | 25086.34
127: 0.5090899507089024,0.6450857468713125,0.6937255104450643,0.3583805023669225,0.6848461238994529 | 25086.34
128: 0.5268498436886234,0.8976240190263223,0.4995131511605064,0.2065109056709441,0.7322184723961018 | 33743.43
129: 0.4919759679548096,0.7807880572347533,0.48252462881705727,0.41473459724719874,0.9345006963182487 | 33743.43
130: 0.51823919423285,0.7924184369082095,0.5866170481659038,0.1759099482231718,0.6519484369098048 | 33743.43
131: 0.6567023269136917,0.5682469427596554,0.45249016988020624,0.5379366432120478,0.8562098550618801 | 25086.34
132: 0.07827432283418573,0.5006096016069397,0.3102189858634314,0.1737495390889432,0.5366070150811213 | 33743.43
133: 0.6189975959293188,0.5612462543635791,0.5313501036621732,0.5131695007202759,0.5032068161431599 | 25086.34
134: 0.3633301960201951,0.4079264047356944,0.6414895789228815,0.19890904685919492,0.5801456518794905 | 25086.34
135: 0.434334328017045,0.8473294509563223,0.7110246604650243,0.12897746649062308,0.5698675735985214 | 33743.43
136: 0.6390626223656379,0.5855792017736192,0.4985771622222551,0.2083149381037609,0.6108335687153508 | 30560.53
137: 0.35910611232732037,0.7139189796371023,0.8136319767241562,0.3959320365154383,0.6329820829567765 | 25086.34
138: 0.4527391995460702,0.5467583777071069,0.5406528994840594,0.500138229968369,0.7043588394723812 | 25086.34
139: 0.6317578495880064,0.5932088573095543,0.5010652269613316,0.20705271192760694,0.7439251439302679 | 30560.53
140: 0.6704126393465142,0.8123158913432051,0.8017009044896937,0.49380910964974345,0.6642759558066955 | 25086.34
141: 0.5477474863553407,0.8689772997566525,0.5249951639294084,0.12680539008269567,0.6306032205585036 | 33743.43
142: 0.5631147347624565,0.6312261238290935,0.5834300393459829,0.3954415370853668,0.753325557624651 | 25086.34
143: 0.5108495073578541,0.5940117086754504,0.3801758895576716,0.24564856795654205,0.8664842190986161 | 33743.43
144: 0.31408822873697895,0.7775158199528531,0.3744832038344002,0.42566908335065384,0.6516978062054027 | 33743.43
145: 0.47065992572563736,0.6313842860427875,0.6306966946519086,0.2197410498607308,0.6980791590459695 | 25086.34
146: 0.4285839530486127,0.4571012465552662,0.6883782741399411,0.4069264468475542,0.59841549534081 | 25086.34
147: 0.6316556241486396,0.5522106087761521,0.688275920756817,0.01502461642926628,0.6778897813436805 | 30560.53
148: 0.6322394703483155,0.8129654893534174,0.4765479464862842,0.32013912307073206,0.5530696996674864 | 33743.43
149: 0.6253266357258438,0.6702746346800695,0.7698715768240372,0.17675691562662993,0.7803480909071561 | 30560.53
150: 0.6515792047056014,0.8142732941101285,0.740048405905901,0.31237128415866827,0.8841617483889668 | 25086.34
151: 0.7458005904407121,0.6548857538621438,0.5735759603914479,0.23103899003456047,0.4459620214950417 | 29319.65
152: 0.4878586659356756,0.638856359776606,0.44926510786244134,0.3448054844590885,0.7417112421173537 | 25086.34
153: 0.6396076298879178,0.7345246072734464,0.6463614542370989,0.39452297454981056,0.7825581704893768 | 25086.34
154: 0.652880974154049,0.8227809081105251,0.6158948818213691,0.34203540723508025,0.5717125232656604 | 25086.34
155: 0.5249671587431043,0.7887351692831741,0.643262089894566,0.30547495069467206,0.709860334932579 | 25086.34
156: 0.5999857435994183,0.6456906106975493,0.6597257404645802,0.3475295810627119,0.4449516447322234 | 25086.34
157: 0.6803219202600004,0.8889252532120437,0.6813469793398089,0.354115525483462,0.6274114904344256 | 25086.34
158: 0.548013647199302,0.7547067078433684,0.6409438922332479,0.3204549261948562,0.8455347506881844 | 25086.34
159: 0.5023020899881856,0.6195105482409335,0.6864679130077339,0.3611459044853749,0.5797264617681266 | 25086.34
160: 0.6450543692723159,0.7219746685375288,0.5922356879614097,0.3697247278613801,0.4596627690686177 | 25086.34
161: 0.5329597055007531,0.4856968021479936,0.45929522194823813,0.3108510322864061,0.6969135382111039 | 30560.53
162: 0.5313471136756406,0.5721013913529144,0.7212814982741071,0.3521279766513247,0.661582320629375 | 25086.34
163: 0.6060619367378933,0.7722981361008137,0.4324188699549226,0.4590105359542157,0.7627778648573355 | 25086.34
164: 0.45584425841873377,0.6155267788103493,0.5305005510359343,0.26089492098469813,0.7604182298948846 | 33743.43
165: 0.6703297500555632,0.6753717143478762,0.6335514318598607,0.3853193931144356,0.6377879913042704 | 25086.34
166: 0.6663228062418698,0.7803918492616045,0.7181481346491788,0.2645572168017209,0.7204386648800075 | 25086.34
167: 0.5686755847079844,0.6216348671713483,0.6290674879046425,0.42422108513943824,0.6904814664066244 | 25086.34
168: 0.564496244371906,0.6385294506651112,0.600263733352672,0.32100857051283027,0.7610635973851625 | 25086.34
169: 0.5538956487397197,0.4896525929071005,0.6557779477447437,0.2996350230820505,0.6126005853488169 | 25086.34
170: 0.4719474026679735,0.5695037040817353,0.701558716388037,0.27940992625783323,0.5663979929631748 | 25086.34
171: 0.5664352038209903,0.5667346366512822,0.607866000928248,0.29274381244524805,0.8522313980639644 | 30560.53
172: 0.41555281376192166,0.7772162803924384,0.6468795068449309,0.37631406856519933,0.7184870353772513 | 25086.34
173: 0.5835284950039906,0.6640049684284756,0.7067842016508697,0.38545341498642266,0.6839062966948669 | 25086.34
174: 0.48851097597407855,0.6499697693091759,0.6911149015781407,0.5654805513681262,0.6580667310044878 | 25086.34
175: 0.5019188551257014,0.7440043405979099,0.5564014089786025,0.26597718704297646,0.6773126293535641 | 33743.43
176: 0.598353870668513,0.7452150846884841,0.7263348148113391,0.28074072954821605,0.6502054565539706 | 25086.34
177: 0.5208140283046063,0.5842385650929494,0.5188751174495462,0.2553943801040157,0.42598533630930435 | 25086.34
178: 0.5607158383327869,0.626269772649084,0.5314952052108249,0.42781128110902583,0.587278255307853 | 25086.34
179: 0.49819890692671015,0.5471788335329522,0.6331845975568757,0.30330110274505456,0.39339302041639157 | 25086.34
180: 0.5160487973469083,0.6361345843001494,0.6906680587902533,0.4402014030563244,0.6342546047803377 | 25086.34
181: 0.4117714021692902,0.6564882764107949,0.7061216432887218,0.42764869583988263,0.6607111020889747 | 25086.34
182: 0.4450950203752416,0.718510153100833,0.6043762928376033,0.26365740529680276,0.559235463083044 | 25086.34
183: 0.5062097407045174,0.5994608294453926,0.7416406176023327,0.14357682703806574,0.7411734097245283 | 30560.53
184: 0.4695261615430127,0.5954441325637759,0.5686604582475696,0.39553485257306115,0.6473109320412755 | 25086.34
185: 0.46469594208396087,0.49459949054437863,0.5900649136116654,0.38970497704086926,0.5538964579191993 | 25086.34
186: 0.5271586270438242,0.48611861389170263,0.6727008747579732,0.4033173698296066,0.5499088924446175 | 25086.34
187: 0.49535992105571464,0.4177230532626793,0.5309768353327974,0.31975962806368946,0.49652339177591576 | 25086.34
188: 0.5810797935307127,0.5526866705075966,0.7044186939664667,0.4222085371640373,0.6739161939710182 | 25086.34
189: 0.6071471327266842,0.6680166752997336,0.6942956040461753,0.22549853971194866,0.6898148501235468 | 30560.53
190: 0.5225879627263501,0.5262732368555458,0.6143455698038414,0.2758212016202256,0.6003420882576093 | 25086.34
191: 0.598632747321203,0.24720881172108317,0.5449222982207995,0.5584994958979055,0.559571201845934 | 22796.04
192: 0.5649059719664045,0.586577139007801,0.5866065386675738,0.31441807045238784,0.6745477924922001 | 25086.34
193: 0.5461533028792027,0.5861595787757921,0.6578217112259641,0.2218938812189944,0.5065672141172954 | 25086.34
194: 0.5261612446462418,0.5672145863782396,0.6742054939373275,0.3723639846306094,0.5002952707225021 | 25086.34
195: 0.3913373759685494,0.5703327465689274,0.5461879853553953,0.25347428096446895,0.6063709834071981 | 25086.34
196: 0.4852675305094845,0.5384410430409767,0.688880566015029,0.36928107928359527,0.49083217472333535 | 25086.34
197: 0.4877272761490362,0.3493898708483003,0.44581235394536745,0.4633147699729014,0.4603590516201205 | 25086.34
198: 0.6167687505843473,0.525678240293771,0.5838001240608339,0.3318390248023724,0.4791690302931532 | 25086.34
199: 0.5089612280243178,0.5298177711185379,0.7445363262703669,0.1957440952917277,0.511378368706999 | 25086.34
200: 0.5959116248032431,0.5654168921859349,0.5357111628239246,0.3671414516797503,0.6771400112298426 | 25086.34
201: 0.4572848099924392,0.630881544068335,0.5422029282762562,0.2079493889476498,0.5250952011496817 | 25086.34
202: 0.5018227230241218,0.41483727157580486,0.665056974916191,0.3021933212759455,0.5161654427197755 | 25086.34
203: 0.5533984982441827,0.5712748687526497,0.6990956644641398,0.2756675634452792,0.635885457194315 | 25086.34
204: 0.6255945487141072,0.6247768312307664,0.6242829590935867,0.3332187276027815,0.5240201471852863 | 25086.34
205: 0.5452153958579494,0.5073965465595777,0.5515632353177096,0.2578936134275664,0.6588281365563465 | 30560.53
206: 0.5281499912758509,0.6631099004435923,0.7051351014784814,0.36254377010100847,0.5248022298395831 | 25086.34
207: 0.38977542333512066,0.6092265121014631,0.6632063607753809,0.3051384015059752,0.6263397918006149 | 25086.34
208: 0.4649038228098482,0.6650590978375029,0.5395215535164958,0.1974949402693074,0.5529178804668891 | 33743.43
209: 0.5400358355262459,0.5923878874275832,0.6259584883521515,0.36781135562846656,0.540544685309965 | 25086.34
210: 0.5071753740965809,0.5437746315407932,0.5686556549881469,0.44765617736391533,0.5674912139831816 | 25086.34
211: 0.4975275723634196,0.5180481291742582,0.6178681814510992,0.30890946536520064,0.615888034085643 | 25086.34
212: 0.48196938170155296,0.5654321331361896,0.6134094985281482,0.321830186288956,0.5941292294819722 | 25086.34
213: 0.4205876454634197,0.7034487670961325,0.572581976746863,0.2767642653442367,0.629964867707055 | 25086.34
214: 0.5425229970337426,0.5604405588404856,0.6617353502727767,0.29944995121606427,0.4655681613646932 | 25086.34
215: 0.47116986045961695,0.626375117310722,0.736258267358959,0.2593927353379447,0.6074738013696229 | 25086.34
216: 0.4914938826467648,0.5554349773868995,0.6310266085822126,0.26875815880910225,0.6307067180033968 | 25086.34
217: 0.48140316603226563,0.5189856619619149,0.7101669052721177,0.151835223270654,0.7924568525556339 | 30560.53
218: 0.5906575581502203,0.3821345322273517,0.5492708673713781,0.224868527358703,0.573526404149094 | 30560.53
219: 0.5321452703124001,0.47774894123262224,0.7568031381901554,0.31324814660813805,0.6421097713363788 | 25086.34
220: 0.4904440286261855,0.44726785571875133,0.6716664891532668,0.3458559030699055,0.72709241132914 | 25086.34
221: 0.5416817570916264,0.3395247485300321,0.5519868594727285,0.25411429590045703,0.6685539780014688 | 30560.53
222: 0.5051267055380384,0.578625596602773,0.6762133545275517,0.268247634795285,0.6785606109473096 | 25086.34
223: 0.5021069414938718,0.5638406634966308,0.6719836489989296,0.24055192762078204,0.7351228854743372 | 25086.34
224: 0.49381274203285336,0.5847768201488077,0.5836796403285243,0.240763759208455,0.663534883572002 | 25086.34
225: 0.5339152421130982,0.4408850982994183,0.6157171945625217,0.2969607958565867,0.703613942787868 | 30560.53
226: 0.5473042782388712,0.5712667133284093,0.7348021364166385,0.18465729078878856,0.6831601823026391 | 30560.53
227: 0.4919236006890266,0.5712616793105184,0.7853048627837338,0.1029014261006179,0.7825363161771263 | 30560.53
228: 0.3938354105832469,0.5462978010479178,0.7410269460580062,0.28552786941807856,0.5626419420066479 | 25086.34
229: 0.516965820274056,0.4688779024049094,0.6493701293111871,0.3219128802135403,0.6741717240607014 | 25086.34
230: 0.534608994234547,0.5421702769381277,0.5764705152529981,0.3721742572086307,0.49595333038264267 | 25086.34
231: 0.44427813254257165,0.4474410250596593,0.6002860220306719,0.4534889508919211,0.5664340590897139 | 25086.34
232: 0.3613379620380631,0.6457746627926064,0.5871320427773641,0.34365416250101366,0.5130992098474706 | 25086.34
233: 0.4803465961086832,0.5464221367344207,0.5724103628251089,0.2825298255772353,0.5551370573679002 | 25086.34
234: 0.4458757550343746,0.6375269272373607,0.6642854779417957,0.38867093500521094,0.7056674399540758 | 25086.34
235: 0.5279799619206321,0.5562847186220111,0.572395292566072,0.43931095755401445,0.6515455389986933 | 25086.34
236: 0.5297782439721457,0.5416332874615325,0.60824888955104,0.3045265480685026,0.5587770307373292 | 25086.34
237: 0.520008046322511,0.650016919499397,0.6350785296722968,0.3477714492252258,0.6655431785422666 | 25086.34
238: 0.5272891561462617,0.6329400945199326,0.6870138138641865,0.2866612356942452,0.6564257257623298 | 25086.34
239: 0.5695444248671829,0.6189651199925826,0.6467098441731152,0.3116506790514271,0.6233778632679979 | 25086.34
240: 0.48972405510420425,0.4672858052993612,0.7004901182380137,0.26388626188317804,0.5344802593401341 | 25086.34
241: 0.4878877485960406,0.5537290647520451,0.6252285086132089,0.18010826193885615,0.7295643025391091 | 30560.53
242: 0.490900998528043,0.5747715456451984,0.660109607127846,0.12909404643288563,0.6104737298515714 | 30560.53
243: 0.5295881754983874,0.4997598027498415,0.6663561580072934,0.23687328023037393,0.6384203080985579 | 30560.53
244: 0.560215560441116,0.4423527731329705,0.5943716452396874,0.20592213667835518,0.6548839726658127 | 30560.53
245: 0.5012224703662947,0.5222827625189126,0.6854466809857233,0.3401416193194758,0.5576687342818395 | 25086.34
246: 0.6384108138236887,0.4920330321688202,0.6434234987744928,0.371905760086896,0.43981110160267867 | 25086.34
247: 0.5278379070739764,0.4550408469409149,0.6394018689419101,0.3289506335440566,0.5482038820389259 | 25086.34
248: 0.5314805994869277,0.617824286125366,0.6338577798990453,0.30348060905814117,0.5899151459485262 | 25086.34
249: 0.5768238391304339,0.545652696581016,0.6394916521292088,0.3565656063946796,0.5582514726023995 | 25086.34
250: 0.5438535710933894,0.5359305876598328,0.6214382054519525,0.361961749374687,0.6165327066581273 | 25086.34
251: 0.46207056070215424,0.546334852701365,0.6733967829982669,0.4311733088871122,0.45374083372788115 | 25086.34
252: 0.5435052514076233,0.49160879850387573,0.5570423603057861,0.48010358214378357,0.43157315254211426 | 25086.34
253: 0.5374492406845093,0.5504606366157532,0.5756879448890686,0.486777126789093,0.43744125962257385 | 25086.34
254: 0.5217940211296082,0.622653603553772,0.6277855038642883,0.39125654101371765,0.531732439994812 | 25086.34
255: 0.5194324254989624,0.6030080914497375,0.6389005184173584,0.35638514161109924,0.5578046441078186 | 25086.34
256: 0.5157633423805237,0.5665742754936218,0.632576584815979,0.3246312439441681,0.5806136131286621 | 25086.34
257: 0.5179482102394104,0.5522794723510742,0.6233149170875549,0.32658281922340393,0.5739522576332092 | 25086.34
258: 0.5175488591194153,0.5686745643615723,0.6260308623313904,0.31744012236595154,0.581759512424469 | 25086.34
259: 0.5266624093055725,0.5999749302864075,0.6551063060760498,0.29978829622268677,0.5969858169555664 | 25086.34
260: 0.5405411720275879,0.6026601195335388,0.6734361052513123,0.30673325061798096,0.5862554907798767 | 25086.34
261: 0.5452439188957214,0.5641774535179138,0.6653429865837097,0.317339152097702,0.5724360346794128 | 25086.34
262: 0.5475835204124451,0.5623787045478821,0.6544380784034729,0.34041979908943176,0.5516160130500793 | 25086.34
263: 0.5444568395614624,0.5728521943092346,0.6482574343681335,0.3486105799674988,0.5454738140106201 | 25086.34
264: 0.541436493396759,0.5700803995132446,0.6354914903640747,0.3624236285686493,0.5348371863365173 | 25086.34
265: 0.5420166850090027,0.5622680187225342,0.6215594410896301,0.38082456588745117,0.5200919508934021 | 25086.34
266: 0.5426036715507507,0.5379327535629272,0.5981603264808655,0.4129904806613922,0.49089983105659485 | 25086.34
267: 0.535816490650177,0.5461592078208923,0.6132078170776367,0.3590647280216217,0.5382294058799744 | 25086.34
268: 0.5258986353874207,0.5568385720252991,0.6386073231697083,0.28780418634414673,0.602354109287262 | 25086.34
269: 0.5251799821853638,0.5767849087715149,0.6501397490501404,0.2766737937927246,0.6140568852424622 | 25086.34
270: 0.5295184254646301,0.5543285012245178,0.6273868083953857,0.32158714532852173,0.5720237493515015 | 25086.34
271: 0.5292595624923706,0.5492737293243408,0.6168383359909058,0.33809030055999756,0.5573487281799316 | 25086.34
272: 0.5357754826545715,0.5534075498580933,0.6009242534637451,0.3905894458293915,0.50961834192276 | 25086.34
273: 0.5317416787147522,0.5590710043907166,0.6100162267684937,0.3617595136165619,0.5316420197486877 | 25086.34
274: 0.5325839519500732,0.5875542759895325,0.6147706508636475,0.36645907163619995,0.5285838842391968 | 25086.34
275: 0.5366828441619873,0.5867313146591187,0.6021761298179626,0.4072782099246979,0.49426260590553284 | 25086.34
276: 0.539097249507904,0.5771434307098389,0.6120109558105469,0.3921240568161011,0.5058897137641907 | 25086.34
277: 0.5401802659034729,0.5644466280937195,0.6182441711425781,0.3886638581752777,0.5112881660461426 | 25086.34
278: 0.5433616638183594,0.5984141826629639,0.6454285979270935,0.3764675557613373,0.5259901881217957 | 25086.34
279: 0.5451727509498596,0.6080266237258911,0.6734105348587036,0.33696332573890686,0.5614320039749146 | 25086.34
280: 0.5530641078948975,0.5458374619483948,0.6748855710029602,0.3196626603603363,0.5712064504623413 | 25086.34
281: 0.5528480410575867,0.5345203280448914,0.6682544946670532,0.3051987588405609,0.5763863325119019 | 25086.34
282: 0.5403241515159607,0.5389171838760376,0.6736432909965515,0.23950979113578796,0.635906457901001 | 30560.53
283: 0.5409933924674988,0.5416777729988098,0.6507894396781921,0.283443808555603,0.5928508043289185 | 25086.34
284: 0.54157555103302,0.5369946956634521,0.6328385472297668,0.3177725076675415,0.5628190636634827 | 25086.34
285: 0.5493659377098083,0.5403666496276855,0.6204038262367249,0.39319920539855957,0.5028997659683228 | 25086.34
286: 0.5471356511116028,0.5842759609222412,0.6408336162567139,0.4000588655471802,0.5062169432640076 | 25086.34
287: 0.5421672463417053,0.5987825989723206,0.6598458290100098,0.37052732706069946,0.536005973815918 | 25086.34
288: 0.5447824597358704,0.6077865362167358,0.6558477878570557,0.40578845143318176,0.5064710974693298 | 25086.34
289: 0.555271565914154,0.529133677482605,0.6157616376876831,0.4678817093372345,0.44775229692459106 | 25086.34
290: 0.5465442538261414,0.5297801494598389,0.6137539148330688,0.4037546217441559,0.49482184648513794 | 25086.34
291: 0.5409014821052551,0.5200920104980469,0.6056135892868042,0.37517595291137695,0.5147899985313416 | 25086.34
292: 0.5493746399879456,0.4782339036464691,0.5847894549369812,0.4385700225830078,0.463089257478714 | 25086.34
293: 0.5482439994812012,0.44048571586608887,0.5954830646514893,0.415565550327301,0.4858367443084717 | 25086.34
294: 0.5413395762443542,0.48454785346984863,0.6276683211326599,0.3656136095523834,0.532542884349823 | 25086.34
295: 0.5407918095588684,0.5411592721939087,0.6562910079956055,0.3407544195652008,0.5576545000076294 | 25086.34
296: 0.5492872595787048,0.5568247437477112,0.6719178557395935,0.34604454040527344,0.5533064603805542 | 25086.34
297: 0.5625717043876648,0.5064918994903564,0.6653434634208679,0.3908866047859192,0.508433997631073 | 25086.34
298: 0.560202956199646,0.5431711673736572,0.6640055775642395,0.37892675399780273,0.5166414380073547 | 25086.34
299: 0.5633323788642883,0.5521711111068726,0.6363328695297241,0.4431922733783722,0.46188685297966003 | 25086.34
300: 0.5597977042198181,0.57415372133255,0.6475644111633301,0.4072258770465851,0.48749810457229614 | 25086.34
301: 0.5485502481460571,0.5858574509620667,0.6548380255699158,0.34634530544281006,0.5390140414237976 | 25086.34
302: 0.5460245013237,0.5872228145599365,0.6443986892700195,0.3566812574863434,0.5310103297233582 | 25086.34
303: 0.5432739853858948,0.5306409597396851,0.6368383765220642,0.33196333050727844,0.5522511005401611 | 25086.34
304: 0.5507801175117493,0.5264127254486084,0.6390081644058228,0.3616669476032257,0.5258749127388 | 25086.34
305: 0.5534188747406006,0.5167397856712341,0.6434884667396545,0.36094850301742554,0.5281608700752258 | 25086.34
306: 0.5561543107032776,0.51411372423172,0.6528957486152649,0.34937623143196106,0.5399442315101624 | 25086.34
307: 0.5495716333389282,0.5393050312995911,0.6617946028709412,0.31135115027427673,0.5770825147628784 | 25086.34
308: 0.5525659322738647,0.5503897666931152,0.6808457374572754,0.2860744595527649,0.6004358530044556 | 25086.34
309: 0.562179446220398,0.5363205075263977,0.6909641027450562,0.28704509139060974,0.5987516641616821 | 25086.34
310: 0.5683251619338989,0.4927227199077606,0.6673402190208435,0.3241812586784363,0.5655240416526794 | 25086.34
311: 0.5611974000930786,0.48483750224113464,0.6319186091423035,0.34573835134506226,0.5487363934516907 | 25086.34
312: 0.5481520295143127,0.5520959496498108,0.6305017471313477,0.32066482305526733,0.5747500658035278 | 25086.34
313: 0.5455310344696045,0.5177143812179565,0.6200536489486694,0.3238789141178131,0.5741004943847656 | 25086.34
314: 0.546268880367279,0.5011851191520691,0.6079829931259155,0.3607596158981323,0.544051468372345 | 25086.34
315: 0.5424421429634094,0.5316968560218811,0.6106232404708862,0.36422890424728394,0.5410652160644531 | 25086.34
316: 0.5375565886497498,0.5668792724609375,0.6166602969169617,0.3496975004673004,0.5546091794967651 | 25086.34
317: 0.5380356907844543,0.5940512418746948,0.6362804174423218,0.3153515160083771,0.5852800011634827 | 25086.34
318: 0.5464152097702026,0.5966043472290039,0.6405333280563354,0.3378787040710449,0.5613653063774109 | 25086.34
319: 0.5461392998695374,0.6040828227996826,0.6357610821723938,0.34950804710388184,0.5502747297286987 | 25086.34
320: 0.548629105091095,0.5693393349647522,0.6295437812805176,0.3525350093841553,0.5456269383430481 | 25086.34
321: 0.5529423952102661,0.5174177289009094,0.6076478958129883,0.39894068241119385,0.5025079250335693 | 25086.34
322: 0.5555534362792969,0.5162147879600525,0.604957640171051,0.4172282814979553,0.4842972159385681 | 25086.34
323: 0.5544862747192383,0.49081456661224365,0.5978972911834717,0.41081559658050537,0.4892856180667877 | 25086.34
324: 0.5544869899749756,0.49786046147346497,0.6008774042129517,0.41192060708999634,0.48844555020332336 | 25086.34
325: 0.5498655438423157,0.5459767580032349,0.6260032057762146,0.3528120815753937,0.5385211706161499 | 25086.34
326: 0.5458918809890747,0.6258876919746399,0.6525713801383972,0.3141613006591797,0.5711004734039307 | 25086.34
327: 0.5448070168495178,0.6458899974822998,0.6610878109931946,0.29650482535362244,0.5865619778633118 | 25086.34
328: 0.5481125116348267,0.6421483159065247,0.6686152219772339,0.28853341937065125,0.5932854413986206 | 25086.34
329: 0.5521005988121033,0.6385753750801086,0.6822465658187866,0.26472410559654236,0.6152244806289673 | 25086.34
330: 0.5576608180999756,0.6021906733512878,0.682258665561676,0.2641063928604126,0.6159778833389282 | 25086.34
331: 0.5603877305984497,0.596111536026001,0.678237795829773,0.27966687083244324,0.6011500954627991 | 25086.34
332: 0.5629283785820007,0.5672085285186768,0.6621894240379333,0.311073362827301,0.5730191469192505 | 25086.34
333: 0.5709026455879211,0.46582090854644775,0.6293755173683167,0.3666922152042389,0.5262187123298645 | 25086.34
334: 0.5770049095153809,0.47111040353775024,0.6293500661849976,0.3966754078865051,0.500088095664978 | 25086.34
335: 0.5759236812591553,0.4809165298938751,0.6469177603721619,0.3486837148666382,0.5391082167625427 | 25086.34
336: 0.5718945264816284,0.5734017491340637,0.6727896928787231,0.3211368918418884,0.560563325881958 | 25086.34
337: 0.5674756169319153,0.5823013186454773,0.680673360824585,0.272178590297699,0.6032862067222595 | 25086.34
338: 0.5675718784332275,0.6049413681030273,0.6871308088302612,0.26210933923721313,0.6081454157829285 | 25086.34
339: 0.5786981582641602,0.5754397511482239,0.6884109377861023,0.2935817539691925,0.5753487348556519 | 25086.34
340: 0.5900765061378479,0.552366316318512,0.7068266272544861,0.27955713868141174,0.5901576280593872 | 25086.34
341: 0.5998219847679138,0.5452830195426941,0.7141090035438538,0.30611521005630493,0.5700723528862 | 25086.34
342: 0.6059406399726868,0.5039695501327515,0.6917408108711243,0.3766803443431854,0.5169262886047363 | 25086.34
343: 0.5962806940078735,0.4822310507297516,0.6809865832328796,0.3286743462085724,0.5631780624389648 | 25086.34
344: 0.5777623653411865,0.5353288650512695,0.6591870188713074,0.3446945548057556,0.5501769185066223 | 25086.34
345: 0.5646042227745056,0.5342497229576111,0.6419487595558167,0.3216399550437927,0.5698298811912537 | 25086.34
346: 0.5635566115379333,0.5774015188217163,0.6461510062217712,0.3415529131889343,0.5472157001495361 | 25086.34
347: 0.564490020275116,0.6332495808601379,0.677964448928833,0.28629982471466064,0.5893779993057251 | 25086.34
348: 0.5627446174621582,0.6492748856544495,0.6728200316429138,0.30761685967445374,0.5686476230621338 | 25086.34
349: 0.5628771185874939,0.6092234253883362,0.6637234091758728,0.2975541651248932,0.5786438584327698 | 25086.34
350: 0.5647866129875183,0.5899724960327148,0.6515333652496338,0.33324235677719116,0.5463178157806396 | 25086.34
351: 0.5727059841156006,0.6212214827537537,0.6725922226905823,0.3325982391834259,0.5391098856925964 | 25086.34
352: 0.572618842124939,0.6575295329093933,0.6733958721160889,0.35440075397491455,0.5184141397476196 | 25086.34
353: 0.5710723996162415,0.6757596135139465,0.6769554018974304,0.33464133739471436,0.5329509377479553 | 25086.34
354: 0.5653571486473083,0.6546763181686401,0.6586964130401611,0.33441609144210815,0.5363324880599976 | 25086.34
355: 0.5614760518074036,0.6375423073768616,0.6382359862327576,0.3683158755302429,0.5108379125595093 | 25086.34
356: 0.5622101426124573,0.6174333095550537,0.643908679485321,0.30262303352355957,0.5672465562820435 | 25086.34
357: 0.563372790813446,0.6192505359649658,0.6453559398651123,0.3097085654735565,0.5608142614364624 | 25086.34
358: 0.5712190270423889,0.5725008249282837,0.6446906924247742,0.3027440905570984,0.5683927536010742 | 25086.34
359: 0.5916277766227722,0.5659295320510864,0.6914885640144348,0.2524660527706146,0.6106653809547424 | 30560.53
360: 0.619766891002655,0.5310528874397278,0.7337859272956848,0.24714580178260803,0.6124126315116882 | 30560.53
361: 0.6351728439331055,0.4972529709339142,0.7534374594688416,0.22784100472927094,0.6333438754081726 | 30560.53
362: 0.6365936398506165,0.5564287304878235,0.7736331820487976,0.21412760019302368,0.6454409956932068 | 30560.53
363: 0.6377216577529907,0.5655624866485596,0.7763556838035583,0.20979547500610352,0.6504026055335999 | 30560.53
364: 0.6365067362785339,0.5404312610626221,0.7635144591331482,0.2139454334974289,0.6481207013130188 | 30560.53
365: 0.6302517652511597,0.5145525932312012,0.7348145842552185,0.262942910194397,0.6037880778312683 | 30560.53
366: 0.6254281401634216,0.5752114653587341,0.7446221113204956,0.23174262046813965,0.6289418935775757 | 30560.53
367: 0.620555579662323,0.5900240540504456,0.73949134349823,0.22378212213516235,0.6349255442619324 | 30560.53
368: 0.6088969707489014,0.5795935392379761,0.7077322006225586,0.2802862226963043,0.5852068662643433 | 25086.34
369: 0.5998291373252869,0.5631245374679565,0.6825825572013855,0.3049074709415436,0.5685508847236633 | 25086.34
370: 0.5933631062507629,0.5667545795440674,0.671252965927124,0.30403363704681396,0.5711811780929565 | 25086.34
371: 0.5910139679908752,0.6237267851829529,0.6866142153739929,0.2610470652580261,0.6038035750389099 | 25086.34
372: 0.595587968826294,0.6199499368667603,0.6903109550476074,0.2655414342880249,0.5961615443229675 | 25086.34
373: 0.6002616882324219,0.5950034260749817,0.6869510412216187,0.2805056869983673,0.5813211798667908 | 25086.34
374: 0.5982232093811035,0.5724048614501953,0.6699273586273193,0.3358495831489563,0.538473904132843 | 25086.34
375: 0.6005862355232239,0.5725293755531311,0.6719027757644653,0.3193054795265198,0.5518923997879028 | 25086.34
376: 0.5975472331047058,0.5787201523780823,0.6688047051429749,0.31591957807540894,0.5559413433074951 | 25086.34
377: 0.5979872345924377,0.5885793566703796,0.6726385354995728,0.2992134690284729,0.5706278681755066 | 25086.34
378: 0.6094919443130493,0.5866581201553345,0.6901423335075378,0.2558838427066803,0.6059625148773193 | 30560.53
379: 0.6039642691612244,0.5708330273628235,0.6803293824195862,0.318248450756073,0.5548949837684631 | 25086.34
380: 0.6088486909866333,0.5297284722328186,0.6776712536811829,0.29701390862464905,0.5738397836685181 | 30560.53
381: 0.5952597856521606,0.498916357755661,0.6482477188110352,0.35630613565444946,0.5319269895553589 | 25086.34
382: 0.585078775882721,0.4730946719646454,0.6248894929885864,0.3821083903312683,0.5180575251579285 | 25086.34
383: 0.5752767324447632,0.5196053981781006,0.6296656727790833,0.37159866094589233,0.5279102325439453 | 25086.34
384: 0.5690786242485046,0.5629649758338928,0.6409494280815125,0.3563578426837921,0.5402549505233765 | 25086.34
385: 0.5647373199462891,0.5566546320915222,0.6417266130447388,0.3539279103279114,0.5470832586288452 | 25086.34
386: 0.5641072392463684,0.5850370526313782,0.658661425113678,0.3615149259567261,0.5421591401100159 | 25086.34
387: 0.5656073689460754,0.565024197101593,0.6608332991600037,0.37711644172668457,0.5319069623947144 | 25086.34
388: 0.5699476599693298,0.5449368953704834,0.6599019765853882,0.3494878113269806,0.5538180470466614 | 25086.34
389: 0.5838077068328857,0.5585030913352966,0.6801414489746094,0.2861909568309784,0.6007176041603088 | 25086.34
390: 0.5798923373222351,0.5630921125411987,0.6749956607818604,0.309131383895874,0.5805200934410095 | 25086.34
391: 0.5817664265632629,0.5624926090240479,0.6745714545249939,0.2994684875011444,0.586554229259491 | 25086.34
392: 0.5833210349082947,0.577521562576294,0.6795690059661865,0.3165343105792999,0.5684236288070679 | 25086.34
393: 0.5905534625053406,0.5740483999252319,0.6850846409797668,0.30321455001831055,0.5733615756034851 | 25086.34
394: 0.5878954529762268,0.5954854488372803,0.686398983001709,0.31776800751686096,0.5573659539222717 | 25086.34
395: 0.5889953970909119,0.5692265033721924,0.6754853129386902,0.34439584612846375,0.5359097123146057 | 25086.34
396: 0.5967183709144592,0.5813460946083069,0.6874244809150696,0.3213253617286682,0.550973117351532 | 25086.34
397: 0.6056023240089417,0.5478553771972656,0.6836666464805603,0.29976245760917664,0.5695875287055969 | 25086.34
398: 0.6007019281387329,0.5886694192886353,0.6891526579856873,0.29432180523872375,0.5736979246139526 | 25086.34
399: 0.6082821488380432,0.5853019952774048,0.6939765810966492,0.24884426593780518,0.6110289692878723 | 30560.53
400: 0.5871558785438538,0.5993688106536865,0.6740859746932983,0.3072071075439453,0.5630788803100586 | 25086.34
401: 0.5915684700012207,0.5714863538742065,0.6670972108840942,0.29827284812927246,0.5702887177467346 | 25086.34
402: 0.5967847108840942,0.5682202577590942,0.670022189617157,0.2842576503753662,0.5811448097229004 | 25086.34
403: 0.601237416267395,0.5556196570396423,0.6708291172981262,0.2835366725921631,0.581332802772522 | 25086.34
404: 0.6039676666259766,0.6409983038902283,0.7030526995658875,0.24207235872745514,0.6119598746299744 | 25086.34
405: 0.6058306694030762,0.6964516043663025,0.723359227180481,0.20922410488128662,0.6384571194648743 | 30560.53
406: 0.6022763252258301,0.6842138171195984,0.7165312767028809,0.22082822024822235,0.6263390183448792 | 25086.34
407: 0.6127352714538574,0.7071167826652527,0.7339031100273132,0.18614435195922852,0.6562933921813965 | 30560.53
408: 0.6231048703193665,0.6975337862968445,0.7418791055679321,0.1724904477596283,0.6706351041793823 | 30560.53
409: 0.6133244633674622,0.6876422762870789,0.7339603900909424,0.2035188227891922,0.6414514780044556 | 30560.53
410: 0.610450029373169,0.6943392157554626,0.7329093813896179,0.19587251543998718,0.6495535969734192 | 30560.53
411: 0.5942841172218323,0.7208813428878784,0.7288395762443542,0.21499186754226685,0.6321168541908264 | 25086.34
412: 0.5825014710426331,0.7163366675376892,0.7217907905578613,0.23858173191547394,0.6128294467926025 | 25086.34
413: 0.5608049035072327,0.7172583341598511,0.7049728631973267,0.2924404442310333,0.5697739124298096 | 25086.34
414: 0.5606051683425903,0.6815732717514038,0.690387487411499,0.3011745810508728,0.5657915472984314 | 25086.34
415: 0.5647474527359009,0.7228593826293945,0.7064659595489502,0.25513026118278503,0.6033610105514526 | 25086.34
416: 0.5696198344230652,0.7122619152069092,0.7052094340324402,0.24461717903614044,0.6129631400108337 | 25086.34
417: 0.5882825255393982,0.6565014719963074,0.7035623788833618,0.22659990191459656,0.629500150680542 | 25086.34
418: 0.585073709487915,0.6421523690223694,0.6995220184326172,0.25912195444107056,0.6030077934265137 | 25086.34
419: 0.5817900896072388,0.6526630520820618,0.7044480443000793,0.28034770488739014,0.587162971496582 | 25086.34
420: 0.5764095187187195,0.6623629331588745,0.7067205905914307,0.29312247037887573,0.5786236524581909 | 25086.34
421: 0.5765138268470764,0.6512446403503418,0.7049905061721802,0.2877991199493408,0.583206295967102 | 25086.34
422: 0.5737708806991577,0.6594080924987793,0.7111021280288696,0.2912166714668274,0.5826799273490906 | 25086.34
423: 0.585449755191803,0.581209659576416,0.7053218483924866,0.3067992627620697,0.5746912956237793 | 25086.34
424: 0.5850247740745544,0.5826015472412109,0.7123922109603882,0.30857792496681213,0.5763975381851196 | 25086.34
425: 0.5896333456039429,0.5658864378929138,0.7099457383155823,0.2888156473636627,0.5911653637886047 | 25086.34
426: 0.5899154543876648,0.5980217456817627,0.716279149055481,0.25880008935928345,0.6129105091094971 | 25086.34
427: 0.5980373024940491,0.5986077785491943,0.7208701372146606,0.22771087288856506,0.63580721616745 | 30560.53
428: 0.5928556323051453,0.6361547708511353,0.7324157357215881,0.2317599058151245,0.6301810145378113 | 30560.53
429: 0.6063644886016846,0.574103593826294,0.7261884212493896,0.2306320071220398,0.628436803817749 | 30560.53
430: 0.5977038741111755,0.586032509803772,0.7219309210777283,0.25413134694099426,0.6083320379257202 | 30560.53
431: 0.5895511507987976,0.6369132399559021,0.7303870916366577,0.24020420014858246,0.619860053062439 | 25086.34
432: 0.5853820443153381,0.6895691752433777,0.7494080066680908,0.20110474526882172,0.6570890545845032 | 30560.53
433: 0.5565944910049438,0.7355215549468994,0.746461808681488,0.22731058299541473,0.64035564661026 | 25086.34
434: 0.5436006188392639,0.7503279447555542,0.7437514662742615,0.22456173598766327,0.6472596526145935 | 25086.34
435: 0.531816303730011,0.7114248871803284,0.7169190645217896,0.2761179804801941,0.6060722470283508 | 25086.34
436: 0.5348533391952515,0.6832135915756226,0.7081956267356873,0.28335368633270264,0.599160373210907 | 25086.34
437: 0.5384126305580139,0.6548843383789062,0.699597954750061,0.29626524448394775,0.5863279700279236 | 25086.34
438: 0.5222256183624268,0.6554861068725586,0.6819952130317688,0.36590200662612915,0.5330126881599426 | 25086.34
439: 0.5257040858268738,0.682529628276825,0.6958999037742615,0.3236365020275116,0.5591967105865479 | 25086.34
440: 0.539071798324585,0.6787714958190918,0.7048079967498779,0.27831754088401794,0.5875118374824524 | 25086.34
441: 0.536637008190155,0.6809741258621216,0.6998273134231567,0.29102230072021484,0.5734409093856812 | 25086.34
442: 0.5326418876647949,0.6809825301170349,0.6895555853843689,0.3064396381378174,0.5579007267951965 | 25086.34
443: 0.5522204637527466,0.6231181025505066,0.6790669560432434,0.2794666886329651,0.573043167591095 | 25086.34
444: 0.5531039834022522,0.6414018869400024,0.6895389556884766,0.24230173230171204,0.6037436723709106 | 25086.34
445: 0.5360820889472961,0.6974301934242249,0.7025773525238037,0.23226775228977203,0.6162527203559875 | 25086.34
446: 0.5284252166748047,0.709173858165741,0.7051558494567871,0.23303374648094177,0.6190913319587708 | 25086.34
447: 0.5286484956741333,0.7088258266448975,0.7128921151161194,0.23053088784217834,0.6234298944473267 | 25086.34
448: 0.5504835844039917,0.6374518871307373,0.7140641212463379,0.27553266286849976,0.5861833691596985 | 25086.34
449: 0.5686347484588623,0.6229907870292664,0.7425363063812256,0.2509782910346985,0.6046779751777649 | 25086.34
450: 0.5757092833518982,0.5830997228622437,0.7345526814460754,0.25597429275512695,0.6004773378372192 | 25086.34
451: 0.5679020285606384,0.54777592420578,0.7050532698631287,0.30873578786849976,0.5613591074943542 | 25086.34
452: 0.5498387813568115,0.5710309743881226,0.6879332065582275,0.3345814049243927,0.5438739657402039 | 25086.34
453: 0.5489959716796875,0.5612967014312744,0.6750558018684387,0.3372895121574402,0.5390549302101135 | 25086.34
454: 0.5501713752746582,0.5230116844177246,0.6453900933265686,0.42921292781829834,0.47468239068984985 | 25086.34
455: 0.559807300567627,0.4946316182613373,0.633568286895752,0.43360018730163574,0.4674486815929413 | 25086.34
456: 0.5422740578651428,0.5598095059394836,0.6440433263778687,0.4271774888038635,0.4700218737125397 | 25086.34
457: 0.5235885977745056,0.6133267879486084,0.6496620178222656,0.445279061794281,0.4548201262950897 | 25086.34
458: 0.5222212672233582,0.6416915655136108,0.6690399646759033,0.3667071461677551,0.5031525492668152 | 25086.34
459: 0.5407541394233704,0.5946013927459717,0.6649794578552246,0.3765254616737366,0.49579358100891113 | 25086.34
460: 0.5443852543830872,0.5914760828018188,0.6730663180351257,0.38042235374450684,0.49573367834091187 | 25086.34
461: 0.559490442276001,0.5596420764923096,0.6788325905799866,0.35632386803627014,0.5138881206512451 | 25086.34
462: 0.5728830695152283,0.5187023282051086,0.6729549169540405,0.3689471483230591,0.5063363313674927 | 25086.34
463: 0.5782081484794617,0.5171405076980591,0.6834710240364075,0.3281574547290802,0.5350767374038696 | 25086.34
464: 0.5557880997657776,0.5906664133071899,0.7059758305549622,0.2984178960323334,0.5596400499343872 | 25086.34
465: 0.5439366698265076,0.6256187558174133,0.7177268266677856,0.2952371835708618,0.5644984841346741 | 25086.34
466: 0.5454361438751221,0.6258564591407776,0.723210871219635,0.2849896252155304,0.5719411969184875 | 25086.34
467: 0.5445583462715149,0.6275061964988708,0.7271738052368164,0.298071026802063,0.5594615340232849 | 25086.34
468: 0.5449432134628296,0.6264904141426086,0.7329850792884827,0.32154613733291626,0.5382441282272339 | 25086.34
469: 0.5435592532157898,0.628028392791748,0.7388013601303101,0.39546677470207214,0.4843209981918335 | 25086.34
470: 0.5431403517723083,0.6414178609848022,0.7490895986557007,0.3503631055355072,0.5134853720664978 | 25086.34
471: 0.5465006232261658,0.6363152265548706,0.7508469820022583,0.34232214093208313,0.5204163193702698 | 25086.34
472: 0.569018542766571,0.5901488065719604,0.7537274360656738,0.3071039617061615,0.5483585000038147 | 25086.34
473: 0.5928530693054199,0.5377388000488281,0.7541611194610596,0.255401611328125,0.588539183139801 | 30560.53
474: 0.5670187473297119,0.6050395369529724,0.7622977495193481,0.23732051253318787,0.6007169485092163 | 25086.34
475: 0.5464154481887817,0.6473087072372437,0.7597283720970154,0.22880961000919342,0.6055974960327148 | 25086.34
476: 0.5440375804901123,0.641921877861023,0.7495613098144531,0.23519083857536316,0.599162757396698 | 25086.34
477: 0.5355680584907532,0.6705602407455444,0.7669811248779297,0.19692392647266388,0.6279911398887634 | 25086.34
478: 0.5325656533241272,0.6848301887512207,0.778346836566925,0.1840561032295227,0.637389600276947 | 25086.34
479: 0.5285688042640686,0.6882931590080261,0.7738601565361023,0.21033264696598053,0.6148370504379272 | 25086.34
480: 0.5171282291412354,0.7140149474143982,0.7833604216575623,0.18230991065502167,0.6423754096031189 | 25086.34
481: 0.516472578048706,0.7015708088874817,0.7687591910362244,0.21547831594944,0.61723393201828 | 25086.34
482: 0.5084690451622009,0.7074763774871826,0.7620692253112793,0.21167144179344177,0.6232472062110901 | 25086.34
483: 0.5290204882621765,0.6483118534088135,0.7350090742111206,0.25762519240379333,0.5890911221504211 | 25086.34
484: 0.5131769180297852,0.6810795068740845,0.7397717237472534,0.26418381929397583,0.5819014310836792 | 25086.34
485: 0.5045192241668701,0.7088637948036194,0.7598556876182556,0.2234465777873993,0.6132403612136841 | 25086.34
486: 0.5219716429710388,0.6753725409507751,0.7567135691642761,0.2239108830690384,0.6135149002075195 | 25086.34
487: 0.5347787737846375,0.6467230916023254,0.7485547661781311,0.23693618178367615,0.6044930219650269 | 25086.34
488: 0.5209547877311707,0.671057403087616,0.7451930046081543,0.24429967999458313,0.5969959497451782 | 25086.34
489: 0.5285722017288208,0.6590142250061035,0.7528362274169922,0.20815841853618622,0.6255789995193481 | 25086.34
490: 0.5279790759086609,0.6633440256118774,0.760199248790741,0.20095789432525635,0.629774808883667 | 25086.34
491: 0.5402877330780029,0.632022500038147,0.7452089786529541,0.2337312251329422,0.602657675743103 | 25086.34
492: 0.5313119292259216,0.6464086771011353,0.743282675743103,0.21633170545101166,0.6172588467597961 | 25086.34
493: 0.48454591631889343,0.7385998368263245,0.7590070366859436,0.2011307328939438,0.627497136592865 | 25086.34
494: 0.4851193428039551,0.7329509258270264,0.7563897967338562,0.19904334843158722,0.6304185390472412 | 25086.34
495: 0.5065755248069763,0.6887249946594238,0.7433333992958069,0.23069222271442413,0.6042196750640869 | 25086.34
496: 0.5639457106590271,0.5605615973472595,0.7085007429122925,0.3084631860256195,0.5475091934204102 | 25086.34
497: 0.6015587449073792,0.4751296043395996,0.7033604979515076,0.3212735652923584,0.5428312420845032 | 25086.34
498: 0.6256073117256165,0.4195924401283264,0.7132807374000549,0.28334230184555054,0.5763514041900635 | 30560.53
499: 0.6431814432144165,0.37624725699424744,0.7059156894683838,0.3002573549747467,0.5666140913963318 | 30560.53
500: 0.6208289861679077,0.43443697690963745,0.7081331610679626,0.329643189907074,0.5407570600509644 | 30560.53
501: 0.5868862271308899,0.5221682190895081,0.7246508002281189,0.3122735321521759,0.5463654398918152 | 25086.34
502: 0.5852461457252502,0.5265764594078064,0.7269061803817749,0.30681395530700684,0.5486392378807068 | 25086.34
503: 0.5809352993965149,0.5428831577301025,0.7199015021324158,0.3619631230831146,0.507841169834137 | 25086.34
504: 0.5877487063407898,0.5255835056304932,0.7086216807365417,0.3888096213340759,0.48881596326828003 | 25086.34
505: 0.5736516714096069,0.5612168312072754,0.7166915535926819,0.37363359332084656,0.4955315589904785 | 25086.34
506: 0.5643152594566345,0.5807007551193237,0.7331151962280273,0.323516309261322,0.5284536480903625 | 25086.34
507: 0.544350802898407,0.6294004917144775,0.7453945875167847,0.3179267644882202,0.5296139121055603 | 25086.34
508: 0.5448336005210876,0.6207888722419739,0.7488170862197876,0.2821841835975647,0.5557716488838196 | 25086.34
509: 0.5417876839637756,0.6241229176521301,0.7463698983192444,0.27332499623298645,0.5612202286720276 | 25086.34
510: 0.5278543829917908,0.6575632095336914,0.7507519721984863,0.27442699670791626,0.5569049715995789 | 25086.34
511: 0.5505198836326599,0.6062762141227722,0.7372398376464844,0.30829426646232605,0.5368769764900208 | 25086.34
512: 0.5690146684646606,0.5685845613479614,0.7219753265380859,0.36255839467048645,0.5042830109596252 | 25086.34
513: 0.567900538444519,0.5696354508399963,0.736375093460083,0.31186842918395996,0.5405073165893555 | 25086.34
514: 0.5840461254119873,0.5334206819534302,0.7410154938697815,0.2954356074333191,0.5562136769294739 | 25086.34
515: 0.5838589072227478,0.5376940965652466,0.7679439187049866,0.225868359208107,0.6065530180931091 | 30560.53
516: 0.5726766586303711,0.5874218940734863,0.7976698279380798,0.1981540471315384,0.6208698749542236 | 30560.53
517: 0.5588439702987671,0.6350911855697632,0.8043805360794067,0.20181410014629364,0.6127462983131409 | 25086.34
518: 0.5448259711265564,0.6656291484832764,0.795132040977478,0.21226991713047028,0.6050620675086975 | 25086.34
519: 0.5405498147010803,0.6617825627326965,0.7725110650062561,0.22939735651016235,0.5977824926376343 | 25086.34
520: 0.5373314023017883,0.6504767537117004,0.7559735774993896,0.22451002895832062,0.6095682382583618 | 25086.34
521: 0.55793297290802,0.589145839214325,0.7286356687545776,0.2489439994096756,0.6005783677101135 | 25086.34
522: 0.5187966823577881,0.6731696128845215,0.7607079744338989,0.1916498988866806,0.6457943916320801 | 25086.34
523: 0.5051166415214539,0.682636022567749,0.7621663212776184,0.17084147036075592,0.667960524559021 | 25086.34
524: 0.4977257549762726,0.6883252263069153,0.7647789120674133,0.16267387568950653,0.6774336695671082 | 25086.34
525: 0.49185529351234436,0.6967347264289856,0.7699805498123169,0.16112297773361206,0.6789917349815369 | 25086.34
526: 0.505990207195282,0.6622555255889893,0.778634250164032,0.1506456881761551,0.689975917339325 | 25086.34
527: 0.5232221484184265,0.6210616827011108,0.7853946685791016,0.14055441319942474,0.7009228467941284 | 30560.53
528: 0.5571275949478149,0.5790758728981018,0.7787238359451294,0.20009812712669373,0.6402386426925659 | 30560.53
529: 0.5489410758018494,0.6284403800964355,0.7882490754127502,0.235838383436203,0.5998178124427795 | 25086.34
530: 0.5195680856704712,0.6857033371925354,0.8021200299263,0.20439818501472473,0.6199542284011841 | 25086.34
531: 0.47331535816192627,0.7576703429222107,0.8155615925788879,0.1641383171081543,0.6524001359939575 | 25086.34
532: 0.4639948308467865,0.7747084498405457,0.8030298352241516,0.18688064813613892,0.630666196346283 | 25086.34
533: 0.4901743233203888,0.7273375391960144,0.7817976474761963,0.21438413858413696,0.6123843789100647 | 25086.34
534: 0.5068665742874146,0.6937392354011536,0.7720867395401001,0.2264193296432495,0.6050340533256531 | 25086.34
535: 0.5255171060562134,0.6586769819259644,0.7588826417922974,0.25674474239349365,0.5826476812362671 | 25086.34
536: 0.5336278676986694,0.6366303563117981,0.7620282769203186,0.2463834583759308,0.5918871164321899 | 25086.34
537: 0.5320734977722168,0.6343207359313965,0.7658584117889404,0.23546366393566132,0.6003116369247437 | 25086.34
538: 0.5478017926216125,0.5850815773010254,0.7444041967391968,0.251602441072464,0.5919189453125 | 25086.34
539: 0.49617862701416016,0.6996704936027527,0.7862323522567749,0.19960202276706696,0.6178219318389893 | 25086.34
540: 0.4827459156513214,0.7378628253936768,0.7968990206718445,0.20716381072998047,0.6012922525405884 | 25086.34
541: 0.4894009232521057,0.7438113689422607,0.8090292811393738,0.21759751439094543,0.5843189358711243 | 25086.34
542: 0.5107815265655518,0.7152743339538574,0.8074432611465454,0.23629413545131683,0.5701431632041931 | 25086.34
543: 0.5217384696006775,0.6976895928382874,0.8148326873779297,0.22174744307994843,0.5838344693183899 | 25086.34
544: 0.5453801155090332,0.6573948264122009,0.7983128428459167,0.2584119141101837,0.5624220967292786 | 25086.34
545: 0.5455833673477173,0.6603670120239258,0.7839384078979492,0.2872312068939209,0.5443189144134521 | 25086.34
546: 0.5352259278297424,0.6902720928192139,0.788735032081604,0.2896176278591156,0.5354284048080444 | 25086.34
547: 0.5451531410217285,0.6683306694030762,0.7836646437644958,0.28464168310165405,0.5455198884010315 | 25086.34
548: 0.5621533393859863,0.6100121140480042,0.77623051404953,0.2535781264305115,0.5831862688064575 | 25086.34
549: 0.5582972168922424,0.5824867486953735,0.76505446434021,0.22514352202415466,0.6150270104408264 | 25086.34
550: 0.5294805765151978,0.6282777190208435,0.7696499228477478,0.2013012170791626,0.6336795687675476 | 25086.34
551: 0.527260959148407,0.6251798868179321,0.7729368805885315,0.18611954152584076,0.6495989561080933 | 25086.34
552: 0.5402652621269226,0.6068505644798279,0.7591120004653931,0.2118832916021347,0.6345136761665344 | 25086.34
553: 0.5383181571960449,0.6163526773452759,0.7643093466758728,0.20493270456790924,0.6426206231117249 | 25086.34
554: 0.5510220527648926,0.5627830028533936,0.7317262887954712,0.22130465507507324,0.6377964615821838 | 30560.53
555: 0.5182016491889954,0.6197618842124939,0.7333194017410278,0.20742331445217133,0.6431194543838501 | 25086.34
556: 0.5087098479270935,0.6294575929641724,0.7223591208457947,0.2108624130487442,0.6401240229606628 | 25086.34
557: 0.48988303542137146,0.6797633767127991,0.7389863133430481,0.2042059749364853,0.6382192969322205 | 25086.34
558: 0.4922025501728058,0.6874310374259949,0.7510767579078674,0.2033601552248001,0.6358515620231628 | 25086.34
559: 0.48361891508102417,0.7252770066261292,0.7582681775093079,0.22920265793800354,0.6069737672805786 | 25086.34
560: 0.4898150563240051,0.718429446220398,0.7493405938148499,0.25133228302001953,0.589778482913971 | 25086.34
561: 0.5003161430358887,0.6899550557136536,0.7327215075492859,0.26050400733947754,0.5872083902359009 | 25086.34
562: 0.4879128634929657,0.7137916684150696,0.7376536726951599,0.25302326679229736,0.5894334316253662 | 25086.34
563: 0.4453110694885254,0.7741671800613403,0.7749125957489014,0.17904415726661682,0.641623318195343 | 25086.34
564: 0.44510552287101746,0.7779123187065125,0.7777054905891418,0.18183298408985138,0.6365256309509277 | 25086.34
565: 0.46225276589393616,0.7385832667350769,0.776949942111969,0.1659119576215744,0.655312716960907 | 25086.34
566: 0.45871713757514954,0.7646794319152832,0.7787895202636719,0.19633394479751587,0.6212844848632812 | 25086.34
567: 0.4763231575489044,0.739356279373169,0.7783175706863403,0.2077416479587555,0.6118770241737366 | 25086.34
568: 0.48083367943763733,0.7427288889884949,0.783413290977478,0.2256527841091156,0.5937318205833435 | 25086.34
569: 0.4922662675380707,0.7380421757698059,0.7935145497322083,0.24022431671619415,0.5772673487663269 | 25086.34
570: 0.5103369355201721,0.7153605222702026,0.8189233541488647,0.20848137140274048,0.6006603240966797 | 25086.34
571: 0.5345003008842468,0.6955558061599731,0.824272096157074,0.23457787930965424,0.5761318802833557 | 25086.34
572: 0.5411902070045471,0.7074024677276611,0.829294741153717,0.2590464949607849,0.5505428910255432 | 25086.34
573: 0.5370239019393921,0.7214370965957642,0.8279486894607544,0.2647892236709595,0.5411290526390076 | 25086.34
574: 0.5378692150115967,0.6935961246490479,0.8108402490615845,0.2530005872249603,0.5558984875679016 | 25086.34
575: 0.5344038009643555,0.6623499393463135,0.7773827314376831,0.26101282238960266,0.5602274537086487 | 25086.34
576: 0.5245307683944702,0.6630242466926575,0.7655927538871765,0.2551157772541046,0.5672026872634888 | 25086.34
577: 0.5300906896591187,0.6517508029937744,0.7641552686691284,0.25253453850746155,0.570398211479187 | 25086.34
578: 0.4931223690509796,0.7458133101463318,0.8056492805480957,0.21197502315044403,0.5803729891777039 | 25086.34
579: 0.49939534068107605,0.7459734082221985,0.8156089186668396,0.20296217501163483,0.5855345726013184 | 25086.34
580: 0.5070065259933472,0.7425007224082947,0.8003149032592773,0.23613832890987396,0.5615247488021851 | 25086.34
581: 0.5185738205909729,0.6994943618774414,0.7843329310417175,0.23447191715240479,0.5735698938369751 | 25086.34
582: 0.530663013458252,0.6786098480224609,0.7685850858688354,0.2592417597770691,0.5610887408256531 | 25086.34
583: 0.5428016781806946,0.6382051110267639,0.7591188549995422,0.2555793821811676,0.576537013053894 | 25086.34
584: 0.49415749311447144,0.7361313104629517,0.8005756139755249,0.1955430805683136,0.6053861975669861 | 25086.34
585: 0.48806747794151306,0.7362261414527893,0.811043381690979,0.168756365776062,0.6320162415504456 | 25086.34
586: 0.49991121888160706,0.7139965295791626,0.8036397695541382,0.17622675001621246,0.6333053112030029 | 25086.34
587: 0.5096399784088135,0.6807571649551392,0.7938594222068787,0.17710989713668823,0.6424832344055176 | 25086.34
588: 0.5148197412490845,0.6638879776000977,0.7855599522590637,0.1823510378599167,0.6447302103042603 | 25086.34
589: 0.5262894034385681,0.6403988003730774,0.7792665362358093,0.18969708681106567,0.6460674405097961 | 25086.34
590: 0.5373076796531677,0.6205761432647705,0.7734923958778381,0.20012760162353516,0.6454181671142578 | 25086.34
591: 0.5436093807220459,0.5861732959747314,0.7692511081695557,0.18899685144424438,0.6639620065689087 | 30560.53
592: 0.5471583008766174,0.5470157861709595,0.7666129469871521,0.16995882987976074,0.6893799304962158 | 30560.53
593: 0.5344359874725342,0.5678545236587524,0.7805774211883545,0.14640387892723083,0.7095713019371033 | 30560.53
594: 0.5409404635429382,0.5544602274894714,0.7800493240356445,0.14608332514762878,0.7132176756858826 | 30560.53
595: 0.5397217869758606,0.5821624994277954,0.7780764102935791,0.16242161393165588,0.6970025897026062 | 30560.53
596: 0.5311822295188904,0.6034495234489441,0.7763136029243469,0.16446629166603088,0.6918336749076843 | 30560.53
597: 0.5236514806747437,0.6055014729499817,0.7649266123771667,0.1692335605621338,0.686491072177887 | 30560.53
598: 0.5198405981063843,0.6294457316398621,0.7579109072685242,0.1873093992471695,0.6642205119132996 | 25086.34
599: 0.5173515677452087,0.6833030581474304,0.776475727558136,0.19387823343276978,0.6438763737678528 | 25086.34
600: 0.5359298586845398,0.7016385197639465,0.7783867120742798,0.2353139966726303,0.6005029678344727 | 25086.34
601: 0.5552600026130676,0.6959360241889954,0.773959755897522,0.27084049582481384,0.569826066493988 | 25086.34
602: 0.5701636672019958,0.6731254458427429,0.7652501463890076,0.28871065378189087,0.5590971112251282 | 25086.34
603: 0.5789334774017334,0.6427202820777893,0.7486515641212463,0.3057626485824585,0.5531558394432068 | 25086.34
604: 0.562737226486206,0.6543893814086914,0.748945951461792,0.2826076149940491,0.5680514574050903 | 25086.34
605: 0.5499271750450134,0.6575023531913757,0.7595312595367432,0.24022555351257324,0.5976203680038452 | 25086.34
606: 0.5540011525154114,0.6630473136901855,0.7638029456138611,0.24292336404323578,0.5941384434700012 | 25086.34
607: 0.5656750202178955,0.6116664409637451,0.7619019150733948,0.22139951586723328,0.6188331246376038 | 25086.34
608: 0.5753397345542908,0.5830318331718445,0.7570637464523315,0.22104033827781677,0.6261829733848572 | 30560.53
609: 0.5637197494506836,0.621164083480835,0.7716780304908752,0.20547953248023987,0.6359073519706726 | 30560.53
610: 0.5482792258262634,0.6718598008155823,0.7866969704627991,0.1968821883201599,0.6381188035011292 | 25086.34