1: 0.2654260027741209,0.7893798562436756,1.408319632465795,1.249915944746659,0.1559509188138244,0.1768547248727697
2: 0.5734809742587723,1.0847907584330738,0.7924580103841014,0.9164522990804311,0.564321638456138,0.9445593297347729
3: 1.5702154231430396,0.8099267614643346,0.35620163175890396,0.8343844646620331,1.3609961117677316,-0.5484703664083377
4: 0.5903105086867375,0.6452313548641417,0.35766822718367697,0.5707239494184707,0.49252658929179827,0.16945940972389145
5: -0.1630957143303774,1.0058266613402942,0.20269123257174837,0.5291941493688928,0.1522812781433926,0.06854062916019138
6: 0.49770638230124614,0.517225494585655,-0.15281609338778201,0.10449455637688254,-0.313521767429751,0.23413877140834638
7: 0.5962612485705838,0.30639723008119996,-0.3210140990837693,0.669489914074134,1.031936949274582,0.7340738474323514
8: 0.6381068948177673,0.17543459519091525,0.7075739593389645,0.2583582973528353,1.174202467473243,0.392402069677805
9: 0.14482487305488212,0.30737870405694256,0.06614959527630798,0.45832596690129396,-0.25879991930385604,0.29095947368085395
10: 0.6687900698057307,0.25363149282581454,1.0996882222932454,0.4816453932104183,0.34568079017504116,1.0073041940985026
11: 1.131414382986139,0.4196574930717277,0.46347610102548287,-0.4602448502653107,-0.027819201983513786,0.8720694778037186
12: 1.0989922206776561,0.8660756647002186,-0.11867279114070106,0.01572056253634546,0.9406702852133947,-0.2994241822104946
13: 0.43484508632730984,0.6833910837100379,0.042028442963762236,0.04628731917202533,0.44713768291506745,0.7814444572656677
14: 0.2911518791574964,0.5984994455313372,0.5038272328887161,0.19370736499699115,0.7934783183202923,0.7842777400005978
15: -0.3538715444937248,0.45965518481317863,0.3467131939933562,-0.005409182054894157,0.4806965838812688,0.7944004083259425
16: 0.9335801824879615,0.29621993281592446,0.35556243097119844,-0.25392638693203584,0.09107827108188116,0.12282028336066037
17: 0.05542776596091886,0.8137014535046528,0.7916803401459831,0.9487305455921107,0.17867808368004884,0.2691981812716679
18: -0.25927370407220696,0.009167147911220197,-0.1151444052581928,0.7437764460739843,0.5448841353142212,0.6778617053852865
19: 0.3324953531133632,0.2371578659286192,0.12567903895160065,0.4623633279468762,0.9585994140056446,0.501423019462856
20: 0.33646994374357936,0.25295934237111717,0.20751061423146558,0.35208235609363364,0.8817887788157601,1.3628908091839214
21: 0.18537970787076358,0.959867418280062,0.8021217741996557,0.10713407035352984,-0.002444877648873911,0.18349598623898333
22: 0.5493801401302243,1.1515913205062314,0.5496645579349184,0.32328585234497675,0.6630103603357924,0.31205640273443846
23: 0.17452338877620294,0.08380147013534822,0.919966994959614,0.5822979916038267,0.5690879698864848,0.5324597375119444
24: 0.04117899703019523,0.2691622885963098,0.2685221881907286,0.6563295371842689,-0.15049850218638916,0.11864085170930028
25: 0.5048793648849399,-0.2033601454839521,1.0237877306555636,1.1484221320821084,0.41922183633316085,0.6998654155951811
26: -0.061409687453293005,1.4024886034439974,0.375116400494821,0.6569014810787813,0.3435083787132561,0.2699279956988218
27: 0.9273706836254558,0.2926924656474949,0.6992959747047429,0.652896053069996,0.7148051515713263,0.12800401396548855
28: 0.8807203250286924,0.7531180445352165,0.22659601239337931,0.7509976276205996,0.46969906825339897,-0.028323220935549842
29: 0.6253302832727196,0.3567883109048128,0.2871017659789141,0.6617247064465324,0.8561651132216812,0.265964743086152
30: 0.7477443764130417,1.0681042919902635,0.7349520226171995,1.011963034190005,0.7919025898356655,0.5374668136671298
31: -0.2121106360871685,0.2540399924569199,0.5244134662160761,0.34372746222323564,0.6183900963061388,0.8975813609262121
32: 0.5961803441776539,0.3681252213146804,0.5264248645585162,0.5687863685866643,0.8766659969121785,-0.1812384309991495
33: 0.18342418506195224,0.5379487749679568,0.6952764269783324,0.013719165684910384,0.8312627274517894,0.3303763807911366
34: 0.6029655691462766,0.6416399899359863,0.3766655102266392,0.9920044640652138,0.07526620107503718,0.4730035543473126
35: 0.4525244875547145,0.7720117200279609,0.3786733858294275,0.5329912897586915,0.42742818236866836,0.545142650349761
36: 0.6465452741955754,0.1812371940570474,0.47226633913293253,0.33872004168125247,0.03412690127656565,0.5250436285997568
37: 0.05347537217282716,1.090831417514425,0.6365681533351131,0.5934657677132974,0.11849503608702938,0.654216372417682
38: 0.3501927604884221,0.5072944569551832,0.3842447427470337,0.18746732657910758,0.6969352511284569,0.3953444953679822
39: 0.4179243700360232,0.6377294366171672,0.7038895479028299,0.797591308916118,0.562468021791282,0.45764232419094464
40: 0.5877929397303291,0.6630958801432604,0.42239775441441135,0.4626896500604421,0.49910750094390766,0.5965464855116447
41: 0.680793152884669,1.3458753340689185,0.21490809342844722,0.6112084782630086,0.22801686712915978,0.2941603444554842
42: 0.6502744100557517,0.42661269296509585,0.1501951909525951,0.3803045509681354,0.5785368398551031,0.5095224848623878
43: 0.4615477176563806,0.37332847763618726,-0.04816244742298659,0.36852212645036203,0.47048825570877395,0.39334827142830625
44: 0.5990241808715998,0.5013203132750753,0.6994243049263695,0.5252667018057795,0.3874490603716796,0.6938852333151153
45: 0.49140843322594313,0.45239701948527333,-0.11248189171117962,0.5052325936920019,0.7312091240240999,0.3045460714250763
46: 0.3308316039541854,0.6526215071173591,0.4835367413603733,0.06438191843117419,0.21455318736718967,0.8951970625299017
47: 0.8644588631765411,0.4189521764638817,0.5607232773335546,0.2838771039183898,0.07824789664852333,0.8456224717588263
48: 0.24770518440439027,0.5102104017549854,0.6686992996036507,0.8098934792849051,0.6732947397130676,0.6522698892446226
49: 0.33521062620321457,-0.03957943778467876,0.6361623164709879,0.6536904271469475,0.8994146256306985,1.0977596239810805
50: 0.4932537773786033,0.6341325101477103,0.6111239106703851,0.031715473129127814,0.956015511543191,0.85899968760496
51: 0.7550275436764395,0.7833094459963641,0.6550225823196416,0.9209488879031844,0.2127261393736117,0.6373504343016747
52: 0.33158356004777056,0.5668448594983354,0.6544945643430062,0.0720732025525771,0.2431029964250837,0.16778946592755412
53: 0.6692244851377535,0.5763897966011396,0.4622019539482867,0.40728554074131906,0.8023880714305117,0.7007971409188207
54: 0.5513756081666146,0.579390854984298,0.8060142898817497,0.6100998963604516,0.3886610097024811,0.290750931802404
55: 0.34541410204848,0.7387115149041884,0.5941322317767674,0.44595976910919194,0.5360561802480895,0.45147045576133193
56: 0.8679624234450894,1.2150357629609807,0.9802120227595834,0.33356508777349686,0.19858141460439716,0.5596227226995079
57: 0.15567532748963148,0.842161924473009,0.34577328651182615,0.4579663558734062,0.4627524724255254,0.1375904466698749
58: 0.3086038231890317,0.10204216536824678,0.5930184741637897,0.694966448769376,0.773896705080254,0.2714166811482378
59: 0.5430673481319875,0.7002169490493934,0.6510807968129712,0.6369286527336377,0.6753499201511913,0.8131282043659687
60: 0.44502614221177006,0.3274112556098689,0.3692766685971744,0.6797303242032623,0.24374802202514292,0.32722548891112274
61: 0.6177042384423121,0.13288658509607731,0.5446588976569544,0.9038035422154798,0.3890667612906734,0.7699415624664635
62: 0.45778868020709135,0.7768919807349716,0.6081225413358244,0.5026432166749305,0.53859197540915,0.6760183240945644
63: 0.5837323050297867,0.733223555040914,0.4397258370680211,0.5997002335790188,0.11888978146046181,0.6264265089485
64: 0.4123587708809374,0.7229513052470806,0.6723494974683064,0.045825028952407754,0.42343746681530076,0.7506204394186835
65: 0.6483845415156952,0.8437687795975084,0.4757161721779412,0.5848896295339545,0.47512049402710244,0.7922493196351993
66: 0.8801124820773812,0.5972552148219298,0.5766641936708935,0.22380177630673886,0.6194356641643796,0.9395953409369431
67: 0.610545010908122,0.6286440070147126,0.9671789941992415,0.33947797437988164,0.6070024319954691,0.9343930066188807
68: 0.7701231491329026,0.9577466009305372,0.8504828361873243,0.470917151211147,0.5695703611911249,0.7451954089834971
69: 0.6756132433934929,0.8351765603357687,0.7339847738587164,0.42666032202972465,0.7328265496967978,0.8792497054137709
70: 0.5823806513165874,0.913217532244174,0.4943483018477296,0.8424287924733933,0.7608982639821636,0.9475321015841672
71: 0.966714573802475,0.8602342081633609,0.7964010840164577,0.7742939997208513,0.8544685305287101,0.9223545371320858
72: 0.5436113305610142,0.8424718482262284,0.9441581630763474,0.6471177015994565,0.9341752624961772,0.5968490619482506
73: 0.8892146606929104,1.0619248102265302,0.5595902864841028,0.7564041098479843,1.063702525230407,0.9120513236627343
74: 0.8436936257956467,0.8760318843993246,0.8875726707439179,0.48692522064579496,0.8468995549428593,0.8221864783543871
75: 0.8043587472399102,1.0949847000405133,0.7114801822452771,0.5030988986050424,0.8175801763692814,0.8396796566891045
76: 0.7702501805238023,0.6730322696641433,0.721033334317442,0.6700909326878878,0.9778320605255365,0.8675384261377945
77: 0.974231219802915,0.9831550055280852,0.826301551215511,0.5462418238900368,0.7784556494147918,0.6818473266121398
78: 1.0017723278247075,0.7805824213013657,0.7430173403710001,0.8890645916473185,0.7755502351773416,1.2059159414991938
79: 0.9927670023996715,1.011234144492148,0.8432546798853247,0.5810848002138983,0.9646243666706282,0.8777892887052
80: 1.0116227057546892,0.9570314321921127,0.7440034431357888,0.7423651986327008,0.6989436109538131,0.8191272949372471
81: 0.775812310745283,0.9645774099859284,0.7621891943385158,1.0538759047845243,0.5249583420045179,0.8666985366695854
82: 1.0250438953899108,1.1735742416976984,0.8715338595119047,0.799445966266938,0.8478175668655026,0.8669802252941476
83: 0.8418909133392867,1.1092832858969957,0.7968537862837455,0.7470450871847709,0.9904409777601738,1.1420033204834747
84: 0.7746360420517556,0.796621889891341,1.0891755252909414,0.5972112745903781,0.8979456805391035,0.9010204286797937
85: 0.8768207792758314,0.9316023070666429,0.9333647817576501,0.8490409758390663,1.1476606392175448,1.147178642783339
86: 0.9450039132380591,1.0095911712175862,0.8245516102250989,0.6213503848514835,0.9481247028945103,1.0777169932022277
87: 0.8851337099587265,0.9439018447024182,0.8031414410984327,0.9017468681136591,0.9514560208813545,1.108910007646065
88: 1.0299731379929997,1.1990255683248976,1.0747509459355984,0.8069132025885244,0.6809208663687822,1.014064471713884
89: 0.9367383826011054,1.100598074845665,0.6558427582946333,0.8617050010926633,0.5998032251124112,0.9684788071291967
90: 0.8571447294382722,0.7495853516617054,0.6075219158432643,0.9928477321825372,0.7919741483129582,1.0373339146656186
91: 1.0143541910672356,0.9330077899571572,0.6044943393768711,1.1259365666818917,1.0333375183313804,1.0018091829667335
92: 0.8414090189059673,0.8977626131213483,1.059174339108287,0.6584743984493665,0.8161256917338079,0.8332051318323749
93: 1.2283335996234326,0.8665787202033344,1.2257519052096502,1.0065471964020793,0.9535473135945535,0.8442644107194708
94: 0.7942683230552108,0.9533307728378018,1.0055515814887812,1.0107352570178352,0.8718532394230675,1.1008518127505735
95: 0.802360817550867,0.9563357259248298,0.8835621700776126,0.823030896624448,0.7588790548193848,0.8510938072345272
96: 0.8717227577173869,1.0256858976624141,0.8763962062375932,0.8845941531986583,0.8529044503206243,0.9294952675629651
97: 1.030271667065921,1.0261753623114553,0.747017778196519,0.9421599809858275,1.178480275276193,0.8957859880601268
98: 0.9741734362771899,0.7905342084308435,0.6825442947870684,0.7744544077745523,0.885396122203395,0.8634315870279688
99: 1.0394066967879787,0.9577332908570924,0.9801090636710593,1.011852277457224,1.0379924275785366,1.1086071605443442
100: 0.8892436116638018,1.0231959311281928,0.6904390129590354,1.0639757780321346,0.9669357061350043,0.9360578413474362
101: 0.8692803840631992,0.8583717409030132,0.8602910888035987,1.0301309086103467,1.1063675701770845,0.9575074611825505
102: 1.1625079821374857,1.0833742888826898,0.7081401032465892,1.1181604981469784,0.9012799867670177,0.9352594142743806
103: 0.8765187416302029,0.9286023301008636,0.5082093717363304,0.769813265922336,0.8234906062335242,1.031514188653934
104: 0.9957562215246721,1.0513640664051611,0.5285508717691101,1.0842853326557085,1.0706020300896189,0.9185386430358066
105: 0.9600476253555049,0.826248865349265,0.32038338749857614,1.0173770077442588,0.9820885814905779,1.0359334451976805
106: 1.0310165114410315,0.927732345531833,0.30107337084168484,0.9834546044274664,1.0723206484759615,0.9093552196694462
107: 1.127389392048099,1.0214813317404687,0.3703095227238537,0.9375830169679935,0.9661674429323386,0.7746479255913808
108: 0.8475292419234102,1.007859746813942,0.30660913075029395,0.7851996861717458,0.9332386297170643,0.7863655371183484
109: 0.9258364351378429,1.0523048353738844,0.17656917043019016,0.9865810796629462,1.0393507907866886,1.036959456841288
110: 0.8282798372320013,1.0614173802569933,0.2667010546903079,0.9918458222824642,1.1729626215953444,1.1383184614161785
111: 0.9659143944382957,0.8639042880286903,0.35260878307970256,1.047200929107096,0.9680718898325065,0.7773289827302615
112: 0.8483116398599111,0.9862043529386217,-0.0227568736070117,1.067181516683219,0.9823999033131037,1.0124673683955834
113: 1.049880807009144,0.9092153117176647,0.1650793248101579,1.0976885443847277,0.8643286949869808,0.9576612925684123
114: 1.0020559804334392,0.8561276628007103,-0.044065495146627526,0.9263176771726612,0.9027267540379096,0.9505223579050704
115: 0.9026028929160761,0.9146110551024063,0.12049599537080845,1.0747562912546351,1.0104738891686977,0.9786594145383762
116: 1.0503913131080411,1.0905276886667628,0.2521150582293254,0.9051217905401157,0.825735943937759,0.8601501134841512
117: 0.865523218936056,0.9042085701639152,0.13462801235833083,0.9166711621391934,0.9987757997424612,1.0114112043288828
118: 1.042252301200213,0.9101481668371326,0.01915284737502119,0.8514203559473983,0.9268697497887893,0.8997226944865643
119: 1.0405449427090157,0.971119163284435,0.03928810212308776,0.9468748410312728,0.9712346675151633,1.0086773480024651
120: 1.040181742261874,0.9287928371003529,0.10526227384624492,1.039712652355034,1.0671949077163294,0.9086020986402842
121: 0.90107023669758,1.1207978504271803,0.10976521084725169,1.0599399004426076,1.0557224597406467,0.8157156716705843
122: 0.8897695304034935,0.9837565733476453,-0.20212281530341236,1.0258422805626746,0.933946462406805,0.8460699906678454
123: 0.9646956159071782,1.0192914234979236,-0.08039396202534335,1.010505261737475,0.8685822765599163,0.8661826368599044
124: 1.0379500627767517,0.9594361995508004,0.24486917352818074,1.1485183049600727,1.0626021860754202,0.7208830180636838
125: 1.0301401133816432,0.8654777856295641,0.05344791349989715,1.015317636405283,1.0200296345902584,0.6910674056409712
126: 1.0257006762674121,1.028930343815886,0.09143700081790442,1.008651819019723,1.0166035693974416,0.6913417404882293
127: 0.9436208992132091,1.0484510161145333,0.07069937154058786,0.9590481140076521,1.0090620625512652,0.8042787454286016
128: 1.056425139220758,1.009084426728266,0.07767178894381838,1.0047554435374257,0.9699055139211464,0.8320657930712978
129: 0.9728507098001979,1.0608894591933582,0.11274635425642658,1.0161469532804999,0.9609554030820155,0.7803629105147064
130: 0.9858880541971587,0.9913871831523613,-0.04251594993073182,1.0398595633949057,0.8925941258133011,0.6966864771391377
131: 0.9795386280815832,1.0598307834216683,0.08291827499226213,1.0047525379831894,0.9686796828836147,0.6115984262514962
132: 1.00901870360394,1.0721846193822273,0.010011804278429404,1.0008051854038582,0.9663210419073033,0.6795986834902928
133: 0.8727144085415923,1.0320820056612816,-0.011123811625713444,1.0635230560190976,0.984379320516326,0.5322467629397872
134: 1.0050902687604266,0.9033263285984574,0.09891291620717499,0.9424964216737731,0.9304293347557081,0.49102156672140385
135: 0.9792798505072271,1.0316146271435398,0.05871190474604705,1.0290668599243293,0.9262578994321286,0.42542545910081747
136: 0.9712325038206757,1.0347642510802992,0.053033314615244596,0.9361405152806455,0.912281447939249,0.49411702775617444
137: 1.0068723606872214,0.929810713979693,-0.07711839948244299,0.9441395503257471,0.946740956663592,0.3189708320653531
138: 0.9370594346862603,1.1178464566427033,0.05100592189836516,1.0227341580620652,1.061953314293455,0.30464156800419884
139: 1.0245600029491804,0.9499955534941837,0.08568853235557708,0.979100940574825,0.8880217551252669,0.19381383364881338
140: 1.0177442554341565,1.0545168973643944,0.03567222194428077,0.9227426314456618,1.0986170085264324,0.204246367318298
141: 0.9481143768567055,1.0102306549467543,-0.07549054728619503,0.942829158473241,0.98316725284633,0.28415014786062615
142: 0.9035187175849536,1.059308764490111,0.02110351158752236,0.9199126654091785,1.016033693738585,0.26475327759708833
143: 0.9928836625711749,0.9368532555524149,0.07038199409329057,1.0024454665086955,0.9068303052034798,0.13396744461711693
144: 1.0660539217977802,0.9922552354829315,0.049649525297952024,1.0389302381472385,0.9844077719187051,0.10839009630437046
145: 1.0348868777483693,0.8918534930842467,0.031961471289575584,0.9677597905653106,0.9704671250456277,0.17217360114772695
146: 0.9935928677556348,1.0422800394645575,0.09568304303947783,0.889035750718168,0.9326635993069311,0.1718421910577005
147: 1.0413500322368225,0.9107396647630606,0.0338821333288941,1.0121976261923529,1.0068860138032176,0.11083318529416279
148: 0.9957902786477298,0.8849281178919073,0.05080819497005736,0.9552694503335842,1.0126242695757326,0.1007423231748138
149: 0.9658974644038806,1.0211849696580093,0.004493214921558238,0.9979830941549491,0.9878748206197635,0.04043272337069739
150: 0.9061922896971748,0.9408787907022125,-0.012208433860266658,0.9168206799720018,0.9890653463749629,0.14687466490276085
151: 0.926548423606542,0.9563003012185246,0.0056222973835526905,0.9119397476646113,0.9310573343815323,0.049136391354739795
152: 0.9295812484138629,0.9754664001484631,-0.023352614383285474,1.0011230746315622,0.9162131814401626,0.11027000919728172
153: 0.9815346013960629,0.9243439475555236,-0.03421116793769913,0.9411352603105296,0.9807432411726503,0.07928139181149647
154: 0.9978255912809957,0.9863716765696319,0.05701599545385697,0.9075603913382994,0.9985114621794856,0.009056425527323886
155: 0.9721183400171683,0.9505734031743794,0.02331075599238819,0.9689988831868919,0.9932660067286911,0.0516460932215959
156: 0.9528273835269888,0.9864670910845905,0.07753858270154719,1.0732834846857138,1.1210781684898612,-0.03004011187310665
157: 0.9854494300072851,0.9164744033522589,0.048906330052332206,1.0243910646710235,0.8930457494671754,0.05556211978131221
158: 1.0058417967058766,0.9512088266358911,0.035069711908400615,1.028489873737043,0.985595011987637,0.02919453792360735
159: 0.919051455994388,1.0530843551660949,-0.030783125900096568,1.0500544183832545,1.0112864835209947,0.0005262072421966871
160: 0.9600651271845629,0.919546598864073,0.06277363320515941,0.9942704361275987,0.9720938068634924,-0.00118697393464378
161: 1.0513667034884213,0.9755778573789222,-0.05250034448790694,0.9293298594890216,0.9709313134601892,0.028273398214096718
162: 1.049001298893811,1.0054740099725776,0.06706740179129347,1.0239927563062632,0.9872178024808232,-0.008092931442983183
163: 1.000981127699111,0.9341843848839889,0.04415211881776336,0.9932330938936335,0.9467833494022454,0.014349454176760652
164: 0.945209941900922,0.9794619572384577,-0.007948259057721695,0.9526266637117485,1.0155164839000206,0.06243198986181642
165: 1.0402703137580345,0.9675762660184489,-0.015886360086692176,1.0113836731001467,0.9926704238882377,0.09211098621355099
166: 1.0077750070783562,1.0062022781736661,0.0037823674578349236,1.0128357936218852,1.0121973618366753,0.005591430282329966
167: 0.9416768417905508,0.941486650572195,0.02460866936993008,0.9847899163576217,0.9311930510153219,0.043664545783867345
168: 0.965033856363075,0.9315848642630206,0.014579642724850994,1.0355099764559237,0.9701047043564903,0.05771876921744089
169: 1.0024506803052382,0.9754060015175706,0.02379505930001793,0.9731746239365908,0.9866993919438327,0.014037218446168528
170: 1.0245598493073635,0.9723072534120348,0.030194370971929358,0.9421012803171758,0.9661206860197332,0.03862103103738378
171: 1.0702112212864512,0.9065392707543419,0.01115065861260199,0.9639960410159916,0.9562376685244499,-0.017599901146454745
172: 1.0441822518223973,0.9651589872844396,0.08042553952401667,0.9937901753815774,0.9555353027119976,0.07781569208021237
173: 1.022470535019643,0.918532237004287,0.020164626847362706,0.974385682551715,0.9697657461521291,0.06626604680402279
174: 0.9676675189523963,1.0126653521260633,-0.018455621438715555,1.009881368915288,0.974075759404607,-0.06880188861666733
175: 0.9953222475147759,0.9583407557143357,0.06834379579388636,1.0049552178191137,0.9406050760675707,-0.02512986721569819
176: 0.9827532798832377,0.9689948903764738,0.03572484843044957,1.0190786266841168,0.929179250595606,0.004163082008131414
177: 1.0357391851097142,0.9946894953138644,0.020575671199059023,1.01257316508148,0.9584690938649286,0.036373151392305826
178: 0.9779964054734227,0.9221094463530451,0.03082923270871365,0.9735945042689541,0.9419193210803588,0.052899109171035366
179: 1.0465231753324642,0.973143324181551,-0.02340325106467464,0.9946487373690184,1.002968889224599,0.013604806883312944
180: 0.9892914796059357,1.0036713268425757,0.04312040541571877,1.0847089567927959,0.9857135537280508,0.007067230411779755
181: 0.975404259027591,1.013157403627334,-0.044012285292407353,0.9957944950254809,0.9888407899263707,0.05078154444907734
182: 0.9695699639902087,0.937639825878546,-0.03737136315228802,0.9700967368493203,1.0025973979578617,0.04127282779206784
183: 1.0025472315679471,1.024450512816095,0.010644358681325667,0.9880541399053567,0.9374737888421681,0.021002405097047424
184: 1.05153277723882,0.9640163195601575,-0.003583408280712453,0.9682859566186399,0.9588760856083572,-0.014591369506347047
185: 1.0567117777677686,1.0033982761872808,-0.015297829701152406,1.0258439321459796,0.9883420368880359,0.06773728020706202
186: 0.9883412798821835,0.991479936050421,0.022327311342554917,0.9726019776882622,0.9932368823513297,-0.007197328520930534
187: 0.9734550475072217,1.0023048250821895,0.011412779541625732,0.9768166633011149,0.9604128504536956,0.016166664085734334
188: 0.9329510572138048,0.9810944410544163,-0.017838879182741296,0.97884169680238,0.9768821885890785,-0.00029576778949830067
189: 1.005654476407968,0.9220701367903233,-0.016373249745219306,0.9700430726117316,1.0111740451465365,0.04156936985363714
190: 1.0202398580427834,0.9549136813163206,0.00950922485360444,1.0119689960702785,0.9680930722577813,0.025423415552159434
191: 0.9944297944568179,0.9857999359511723,0.0021767109188869553,0.9945563600528713,0.9748382815880637,-0.0009447669213614156
192: 1.0194255367149494,0.9378029370781127,0.05323626427825407,0.9463039234186879,0.9683107911615024,0.0056398989528679755
193: 0.9356576554461676,0.9398442709748644,-0.013030748853531463,0.9883714261833664,0.9613522116022839,0.00902402507877064
194: 1.007072954454778,0.994702001072451,-0.025115586752631376,1.008366296555116,0.9958454410941636,-0.01612137531583139
195: 1.0103002756771924,0.9412782481080214,-0.004903069785899375,1.0146336932582039,0.9758907712154934,-0.03532938764766589
196: 0.9763127931162395,1.005019113884145,-0.04667108742592853,1.03625428726838,0.9763540250109648,0.0446581157762951
197: 0.980330728755887,0.963392964214278,0.035525737058406365,0.9953171944674551,0.9840084228370578,0.006370714551798076
198: 0.9590103105558846,0.9788202547311241,0.014753550222616,0.9888202227652094,0.9372741190920519,0.023488528534773342
199: 0.9713252136541848,0.9786244401826873,-0.006152669055924766,0.9832973653038379,0.9737023977813088,0.002968646965009412
200: 0.9795962037770954,1.0027084697782302,0.0002230187228414596,1.0303707992592959,0.9716066657069597,-0.03182486918321859
201: 0.9782925337802771,0.9613452904617923,-0.038760528923900056,0.9882490724155765,0.9955224060966005,0.0037966473174310443
202: 1.0108972990414478,0.9502274363648046,0.009026398198695457,0.9645987199566058,0.9707610927987915,0.03992035838673541
203: 0.99258531487531,0.9680321174165808,-0.014232523353585231,1.0080009602768403,0.9556207356866122,-0.0088856569388189
204: 0.968015350599875,0.9989833472060388,-0.011197914028023788,1.0099344816507878,1.012462193319418,-0.030331997495497823
205: 0.9755781297984728,1.0345115499989854,0.01647300148934871,0.9998234559140784,0.9918903046247696,0.0007671650203065448
206: 0.9826458707157748,0.9623516484241597,0.014086575090075083,0.9927543039117037,0.9956661679078586,-0.002424751959340469
207: 0.9893684059627178,0.9899086715124712,-0.009799197226354228,0.9913094711727232,0.9790841890427643,-0.01858467228836714
208: 1.007767858937891,0.9917431578496132,0.015871624378902938,0.9710007562154447,0.982034718831068,-0.020981398801690452
209: 0.9571297763994335,0.9973358974705315,0.002394774267313455,1.028168742078963,0.9753953066408416,0.03422667048507877
210: 0.9981401852908889,0.9975637526795851,0.03132447260465703,0.962699770308285,0.9681695223300865,0.011662940082370489
211: 0.981534178540715,0.9742022985024994,0.0007769577229097841,1.0049574159205061,0.9566934258434223,-0.02078023282200324
212: 1.0020303585347368,1.024750549253437,0.0439109446580493,0.9654687160113153,0.9641184036523104,0.01148544045903344
213: 1.0143514105995608,0.9677285865747188,0.002297012331703905,0.9772501858659376,0.959067008617939,0.0164324420537051
214: 0.9878720194591425,0.9753307216132862,0.017972050352043686,0.9728129987972468,0.961901171967606,0.015006408915081329
215: 0.9842466328275173,0.9479932387014255,-0.016518336432623196,1.000507516071239,0.9529691080975022,-0.006164896465081442
216: 0.9899122249298415,0.9684750149471718,0.035893172178811786,1.0022213635283221,0.9581386530726449,-0.007517786371329674
217: 1.0068564933913096,1.012179856230036,0.0016976208897523403,1.0007583920228866,0.9940095694609958,0.015870624323773397
218: 0.9992733599559849,0.9935852027248772,0.0031503954869448927,1.007025562115559,0.9836372150778716,-0.011569188513149073
219: 1.0245122381952065,0.9893193761883454,-0.006595106363516607,0.9964062649613777,0.9909098335946326,-0.0071694475922387
220: 0.9865872602787968,1.0352980712832593,0.0005450939785761775,0.9785039236899362,1.0052122348706447,0.015663164562273783
221: 1.0178759449696653,0.9630767786471875,-0.005432909483238249,0.9552484001076905,0.9900284996698268,0.010572405856466783
222: 0.9883490693551331,0.9912385688973359,-0.0007747193789568209,0.9796701855155668,0.9784662593484947,0.014836789220593683
223: 0.9820945993605327,0.9599834626314409,-0.012255852720151113,1.0328819851422797,0.9885148770250354,0.0067846614058584866
224: 1.031640870470552,0.9757123015829313,0.007067677630186061,1.0172195647475555,0.9475455978099505,0.00941347220848228
225: 0.976369075536559,0.9806059042955293,0.01144157448291953,1.0084370673518759,0.9794329602571038,-0.011725362528230747
226: 1.0214277005645174,0.9728435557927931,0.014613846338413483,1.0077744148113341,0.9935998616339254,-0.0355890782192906
227: 0.9990377536163634,0.9840803698574149,0.01657754649065521,1.0089402376137249,0.9727466341789486,0.010498136540060841
228: 0.9622902810415817,0.9943587292469782,0.0060554092057532325,0.9936865097337098,0.9641382694326038,-0.0011494041138056556
229: 0.9785559778169887,0.995751873807217,-0.005857511737227627,1.0079016766172628,0.9699494367429822,-0.004501370011735186
230: 0.985377184844773,0.967414852741452,-0.02929464892855827,0.9925406719825957,0.9930490036104591,0.012162139045044248
231: 0.9896197522855963,0.9810366800542668,-0.018489530494335625,0.9971491307361426,0.9958599353504468,0.005062098771337377
232: 0.9807130563337977,0.9860993479098934,-0.00010909111551161412,1.0009240070762155,0.9686815346962456,0.011720686665051161
233: 0.993517606594369,0.9816973387298958,0.016727173545088774,0.9978725342495504,0.9941161604375776,0.023104192413676682
234: 1.0021274571428458,1.0121745362094006,-0.007843670290009286,1.0009934981124975,0.9960674744912676,0.005855314879383895
235: 1.000248422398182,1.0015619371537303,0.01747928320592703,1.0011035305531701,0.9842092739066755,0.02081517527004963
236: 0.9691274910121797,0.9925036887113857,0.011989937406185962,1.0004958318529744,1.033054189486958,0.01748194330624568
237: 0.9890620576324405,0.9636180229932481,0.013291674450758925,1.0012010168122332,1.002050221627045,0.014739459696432079
238: 0.976701634184808,0.9941772917322188,-0.002199334482388071,1.0026677701994835,0.9875100729922092,-0.016130378320814247
239: 0.9980189214762013,0.9933202122643288,-0.016904487776409124,0.9960025793925052,1.0084144056280848,0.0034535523913330826
240: 1.0053867746686718,1.0017763164404623,0.0063444484597543595,0.9914693561267784,1.0048137537642812,-0.012673253239718636
241: 0.9810209683158292,0.9826106226994075,-0.0011141766539389236,0.9866050661075543,0.9843944974011881,-0.014676100158926769
242: 0.9882275038655782,0.9966144605022199,-0.009579311625615261,1.0028525968738315,0.9879193001842619,0.029420507655262593
243: 1.0120174101493336,1.0006897280709193,0.0018921865698602333,1.0205354088835938,1.0056002808131723,7.724349609703699e-05
244: 0.9884624981114603,0.9868252737793303,0.007884702999679177,0.9815815777619159,0.9838650802355895,0.013015900385323064
245: 1.0117196761980902,0.9839951931999806,-0.0053635976170221585,1.0135394338346784,0.9883320228151565,0.0004570499858772318
246: 0.9866300063619853,0.9804190707557308,-0.005856651100883969,1.0091958056495778,0.9831298755754486,0.006295043712114898
247: 1.0044390478453626,0.9694068322993494,-0.007148749270869363,1.0026624203893695,0.980207757778518,0.0005230365689759139
248: 1.000434574873074,0.979558379056105,0.0018638134906888023,1.0216031056862422,1.002547546666959,0.006225404107211476
249: 0.9882698440059556,0.9961347795017558,0.005053535462192216,0.9788006994576565,1.0122242716611822,-0.007664996249662324
250: 1.0037261703204998,0.9788928952478212,-0.021897378565907816,0.9996376159746538,0.9760212039832457,0.024790206289500728
251: 0.9977252608379652,0.9871819860590515,-0.018844602142341602,1.0196780653751085,0.9796510291481444,-0.012865544404983068
252: 1.0198408767449982,0.9978240450363981,0.010047625112238067,1.0194901952375017,1.0042252186133125,0.0015428634299530593
253: 1.0031540949998403,1.0077977543723553,0.008129417042783778,1.0221849819669535,1.0120391989511868,-0.0012541015576750317
254: 1.002689690665753,0.999611859497848,0.004075099502237866,1.009295217187603,1.0129981621994957,0.008489241969883298
255: 0.9975742749658567,1.0098944418395792,-0.016187516933192623,0.9765543937254543,0.9899629180324705,-0.008659128083564421
256: 1.0007917846175967,0.9813543116525475,-0.002650936327207592,0.9939153666772162,0.9762386660308792,-0.018057368717887982
257: 1.005041907890155,0.9845303636287914,-0.016968719479125875,0.9901205643821458,1.0049517538535822,-0.003787700153193613
258: 1.0017759061545146,0.9853218308096865,-0.024660568303086886,0.9842150042002807,0.9950173187493686,0.0056790696061616965
259: 0.9995372884207607,0.9874051948362924,0.013629468196174546,0.982269045124667,0.9789389183699608,-0.011539775570199815
260: 0.9882414991144391,1.0089956209300222,-0.020193250601212267,0.9793389415380597,0.9938737137626137,0.002169004593291793
261: 1.0013660851401867,0.9920281783125066,0.02655022817737856,0.9954659638643398,0.9976942770282377,0.01018293265089713
262: 0.9887317118473891,1.0095395136229872,-0.010596269193367184,0.992616691242821,0.9936225049422457,0.010491408650716755
263: 1.001812467881495,0.9899813090592122,-0.005985660115338331,0.9821511003613742,0.9856156063144103,0.0035081821353565097
264: 0.9941892487273125,0.9962511154915563,0.0038815266536120466,0.9980858863925592,1.0013135871847214,-0.012990607739953126
265: 0.9913757958459377,0.9928429312934095,0.005635511695072036,1.00741374197535,0.9937481846399429,0.005136875325034122
266: 1.003343492592714,0.9964221075061079,0.011299619146909986,0.9945402864999696,0.9900139044944156,0.0012949640179865983
267: 0.9972649233072873,0.9883293215731777,-0.005155880247185328,1.0044474471699327,1.000835588439856,0.00670640399419971
268: 0.9908272693667385,0.9754216468898615,-0.0030959347778628235,1.0026046593953382,0.979653485967595,-0.006577014791599819
269: 0.9911275719931241,0.9833723509311523,0.008878977398848967,1.0028923122290616,0.9934509472979144,0.0004371486921883951
270: 0.9998860838355911,0.9940368053929697,-0.0025570881576769955,0.9980239314172096,0.9791338426784307,-0.003141967986143253
271: 0.9862544812970122,0.9942832858324107,0.00683628468047237,1.004389449882891,0.9791828735925627,-0.0013707213355960836
272: 0.996690229741149,0.9998165400562393,-0.00390922170485933,0.9997564768413097,1.0026454218924492,0.011316234976528122
273: 0.9994981531914049,0.9965914918682325,0.022803488332997432,0.9838269654369263,1.0023041215493718,-0.000655799051247654
274: 1.003158408745085,0.9989442895020363,0.008359646792979139,0.9919885522748062,0.9882333239533789,0.019135606055652867
275: 0.9874548904610507,0.9955131430027553,0.018295622287449766,0.9963950734660142,0.9934100198368906,0.009262631840591852
276: 0.9966870486880267,1.0022590338940318,0.005008468581153039,0.9951621766416123,0.997552668931801,0.006466172555632865
277: 1.0048796113877858,1.0026624457939215,-0.00030979273340209245,0.9953785852173704,1.0013662775274546,0.00949733385960522
278: 0.9906744131267865,0.9916556391660476,-0.008020362543154113,0.9959701878458493,0.9964522843098685,0.00186388615603504
279: 1.005552559738434,0.9958791105364042,0.002867239639948048,1.0006297176093795,0.9981469305189582,-0.0005247297880057484
280: 0.9984250583631366,0.9933220058572472,0.0011341636444528475,0.9886247665219696,0.9966258945232144,0.002999766079810522
281: 0.9881678703760077,0.9982775418297215,0.0030873670317034065,1.0087451124778988,0.9980716683844155,-0.01594882802975588
282: 0.9900085251933374,0.9932049412243416,-0.0053154202124172335,0.9937091453156734,1.0044343727530731,0.004869886954143086
283: 1.0122315131475388,0.9829994430323225,0.005111319994284974,1.0045495061013272,0.9995509444520999,-0.009257558147253998
284: 0.9994259377591962,0.9819900426746129,0.006326460011960449,0.993866983537267,1.0061081788178265,-0.00024156905650901976
285: 1.0012732177701904,0.9942179399086741,-0.0021954309266174806,0.9955129374263423,0.9983904375734283,-5.9251236080093373e-05
286: 0.9960218770994271,0.9900256511354243,0.007077943354331981,1.0029262719351988,1.0098061932020408,0.00368933659345018
287: 0.9928291959759663,0.9956272166723973,-0.001048432144962134,1.002743792751562,0.9988845838702664,0.004998628939731995
288: 0.9890263855133884,1.0092788937716413,0.0033501952710484903,0.9996418864391426,0.9915867386362087,0.010837297701450102
289: 0.9951399901639797,0.9996389455572484,-0.00863876369219858,1.004478633253871,1.0029006891122743,-0.0003419413716407196
290: 0.9887122651079598,0.9988247838154797,-0.009262521348831886,0.9880665186072469,0.9959544411839063,-0.0031578016817453295
291: 0.9996317345317851,0.9915594462435036,0.00896482669309445,1.0039048001184598,0.9973281183726956,0.006167487656159196
292: 0.9973201221614285,1.0018612701953262,0.005275123600265068,0.9915219501749547,1.0041085171998358,0.01217953769007398
293: 0.9954899249898912,0.9883409829022685,0.013846713918663475,0.9937343097822797,0.9952547321675896,-0.0049532512803101445
294: 1.0036507068088731,0.9933215535768892,0.005457975862829672,1.008487316057128,1.0088573384741855,0.0011079402089677042
295: 0.996943012781421,0.9962697775741106,-0.005778634784957093,1.005482767229055,1.0021624977059498,-0.004829612138168323
296: 0.988051031539275,1.0016124464682343,0.0012746023998477403,0.9915907582901874,0.9969347909174702,-0.0028917152983065717
297: 0.9961232909625397,0.9974499856847422,0.0017212573259456126,1.0008151678126453,1.003090734080928,0.009423955717850156
298: 1.0045011651159248,0.9823323852152135,0.0011959910303617775,0.9951499224882286,1.0001787382580458,-0.0008405370091046074
299: 0.9933703954500357,1.0094021392828036,0.00164065795755488,0.9989324320292232,0.9998219553802343,-0.007032907791383221
300: 1.0145229456359737,0.9862231186506639,-0.0022365927182518824,0.9940683702656027,0.9928138272775976,0.004493269892895481
301: 1.002094351660844,0.9941952247714073,0.0028623201902037913,0.9967026443205099,1.0001261103900094,0.005391696732221747
302: 0.9985060974840126,0.9961176298862594,0.006149215342973194,0.993419000738885,0.9971828870838776,0.009699876750632363
303: 0.9988795204183938,0.9972817302225049,-0.0008490286819158354,0.9882724147859443,0.999327170790304,8.485708922844075e-05
304: 0.9920091501364162,1.0010740877135467,0.0036416238439178597,0.9929867773259367,0.994630595102049,-0.002306132077375536
305: 1.010740635027256,0.989961908684298,0.004227025832635322,1.0008660497271549,0.9994623893609043,0.0024140049297529664
306: 0.9948676812733369,0.9953262291872845,-0.0015119610813866787,0.9988969398356833,0.9979230121908799,0.0066645485073471445
307: 1.000189904811011,0.9881466484402435,0.005746776302993252,1.0020204101094459,0.9984817886913411,0.0066866399092892475
308: 0.9999517039256892,1.0025911454077923,-0.010269202572008237,0.9982735243758383,0.9900082604927793,-0.0028412234350303086
309: 0.995207898081881,0.9952659257164386,-0.000898435830024651,0.9939304725893464,0.9964727814810938,-0.006588361274342421
310: 0.9984800855939923,0.9989521510618038,0.00209066686413985,1.0003368692294947,0.9967775019944489,-0.005523448997683882
311: 1.0046645293198575,1.0010471360359792,-0.004163749123529167,0.9990668182981703,0.996323748594742,0.00033144068855514157
312: 1.00294053738436,0.9935279150791985,-0.008744696028149212,1.000821866107143,0.9959009095677323,0.0031982649915702696
313: 0.9949679321372323,0.9934634768520486,-0.0001447805576023915,0.9974897633556943,0.9980199612543343,0.002736062660633407
314: 0.995180235804894,0.9953667516647996,0.004181460665448545,1.0015862355506018,1.000881233644939,0.007091258428038265
315: 0.9979093746357334,0.993143910729486,-0.00022024259767648388,1.001063470412619,1.0042835557097454,0.003092204850876455
316: 0.9997573612119561,0.9909417636215324,0.0025728928627202084,1.0004248621520242,0.9982060679805138,-0.00615641766711559
317: 1.001763146595973,0.9939471781570569,-0.012470230416179727,0.9996879619608879,0.9966325789068329,0.004348294852630552
318: 1.0034461806570567,0.9976863380027376,0.008267957585818199,0.9972152941191004,0.9978215838639377,-0.00028202123055814736
319: 0.9983556571575072,0.9974029408290971,-0.005796597180566804,1.005368823027855,0.9956286213928378,-0.0024994561984222857
320: 1.0018868684742994,1.0004024514921657,0.001217829807492732,0.9919279286116003,0.9932310274200132,0.004313790822090625
321: 0.9943248788484117,0.9968422520962652,-0.00039638140134581694,0.9967828601786671,0.9992146857371964,-0.00031785217445406836
322: 0.9994480397035782,0.9920567076514872,-0.00034382901804437386,1.0023583765321629,0.99864025374338,0.0009572967717763305
323: 0.9990636358542183,0.9924982784156186,-0.001543897030358339,0.9995421726958784,0.994256533118349,0.002808142157979778
324: 0.9985987157014832,0.9882282050917203,-0.0028018171401520174,0.9962760418867144,0.996483882151687,0.005494597327523401
325: 1.0000823405391912,0.9984089054644769,-0.0002730426135870057,1.0001609198980224,1.0000242840315101,0.0008375101842807124
326: 0.9963623086282192,0.9958991430125129,0.006499424009602696,1.003965074067296,0.9923092254233191,-0.0012013786022011927
327: 1.0046046953767949,0.9933111370468851,0.0028815761294373327,1.0076403789310902,1.002226180626942,0.0014149257750065121
328: 0.9917544704052419,0.9957727125894026,0.0029573086843678376,1.0018065956149926,0.9954685081387621,-0.005688148354431878
329: 0.9949893938616813,0.996352071782414,0.0006730591186823,0.9997584959217672,0.9968956958877917,0.00454136358468436
330: 0.9987693788798068,0.9895738685856937,-6.291053033821107e-06,0.9974736864870797,1.0003279553818714,0.004049412893583217
331: 0.9940966146777062,0.9975578276489709,-0.0010555131140799927,1.0011059189837463,1.0047138793712636,0.00010203355635893176
332: 0.9964567464050303,0.996265397004979,-0.0013023045214919397,0.9965152889971446,0.9989797270681796,0.004751781976913207
333: 0.9998726478652105,0.9942994135812874,0.001841989864347659,0.9955625853966426,0.9993691436472392,0.005074395222605927
334: 1.0027287774342077,0.9954858168427753,0.0035168898366066746,0.9965203901161185,0.9966645654757214,-0.0019649921779644323
335: 0.9977048572440186,1.0018319303893186,-0.0007906276515366798,1.0006627135668,0.9985716727729705,0.0021102008304335305
336: 1.0039168892481873,0.994824285655728,-0.004452306848802833,0.9997338380217967,0.9977770527928133,-0.0006029976388629643
337: 1.0017790188590237,0.9976050687198393,-0.003378859479257453,0.9956164031588145,1.0020448527289938,0.004117273714051005
338: 0.9983123461420444,1.002414775854467,0.0009342277211789654,1.0013790721336484,1.0032682784743507,-0.0036011721563321336
339: 0.997054305683029,0.9946708808054334,0.004653138954917385,0.9969855573599561,1.0050358484397908,-0.00036701030041962047
340: 0.9975582721596239,0.9978655882599753,0.006023791075961644,0.997391746249649,0.9939792083791134,-0.0003442666179184848
341: 0.9960023652848841,0.9983965414635428,-0.0016956004932051267,0.99700625614513,0.9978131465110707,0.0011695261134445248
342: 0.9976780649637975,0.9953578717382163,0.00022015366157275942,0.9987216187984483,0.9944484795628805,-0.0005423035003007625
343: 1.0035112433769997,0.9988017483684362,0.001478092028107104,0.9991095063581565,0.9962277239493681,0.0020740704940130704
344: 0.9965471033431487,0.999094156391816,0.0008163919218994351,1.0042122938717541,1.0031040561397704,-0.001634955219609123
345: 1.00130940606262,0.9926118331643781,0.008200034607736162,1.004256051110144,1.0001408590718073,0.006392708163405198
346: 1.0016879570902741,0.9948237172793502,0.0038789175560726467,1.0024792029005418,0.9994018540038017,0.00021338819713917988
347: 0.9965361836502408,0.9956545896375472,0.0007330493984408823,0.9929416717397279,1.0014654891191257,-0.004476757895243227
348: 0.9981668160748581,1.0024504424425444,0.0039485277977699546,0.9975712806581025,1.0023633169806199,-0.004980634077608414
349: 0.9988866925656619,0.997481022216937,-0.0021705734989990585,1.0003462341485811,0.9943186935008186,0.0016758532867470221
350: 0.9984097721463114,0.9934403885450408,0.005897027970945168,1.0005423600684473,0.9997055867957747,0.002786280062388848
351: 0.9978620900186821,0.9930600600345939,0.0015793013442643355,0.9993500729757402,1.0003610321892211,0.000898212635103853
352: 1.0031097299106466,0.9989072263598725,0.0026485676820579753,0.9975765038026044,0.9969397031773595,-0.0028889438109901437
353: 1.0006876330261987,0.9959710878601504,-0.0033445087444691013,1.0010430714799172,1.0068636601341747,-0.0018836813856928096
354: 0.9980398713619842,0.9957339206445652,0.0019233329199376962,1.000836319840701,1.00296208717663,0.0004849592149551022
355: 1.000885920999461,0.9983711032919611,-0.00013400646142073267,0.9946351337546984,0.9995824759993034,0.0018066765979629171
356: 1.0011982723601613,0.9941907817056248,0.0018236190599351188,0.9992128445253663,0.9994742443081142,0.0016771357089262963
357: 1.0000920859617188,0.9942654887463266,0.00521938873522703,1.0004356525463791,0.9986007407351283,0.0026695693603887116
358: 0.9994444156389899,0.995241072352653,0.0028830885713405996,1.0030127940379352,0.9969620998723865,0.002844153128838942
359: 1.0031349243381769,0.9946910845333159,-0.00170595816382488,0.9992687301279893,0.9986735552631889,0.0025680375624552573
360: 1.0003319832554105,0.9923405251750232,0.0020656152095829966,0.995382084914174,0.9981159435795467,-0.000996938026251438
361: 1.001307937993083,0.9976848891816277,0.0028232685321206035,1.0005974328305927,1.0036069215158383,-3.1206666957603064e-05
362: 1.0024085684358826,0.994151687889613,0.0023105183389356167,0.9990222276194236,1.0013284472080362,0.003918951023207768
363: 0.9996557558452124,0.9943966717274325,0.003722498294544861,0.9999231099019453,0.9948533150076059,-0.0019343250867206382
364: 1.0000939477366964,0.9936394053387821,0.0031586428469827467,1.0000827741612348,1.0026408980016737,0.0012023101415928735
365: 1.0011007327083472,0.9908287467601016,0.002128252211180384,1.0000354163598093,1.001789722161903,0.0009518820338897487
366: 0.9988711566097167,0.988065261081684,0.0034787536227314964,1.0020617638542952,0.9982790711035848,0.004526393978207548
367: 1.0017284557132589,0.9876224611324651,0.0047176540584284955,0.999014142216502,1.0018803216545755,0.0001245595946079603
368: 1.0009963359398362,0.9873640436170255,0.004436131431631903,0.9995649937516106,1.0015722205527662,0.004143324586861032
369: 0.999507438595057,0.9822828450557409,0.004996356644298657,0.9977705160355063,0.9982817891480609,0.002711066414992074
370: 1.0005446515123093,0.9772211097537136,0.008781834270150316,0.9999284914616977,1.0014772680750614,0.0008891780313148094
371: 0.9992390361102489,0.9734816446683249,0.006244377779310996,0.9987003551551243,0.9994589877458526,0.0021510612506057862
372: 0.9983252937003986,0.9591602603119906,0.009978692172277186,1.0012285079327217,0.9992447329061851,-0.0008502332808724478
373: 1.002995031112946,0.9411430787475172,0.016358643458418108,1.0025518218741196,0.9982570862335783,0.0003669865319543209
374: 0.999700734628771,0.9029909613269715,0.024591308330919683,0.9990354927357652,0.9987948254869456,0.0029350542133006344
375: 0.9996960492161278,0.8551362764863992,0.03360556262898366,1.001009007568557,1.0021481194394253,0.0023301622492948467
376: 1.0018423793262432,0.7669228105221144,0.0621331153811779,1.0005145113253187,1.0036281375739637,-0.0013029009182995517
377: 1.0007502538645139,0.580317964221631,0.14299060278206327,1.0002671788758244,1.000855555993426,0.0008567182128592667
378: 0.9996081459839901,0.36606877329386955,0.35823275834955953,0.9957381551297741,0.9967490866940343,0.0027561404083615206
379: 0.9924157051696814,0.2945306114042428,0.5154326913883404,0.9935746339671588,0.9964711444247775,0.0012816104409067947
380: 0.9964873207304975,0.3448268660399752,0.41085507251634795,0.996052789959484,0.9975222100790474,0.0012512764158775051
381: 0.9993579717243971,0.38223698394569516,0.3383333267332563,0.9963839046917613,0.9982833739588123,0.001547073292778135
382: 0.9940984206559397,0.3985854735343672,0.3188290366251506,0.9984305669568219,1.0003033442295035,0.002669675120755469
383: 0.9985535878268376,0.4062486209771222,0.3005627693231474,1.000425905760303,0.9988494791814467,0.0020639219989114677
384: 0.9983860264833337,0.41031585005398713,0.30328596337845526,0.9996371777643571,0.9993361318673025,-0.0011600700117792198
385: 0.9962859726020002,0.40299102638241163,0.30124480821995053,0.9997356824591462,0.9988685600890793,-0.0012541822956416318
386: 0.9994014398847069,0.39912017940652944,0.30227095816519134,0.9971130606369863,0.997714083836601,-0.0017186212168315237
387: 0.9983466314907218,0.38992911829128946,0.3075183650479063,0.995707115880515,0.9954577519926533,0.002589203170470693
388: 1.0001756688758416,0.3820244798528775,0.3126717413261711,0.9971393999236341,0.996955166119905,-0.0011673194853639424
389: 0.9979126452982275,0.36602524411536663,0.3252032398339414,0.9997713067958975,0.9987296657934106,0.0002703425399008448
390: 0.9980334435614898,0.34976049158007083,0.3308683648688006,0.9982393889109199,0.9970538991283482,0.001916716913199237
391: 0.9979433130139704,0.33426018773463334,0.3534236888348064,0.996313819221308,0.9974716884871891,0.001806291350933664
392: 0.9999373993277225,0.3182860904272283,0.3612259717703138,0.9961933932720088,0.9957313727093096,0.0016884401647871273
393: 0.9977136738630366,0.3073748427821919,0.3448172818231109,0.9983868331634572,0.9963222794599623,0.0011960318768016814
394: 0.9965364057752828,0.2966681438362903,0.34538262559343796,0.996917273666208,0.9982863420042449,0.0013777979620695708
395: 0.9987819324841545,0.27974104927267435,0.3514156126919482,0.9972207196208946,0.9993759388079138,0.0005501373108324389
396: 0.9961708276223256,0.26180352100929194,0.3683222554298126,0.9991342516112548,0.9980195303317618,0.0017279799867204865
397: 0.9980145936522502,0.24453417417364362,0.3830325393860583,0.9980487873179866,0.99621030831505,0.0019354679322654568
398: 0.9984318033403077,0.21964373060427,0.4186424755109636,0.9980008866994182,0.997769540641048,-0.00011817427258525523
399: 0.9988773368452899,0.20405762891725185,0.4350930945633859,0.9956949280849013,0.9971969010360117,-0.0013140769847345998
400: 0.9966903523638067,0.1810675062442729,0.4698305394306386,0.9974170127292519,0.9963185011711359,-0.0011652260571418187
401: 0.9964528926338294,0.1611110750083144,0.5061626449997431,0.9967344103142469,0.9931802455519312,0.001831841802623558
402: 0.9929675904482951,0.1307347181844974,0.5751955466434574,0.9957646280399651,0.9946719815689857,0.0023812016221457745
403: 0.990301924119297,0.11622139903415532,0.6432063465496551,0.9908407364033072,0.9909042931277237,0.0023137027820395654
404: 0.9861324211263444,0.09267656094678237,0.7229724354989573,0.9869485834700594,0.9826368717307822,0.00281306799527423
405: 0.977773052744188,0.08632243887395978,0.7650104837372641,0.981778079146083,0.9753027959629644,0.007085216620169501
406: 0.9752061004282052,0.08362715152128597,0.7941923723164869,0.9780824330000101,0.9715252220616721,0.007500603487605575
407: 0.9716756421570669,0.08151469734016434,0.818197023165989,0.9751542377099404,0.967286379978278,0.007960432517040955
408: 0.9692882869913476,0.07856131319709857,0.8399909294525096,0.9734108333727723,0.9655383222048545,0.013147146724229935
409: 0.9694746365313968,0.07823438222196104,0.8526521842290763,0.974430937968592,0.9676028170354932,0.011930601265604138
410: 0.9644839867343145,0.07577521410541012,0.8664556116370452,0.9722578958081922,0.962934199243529,0.017249052183416828
411: 0.9618174181549248,0.07758914832612074,0.878895175172015,0.9672455765062311,0.9654231513672072,0.018398606473209282
412: 0.9544614566203662,0.0762349653676569,0.8907491804106358,0.9649964297781345,0.962066453243958,0.022892936983434926
413: 0.9528466458405602,0.0753147360896815,0.8935029040977711,0.9646308122067455,0.9637704724790593,0.024568480302294752
414: 0.9557298054720447,0.07199271502838588,0.8980297756217658,0.9664698752015505,0.9677962674946498,0.02575218851066733
415: 0.9428906306356726,0.07113921344580966,0.9011959781237462,0.9584539062153715,0.9612444321931369,0.03273893622942894
416: 0.9203308173926316,0.06824747287916742,0.9142097851898029,0.9439082956398959,0.9498916042740182,0.049587650452131114
417: 0.9095110206728821,0.06622009287217627,0.9216396572069647,0.9340330714504778,0.9435966271358832,0.062232070157381913
418: 0.9037543415696673,0.06376370456213143,0.9272122677454948,0.9342068490926861,0.9435441732787587,0.07118773066769161
419: 0.8891444401615078,0.06398527942288207,0.934379251278762,0.9233412771989989,0.935262729713173,0.09244422810890772
420: 0.8602778490107883,0.06345781254345889,0.9405615356193733,0.9094539095584154,0.9192398116624232,0.13509043622123537
421: 0.8219472864765058,0.06975675110767073,0.9458595204573133,0.8884918188784092,0.900521853930527,0.21227129512465906
422: 0.7733340962851356,0.08603983134284933,0.9521487131217299,0.871813485607139,0.8697776910035488,0.3409598490402339
423: 0.7824567790481345,0.09228686514107663,0.9568013265678073,0.8967188343162443,0.8775632790394455,0.40359831811721486
424: 0.8137372879675782,0.08901897799464527,0.960088818280321,0.9254856228426364,0.9030558797443797,0.41367976583419547
425: 0.8261458877714525,0.09338802515288398,0.9625487373860805,0.9400045584053356,0.9135413051658146,0.4680098344902662
426: 0.8424393931112424,0.08956160360730468,0.9632754393085163,0.9525281382755462,0.9241891976978637,0.4997247859909692
427: 0.8643031157110926,0.08619363658471484,0.9648397016916839,0.9620896228193263,0.9371164011256113,0.5229680833428707
428: 0.8781392571922401,0.08368436322306064,0.9660051506866878,0.9670950639589652,0.944707792589225,0.5611803433522622
429: 0.8965014135787143,0.07890369069835801,0.9658402349430962,0.9729187346353594,0.9565315256587344,0.579746789836127
430: 0.9100934227275155,0.07599596390604861,0.9660323534696589,0.9759779588307258,0.9634569191413348,0.5975248577608535
431: 0.9198274341682663,0.07470450919117914,0.9674748635632283,0.9798694145439502,0.967177938353514,0.6201783894438421
432: 0.9290007312576456,0.07184619882103653,0.9685505601208301,0.9809613694109418,0.9711257339835874,0.6249620119892154
433: 0.938422827110538,0.07046112428670341,0.9692030940408778,0.982621742417635,0.9733912617633957,0.6310382538327605
434: 0.9438531132894743,0.06799142881004731,0.9692488621633983,0.9852650680829735,0.9768730481356654,0.6484150685014326
435: 0.9497824616993709,0.06430930118897812,0.9708655995321972,0.9850217171541411,0.979158033292501,0.6479902004825046
436: 0.9534377490861562,0.063137283329081,0.9712114830781821,0.9878309892801395,0.9812902873003038,0.6632322425260353
437: 0.9575920132203652,0.06050420326467,0.9719111457852612,0.9870354513616773,0.9828333787844258,0.6797599070612897
438: 0.9605853444712917,0.06022980348275319,0.9743401478328136,0.9892868945254599,0.983616847226389,0.6850669186786627
439: 0.9627032144203806,0.05802222051055584,0.9735091616985979,0.9881960055754799,0.9849237868560817,0.7071235532737044
440: 0.9674166761953236,0.05772797888185768,0.9737609522751376,0.9892552658785003,0.9861590744573725,0.7134002502994026
441: 0.9696864354504872,0.05715985125000048,0.9755703575976544,0.9902463829806701,0.9869406257992707,0.727869424616909
442: 0.9722512105265219,0.05319080834749973,0.975967285270383,0.9911742178945026,0.9889696426130832,0.7276104629994444
443: 0.9735855897023848,0.05384493323070123,0.975456344406429,0.9906342761639673,0.9880061770736293,0.7392318968496246
444: 0.9757546903595117,0.05219010292919698,0.9767083059076438,0.992192073262913,0.9898113721079898,0.7389099804690752
445: 0.9767751665357561,0.05116222653963253,0.9784500325477562,0.9930335299846742,0.9906549717341814,0.7489385026796289
446: 0.9790189804357385,0.050165818574962946,0.9767634048711462,0.9930459989526981,0.9899997526670264,0.7431379194574792
447: 0.9792560666946728,0.049747940240282375,0.9786168807770197,0.9931300931731342,0.9900983897887901,0.7528145859403659
448: 0.9806278588965521,0.04780713394522954,0.977932058891527,0.9933139622401385,0.9911635281483607,0.7378347830659896
449: 0.9830722869906364,0.047947672612029896,0.9777197101838248,0.9941242816808896,0.9924236941991483,0.7383089765500037
450: 0.9832000721312522,0.047463426046744944,0.9800601860182464,0.9938871301232329,0.9926115669255999,0.7340758789522989
451: 0.9835459844741165,0.045537225315838946,0.9797522275264372,0.9940419535853666,0.992930527724993,0.7262624776050866
452: 0.9849783098112301,0.04581480358304442,0.9797552089316467,0.9947505236652516,0.9926691027361383,0.7216574206926571
453: 0.985138821628006,0.044078152556554895,0.979902247817892,0.9940821851204463,0.9937812059264838,0.6948192755369152
454: 0.9855273758966298,0.04476444327727713,0.9796933763617641,0.9953484436174191,0.992946456943596,0.6766946689218697
455: 0.9879673795227161,0.043580419841360296,0.9795371554237522,0.9948817589166544,0.9935239372920397,0.6261596189247155
456: 0.9887167145375809,0.041319936079017176,0.9792614911267702,0.9952325609577439,0.9940044968914971,0.5542324878622512
457: 0.9921821904697068,0.04001804426846703,0.9794465407040662,0.9960111776067233,0.9952657868260194,0.46849701232424507
458: 0.9909401582593679,0.03895766778348728,0.9787239921639277,0.9959937650116741,0.9954268191890897,0.4239164676748101
459: 0.991870829296959,0.03682476784603149,0.9795913241892762,0.9963275202649734,0.9957622108377662,0.378651598562489
460: 0.9932949119247565,0.03579933914796173,0.9786649669415693,0.9966700155565904,0.9960039491979638,0.354592402886371