1: 1.2982146064340703,0.7109062881417707,-0.1553011856473342,-0.24553357383035201,0.9904534009591682,-0.28715525268646 | 18999.17
2: 0.3196908825617898,0.49752646999345895,0.717385785335667,0.6972651460609903,0.4267686884419669,0.20583678581784942 | 22720.99
3: -0.027797769724630883,0.7803752888129372,-0.2173233050496467,0.38668174754096396,0.5931756018095868,-0.18041554153367845 | 17941.88
4: -0.047356678924151296,0.39810473725916384,0.7755027025139134,0.7991472642759874,0.0521919267366136,0.5656581869518434 | 19426.04
5: 0.6284994355403024,-0.12932976449953593,0.39075206156541786,0.6465574208293552,1.0747899840714963,-0.015037063078045976 | 22970.75
6: 0.31889624863612653,0.6575662361232101,0.754563613550406,0.7352603794779471,1.0504726392987545,-0.06495188090015303 | 22720.99
7: 0.14958308942337412,-0.03163444784280589,0.5079652735179124,0.26309864531957694,0.7180280049776514,0.6661078938648327 | 33031.8
8: 0.24917513744733563,0.06169081715630276,0.5901438929564604,1.9326426846937763,0.1187482551356594,0.06263137333013274 | 41426.31
9: 0.20331999752971214,1.2763128965341286,-0.008441513458561867,0.8800876913219706,0.5401365382744311,0.07930883402450101 | 17941.88
10: -0.003552771709050384,0.9862413905046545,0.6217885799022472,0.9165730476215121,0.8198801183464912,0.6415840501607197 | 22720.99
11: 0.29618815722901437,0.15387662727011697,-0.09916854261951646,1.1474850843687292,0.43664163334082534,-0.037892203752552533 | 44717.56
12: 0.42931534674011407,0.45279732125312033,0.5608384529837759,0.8774063677930818,0.7997983006195164,0.40504441648316847 | 22720.99
13: 0.5520511128807873,0.6261622154266452,-0.4139874546134086,1.2345652859976206,-0.2506401703486446,-0.08685067227176224 | 39887.34
14: 0.921389522952816,0.15262740324040935,-0.15878791091260203,-0.8349582836231055,0.1686966771913856,-0.9646510892686229 | 45159.24
15: 0.49246975239225954,0.4880929510509388,0.6910081967818728,0.6536668392072474,-0.18468224926926513,0.4049406077595958 | 22720.99
16: 0.5792824802962692,-0.11117214201594616,-0.19625070063642258,0.1958859836576607,-0.05800963654883862,0.8269380256340002 | 36673.96
17: 0.8586918235089,0.09911499814358099,0.6868369453248667,0.34868102104336296,0.9041764670402792,0.43752053804291835 | 22970.75
18: 0.1436616762301246,0.39771469230333506,0.20801191315877954,1.2421210593683896,1.3287805284416256,1.379388608608834 | 45725.74
19: 1.0879440498204638,0.34795804194567387,0.5414871566961017,0.6130044574683694,0.6392955644981735,0.2689943257186807 | 43067.0
20: 0.4515036093378786,0.4418925921298006,-0.40148124450348355,0.5524931878420164,1.0333371262945796,1.3848215409816704 | 45725.74
21: 0.1317384476293768,0.47049445086678165,0.26205959316585237,0.7013342281721362,0.3317819716263265,0.41964177554672205 | 45725.74
22: 0.44994917793621314,0.06283134223092512,0.78317653369921,0.10842092579852469,1.405846601844094,0.987957754413743 | 33031.8
23: 0.6292007237676693,-0.02893779997580781,0.3244318549015546,0.42425030246246953,0.850944535646574,1.1303752297930254 | 33031.8
24: 0.5429788607609906,0.42274747363853915,0.8083620492941412,0.38030231994840935,0.7261191847639702,0.8837892120888686 | 33031.8
25: 0.5514533197163648,-0.08676073423098896,0.17061353639802723,0.46313349246765323,1.301921994378107,1.302599375594394 | 33031.8
26: 1.0428697442026258,1.4093024144228619,0.7581952974455917,0.2663358620963392,1.1307816454554018,0.051892721947918885 | 42916.26
27: 0.25335137861225665,0.5764221667528252,0.2644688768324923,0.29916639749317,0.667872615168656,-0.007478547044101114 | 42916.26
28: 0.6041839209770669,0.18001479117418978,0.1916002390442031,0.35649148400591546,0.7623638843460714,0.7606947796991905 | 43764.89
29: 0.2693099408303904,0.7612658212797208,0.5133837272401176,0.10313866871245231,0.7166941816479626,0.17170327694112503 | 42916.26
30: 0.8484488168767819,0.6719920624302007,0.8230086567755341,0.6562978320494932,0.2736458605151548,0.24492761341223768 | 22720.99
31: -0.11751332876825127,0.204089720590035,0.7120294863725449,-0.4449751629130628,0.851677444980206,0.07306649814800947 | 27395.72
32: 0.7582748241640938,0.4838615287661188,0.12720961522799706,-0.17864933545826422,0.02381841955475522,0.5039400615973235 | 41884.4
33: -0.37833181230667456,0.13704976446732148,0.6165753064147448,0.3079815141281774,0.833072550793803,0.32375311092871617 | 27395.72
34: 1.3217474724536,0.024110004865965262,0.05825731949970403,-0.10061378841582458,0.690771267583887,0.7894360062195547 | 43764.89
35: 0.5244777050261682,0.19939662047463375,0.3638342410457707,0.5031714053201412,0.33479524094754964,-0.34817205202448553 | 43067.0
36: 0.2980873643604692,-0.12018690735826842,-0.21023116940229436,0.7853262194495121,0.1989569227046542,0.4407351867452395 | 27737.41
37: -0.057144840881090064,0.7784317000551977,0.6820404006242187,0.6985989077467928,0.8635737927765597,-0.1698437048889362 | 22720.99
38: 0.1921213988229099,0.5508284891911833,-0.07950012515905402,0.08407038964486485,0.5296546424545044,0.5476936403972937 | 42077.86
39: 0.3590267773340659,0.5374429755480421,0.20742249929487955,1.0621685462835586,0.26875021681139954,0.28359506577639176 | 39887.34
40: 0.6294238688977458,0.38115130340320563,0.7220908495383349,0.4874388225974863,0.7058437597529595,0.8142693941225438 | 43764.89
41: 0.9032699122320113,0.8160409664426669,0.6191951745538051,0.5137179848914074,0.5658598909464277,0.4013228005541354 | 43067.0
42: 0.618479252804941,0.145483134429226,0.05339497772137991,0.3162455971769489,0.3308213758290909,0.8393647354612186 | 36673.96
43: 1.331618221625769,0.10052209377219823,-0.31876896229051743,0.4145496710612611,0.2766531060230709,0.5964580073134949 | 38996.81
44: 0.757110344420493,0.5994167020432077,0.41513711682248156,-0.0020553530813533505,0.5028584672050324,0.4712020537445175 | 42916.26
45: 0.3974692156068634,0.9032339408824102,0.514904021801084,0.8019114746664155,0.5707138478126186,0.4196476241193955 | 22720.99
46: 0.5862774351710558,0.49251817998917863,0.3841749171972081,0.42251765413961284,0.8049662439877882,0.5579645691275 | 43764.89
47: 0.19302193660294537,0.6452794766273706,0.08377409256971052,0.9610248340901373,0.7606114890245483,0.04097684866425255 | 44717.56
48: 0.2669293871562378,0.21365538162675313,0.5929410371920079,0.8622366318609286,0.2234867840494545,0.38540893616156313 | 41426.31
49: 0.6351068405860532,0.6457770826566771,1.3035074877317867,0.5317560605866885,0.61209661348866,0.953650580356118 | 36823.62
50: 0.8097549211128435,0.7679599610428438,0.047150144822554974,0.5510525229015379,0.8451756485845027,0.6477025150120931 | 43764.89
51: 0.6908014912849476,0.09881508335600331,0.6509372025659059,0.699371223373394,0.3971699890294199,-0.1300095413939385 | 43067.0
52: 0.5934801031241611,0.5486558699193917,0.28472630858105724,0.32729250051906056,0.20873185003307781,0.06190658158263179 | 42916.26
53: -0.10051292305246207,0.6276505011375018,0.3133113625518038,0.9997825553731723,0.7375454975792513,0.7656153719985096 | 45725.74
54: 0.1685679956305287,0.5237659658417654,0.6515839982327182,0.09076315781374494,0.8825579469691794,0.38750584066639965 | 27395.72
55: 0.2597288203291717,0.5958563075550397,0.4019468652623273,0.7676424213526293,0.7087441124256102,1.263399082651612 | 45725.74
56: 0.47528074577803797,0.21027647604007849,0.4951638837679188,0.5672317937426354,0.6080851500136202,0.3037360932761409 | 43067.0
57: 0.3832371448662384,0.3200447220003179,0.31198538193682235,0.6145241586867738,0.8426237058654071,0.4278674993588455 | 45725.74
58: 0.6608495223715292,0.26339533557946504,-0.021504750749953616,0.27202131512361716,0.7036109649720355,0.836325262886234 | 43764.89
59: 0.6429576396048136,0.4183209975036364,0.3283842084401416,0.6479187096812125,0.577203672916377,0.6230526464106341 | 43764.89
60: 0.24478836405393506,0.24058713254045772,0.23519775598100687,0.49222732374436773,0.6671028483188496,0.6604998808180443 | 45725.74
61: -0.027133223264048767,0.45654034538674565,0.5065646664418925,0.23589102184488087,0.13564730463979102,0.8278324594137465 | 25073.55
62: -0.029672460110323207,0.931326336506402,0.5438568321290631,0.5152058071263371,0.3310821336831722,0.5234588131676908 | 25308.88
63: 0.8818693806870945,0.38929934601441346,0.2785854800334537,0.4408499094493714,0.6174210484892753,0.7543201933205086 | 43764.89
64: 0.6910323244398588,0.09957828334121416,0.37115720390508317,0.518950556154633,0.39344977886935845,0.6093557932851642 | 43764.89
65: 0.46141477443708373,0.13543074708062608,0.48672321825496484,0.367906291443774,0.27758422673608774,0.9258814639368833 | 36823.62
66: -0.12990047227483958,0.5500076140148961,0.36182634624400395,0.796397682387378,0.5545057507367155,0.6627248489088505 | 45725.74
67: 0.840777419781219,0.38230472796363796,0.08937513670175301,1.0265775409687024,0.43706203240516006,0.013562608525690578 | 44717.56
68: 0.15569839549483022,0.33831438262187474,0.3493655738188562,0.8508844314565315,0.8499932036339659,0.34400522347478374 | 45725.74
69: 0.4485435146079251,0.7417602527481703,0.5118770541362982,0.041363750246926345,0.11449873450704001,0.25806415917699754 | 35020.08
70: 0.7204856200115307,0.5184746285380267,0.532368441936985,0.21571811903497567,-0.3603099962378885,0.583692442937696 | 41884.4
71: 0.7092089666193938,0.4394738506310496,0.5856281779561595,0.17257878532956722,0.25244156830274167,0.8635594813921996 | 36823.62
72: 0.5355598334511598,0.3844274666112801,0.5627987621985576,0.3844051115856289,0.6193488964309234,0.7928124102905223 | 36823.62
73: 0.3109550775211084,0.25979320387136395,0.3985236178263272,0.6646860286277244,0.9604544590757803,0.4274593064363814 | 45725.74
74: 0.2044425438942285,0.7501205490649017,0.5171826898538185,0.7832254725339729,0.1026400642103461,0.24705573658583618 | 22720.99
75: 0.6657620627437378,0.30409980903763356,0.00917246950691003,0.5536746407852146,0.4002864845796686,0.383152941458647 | 38996.81
76: 1.0408374556101525,-0.08527993617480001,0.8645432591736074,0.8488212114663074,0.3883224014484369,0.8785174057699635 | 27701.89
77: 0.749643987264125,0.5801835009450491,0.6769007854322298,0.2571019079368012,0.6802334522559501,0.46395929327225977 | 36823.62
78: 0.6653845040255062,0.23277055273782798,-0.030540641317398753,0.31984326723351464,0.6663223809039938,0.5462038244702156 | 43764.89
79: -0.00042852825775574477,0.6069283848768458,0.43294393402253584,0.45065831913630905,0.48161117375953194,0.6700100845664004 | 25308.88
80: 0.5125415564809582,0.3538343889532658,0.17000929475912568,0.19353141662162193,0.29116099402880385,0.7776767719309531 | 43764.89
81: 0.25395594323979664,0.2931388114978659,0.4051155182676258,0.4971379852984136,0.21631928611874146,0.24458801422211307 | 22720.99
82: 0.1114374718162412,0.6167459094050441,0.580912151567147,0.8827644791170224,0.7398317128337327,0.4520026296437498 | 22720.99
83: 0.14541684318121706,0.5217956029173969,0.7703645776105669,0.5315813114959623,0.7328044807994921,0.5557047810176194 | 36823.62
84: 0.22197074022609728,0.6261363191464824,0.8192577408423423,0.5655776706042651,0.5091890417877983,0.4705787671768163 | 22720.99
85: 0.47662485022416584,0.6780511903570682,0.740796120460802,0.5625489392064068,0.7774118651671397,0.8254252668477844 | 36823.62
86: 0.11057130661016068,0.8227871767695657,0.3925791019913363,0.6907418794050372,0.6536089366807677,0.8751446549939546 | 25308.88
87: 0.34202008269922096,0.8104599971000264,0.42032163104857295,0.4483748426144618,0.7771139428381444,0.7305224457401337 | 42077.86
88: 0.32162236287135604,0.6248087554574976,0.3380903702768739,0.6180579972561879,0.8134944008854295,0.5720944299744757 | 45725.74
89: 0.3434262074973711,0.6496550980047769,0.24985766394889475,0.6577182015676073,0.6647426615972927,0.8357392466468422 | 45725.74
90: 0.2031088472221029,0.47918855974149915,0.6245334068921791,0.5508270995347877,0.5171670468046574,0.7795126276960085 | 36823.62
91: 0.26278023262673067,0.460450983066086,0.49700186695817883,0.6786122104655443,0.4596597354972042,0.5225410270124304 | 22720.99
92: 0.38932437623594995,0.6440573334194806,0.44220873591001203,0.7706382557970815,0.6597536317695248,0.7616198884747873 | 45725.74
93: 0.5968425023045743,0.35338496428766913,0.1274265008551955,0.8958642150766426,0.5377449298574158,1.1652306546906248 | 45725.74
94: 0.6116456041464502,0.8741768106451416,0.14104330226870923,0.709381394319929,0.9594162767605936,0.546080222324556 | 40761.39
95: 0.40581405657753394,0.2115087288602333,0.49681266699936855,0.35351936503966774,0.6946699075588932,0.5701517210266527 | 33031.8
96: 0.5385246785996401,0.28350115027136313,0.6463522677500755,0.4101587765421594,0.450253292857169,0.0005022012724043012 | 43067.0
97: 0.5396629198568523,0.2825881800907985,0.8363041141278361,-0.008205767426675302,0.16646473671240095,0.005892731036615835 | 33872.48
98: 0.7711733351872838,0.33649642073762687,1.0909961650559736,0.23053898956101648,0.24194044817723584,-0.09420749271493657 | 33872.48
99: 0.6865648595333441,0.33096552137463475,0.8905754986363028,0.08355927632484589,0.07802154441399234,0.35538159216420734 | 33872.48
100: 0.7365514218185872,0.3142439352207054,0.5563127804374353,-0.2951264358929929,0.11752259459914288,0.30289227201053853 | 33872.48
101: 0.3485836993537431,0.6440045506040095,-0.06106001266375938,0.889730746076381,0.7128098145486013,0.7286895184241529 | 45725.74
102: 0.13280823487531113,0.6854823485509727,0.1727743385370039,0.8816545833991244,0.8376434812205655,0.8323242775661492 | 45725.74
103: -0.029989751152481786,0.7523698899279413,0.3263962451906018,0.7978943758471819,0.7696057822919518,1.1600171549524523 | 45725.74
104: 0.20025644393256203,0.3693114100113294,-0.1165437180699399,1.1015277470625848,0.9138678068620684,0.9678370009590483 | 45725.74
105: 0.36159863839810524,0.39280413004286396,0.40208702687797554,0.9857792819849294,0.9173798962103066,0.5744662957787787 | 45725.74
106: 0.4751426806373206,0.559956367859072,0.23546200752868668,1.043932103893581,0.7815742678280828,0.8823297742021198 | 45725.74
107: 0.3584397576974428,0.4529137971636066,0.3104864703622619,1.033690674075607,0.813129179885767,1.0172075903474087 | 45725.74
108: 0.7650452853108509,0.6150800607986471,0.2756730839684084,0.5365726017042288,0.5796873290488471,0.6539711132723213 | 40761.39
109: 0.49357376392398444,0.6118606637682518,0.3826158526180655,0.34297804849432584,0.25258542073945695,0.10129693230218562 | 42916.26
110: 0.4592281208819513,0.2538032850619395,0.3022631880648894,0.3475827338457662,0.2809295390082819,0.10502677840743264 | 43067.0
111: 0.4578986512032216,0.46151771486073545,0.360283409036682,0.027560230984825018,0.387202222157122,0.31912277399095207 | 42916.26
112: 0.7446451816568879,0.32962756017264244,0.8326916255564988,0.4658423511451355,0.7338789367056029,0.3385476328054697 | 43067.0
113: 0.5072620401926322,0.48382484435737605,0.6753852365310686,0.4952960596965093,0.5119675496219627,0.6352928933557891 | 36823.62
114: 0.31169517196552954,0.3977630481651783,0.41640201117585257,0.4133047640004847,0.48563135774049554,0.40322708034240573 | 36823.62
115: 0.8423656769087631,0.3301431382708491,0.6204412908206413,0.08812601952472213,0.3692333654869306,0.19611343417706173 | 43067.0
116: 0.7574954692736864,0.4237321246391616,0.7103573565498978,0.25322790887209357,0.2580277196126217,0.14485170698471642 | 33872.48
117: 0.7703327348247027,0.28084094983735647,0.47117924728151106,0.35833995615794545,0.17065730021226194,0.013193256832635919 | 43067.0
118: 0.4961974342563953,0.53126165021113,0.21741053316508868,0.6162142236078677,0.334255022142691,0.3270486409217619 | 40761.39
119: 0.5198496491970891,0.26361140372097813,0.8196464837703514,0.4958802911004316,0.4223230607943118,0.542206572072937 | 36823.62
120: 0.8173385527201102,0.44373132682044764,0.3859987508474384,0.4376740748256409,0.4262992298619755,0.3181254024004703 | 43067.0
121: 0.34679222207896654,0.3596770487088375,0.5154878484989383,0.48053901575899555,0.13846668510529775,0.34659371139178247 | 22720.99
122: 0.40195826994741823,0.6600048750239924,0.3545867805279649,0.3714929219117564,0.5644534301226422,0.6547484042501083 | 40761.39
123: 0.27050940754965946,0.29366921988396366,0.5000502498374161,0.372089644999981,0.15851239156753366,0.290097527663462 | 22720.99
124: 0.3469829846728653,0.30326518722470996,0.5493744571938463,0.25798987854413347,0.6137353556148227,0.575910349383641 | 36823.62
125: 0.4378759372978097,0.6057444722893941,0.2701413059453344,0.6873895570759541,0.9769761672761299,0.4286847340639061 | 40761.39
126: 0.4645214479942846,0.6118355384588052,0.3049324403233169,0.1587572088060359,0.5145300981761278,0.43342028981502967 | 40761.39
127: 0.3805246653368891,0.3461589321996445,0.4322638785247399,0.5715292699009146,0.6874231040737393,0.6093529590596622 | 45725.74
128: 0.4335482757890137,0.649097775305006,0.4978407185422903,0.8042991015724074,0.6900058854641377,0.6201087429967894 | 40761.39
129: 0.4250676541560183,0.6658928546366571,0.5058996208003563,0.5834615950007892,0.8393522617412993,0.5994306735525519 | 40761.39
130: 0.395501418696326,0.29454949333228087,0.4193854619231337,0.6111580309545106,0.6005869454624274,0.882255970675056 | 45725.74
131: 0.016253413075805023,0.6090880135536482,0.4057230265075788,0.7346932840495881,0.47672111330675265,0.4919690872899537 | 25308.88
132: 0.2802561798914801,0.5590867907645083,0.40312149874364406,0.7091379114828615,0.5680800270108814,0.8075298740152193 | 45725.74
133: 0.6371935710658148,0.45052150695662935,0.6783791954350096,0.4706044797831844,0.41339379484519057,0.5887197070305764 | 36823.62
134: 0.5771357096136844,0.34219130233128303,0.5222138274447676,0.46307040230752616,0.4645556969317234,0.3753386674972921 | 43067.0
135: 0.49139735008334684,0.36428719413477967,0.5772669935038275,0.6610479584027567,0.41327750342016345,0.45339681979556473 | 22720.99
136: 0.6173531619197314,0.36423939842163705,0.5530115656350371,0.18473903985725904,0.41576560522460887,0.16256370348213894 | 42916.26
137: 0.538478150662788,0.5847939470834437,0.7356521374260103,0.5243441505052088,0.3202518670255348,0.3981198377526594 | 22720.99
138: 0.7244216525737559,0.42241942117360176,0.5335399563710772,0.3094101634613423,0.20661745979265256,0.31129871435502604 | 43067.0
139: 0.49722450330420903,0.6346138551122785,0.43304190298437545,0.5971918270278347,0.28594472899400364,0.1597858447707058 | 22720.99
140: 0.4272393546329139,0.44990714538211196,0.3643112985834942,0.41418201711597524,0.3835095524089775,0.5479368421113897 | 36823.62
141: 0.5269153911838101,0.3747078900009483,0.4487728692605339,0.2746470469005257,0.6206049749243289,0.6307617664028851 | 36823.62
142: 0.24975848924868732,0.587352495129387,0.5148816176592887,0.5125046619432729,0.681203162663509,0.6563833441469906 | 36823.62
143: 0.1620036289827691,0.579822219296071,0.5293943886416795,0.5083798587112713,0.6377456445183007,0.5259652082658911 | 36823.62
144: 0.45183879058894383,0.22986937213445216,0.6788846895266433,0.38258993535787134,0.19413353104418585,0.3249416549195101 | 36823.62
145: 0.6405394497538458,0.24402772232938702,0.4893726843365518,0.25253949178978186,0.5184332248268355,0.24515681262457065 | 43067.0
146: 0.6295578666790232,0.5376288753096131,0.3109051061504904,0.6506422125382729,0.5188566736443786,0.40253214142012267 | 40761.39
147: 0.6217657850916982,0.40131755781645223,0.27383898148622937,0.3185165632382678,0.559769436142563,0.44232451910397114 | 43764.89
148: 0.5690070052738527,0.40323778241398794,0.6032407772156712,0.5613510331324829,0.48499606714499305,0.5192076979174374 | 36823.62
149: 0.5738435330791171,0.3611330033023752,0.6064995888941294,0.18090557080908776,0.13851031994315585,0.33210261431102617 | 36823.62
150: 0.4719805960914273,0.5751958557482557,0.8333341291085403,0.23541143083097982,0.14482754622489977,0.08687078385182107 | 33872.48
151: 0.5711557433538235,0.5178550308957572,0.4398691069511605,0.1109498156531471,0.34946970134800015,0.2216331885261032 | 42916.26
152: 0.612852684184548,0.4349641106351015,0.5863721095352771,0.5097678108392152,0.3263825628965155,0.16869729682630244 | 43067.0
153: 0.4389224645135825,0.3947415252437204,0.538613818017662,0.5078201397193337,0.4406611989853968,0.29314424352060797 | 22720.99
154: 0.5365340169144402,0.48962536913169213,0.3945886197252266,0.5508499208426555,0.3739688444307477,0.16242625860838003 | 43067.0
155: 0.6494029686981232,0.5525816929088772,0.30685998368862566,0.4071823571453393,0.538821119541275,0.30806122950742076 | 40761.39
156: 0.6380869296457751,0.6878723510406242,0.3851555990089305,0.4362150881822806,0.4982838516842051,0.5370243870600188 | 40761.39
157: 0.4835089804150331,0.5591593056129761,0.6454930150381655,0.4573292827825245,0.6093926713386293,0.5719416147311357 | 36823.62
158: 0.5529830641390174,0.5528095130399244,0.25414541699191834,0.641420908225943,0.6483476857394275,0.4751999608435999 | 40761.39
159: 0.2659341157355851,0.5430283441596052,0.4512529885985753,0.48359818629790985,0.44447846230515875,0.43114247687153445 | 36823.62
160: 0.2881835199630388,0.4138933612762295,0.5249636892815542,0.6439379113489432,0.7187277895116386,0.5715191717560093 | 45725.74
161: 0.6461983878280089,0.5051331621333809,0.40295340027260873,0.6700271552876401,0.5792552208529447,0.5811193973640827 | 40761.39
162: 0.5722349575983134,0.37548077654527734,0.5218814298775744,0.6767840927722891,0.47399940967568177,0.42894665475033994 | 43067.0
163: 0.38711752963024154,0.4755980251170208,0.3325607618707214,0.48334031276734035,0.48319855483418156,0.36185718704861847 | 40761.39
164: 0.5571548413888162,0.3346076669662218,0.4357815810514678,0.36879969624165276,0.4318268981072952,0.4716356850210432 | 36823.62
165: 0.4715671908705586,0.44710583346835003,0.351353634265517,0.5035398530277394,0.607474940988325,0.36675316624329884 | 40761.39
166: 0.4775249023022859,0.4089744276068351,0.45698946758652104,0.6232958320698012,0.4354027213686692,0.6254565336221996 | 36823.62
167: 0.4015342421656124,0.3382907449194275,0.4475690996969037,0.6960020185664513,0.40083958063624336,0.49488741279536763 | 22720.99
168: 0.429014623439149,0.47758273706149507,0.4773803521272419,0.6099561123873485,0.6361029966946845,0.48597314906223904 | 36823.62
169: 0.5129124226908867,0.4140805023232533,0.33064596935204527,0.6578715264405242,0.5498532767080387,0.4699518491263741 | 40761.39
170: 0.5585523905730665,0.35756013556204064,0.47401702668388523,0.6720933616569595,0.3545723473068314,0.6264900234005502 | 36823.62
171: 0.5313006458975139,0.5081335486055282,0.38683607899785455,0.4740223248500036,0.5022049399852166,0.6466773549077978 | 36823.62
172: 0.3787247393658314,0.4415277462201447,0.37948108824842697,0.6326882442253986,0.7655870456756396,0.5699158827782967 | 40761.39
173: 0.5596541251503189,0.3623193625510458,0.4331654439594284,0.6529104013222403,0.5589272819729401,0.621208429584198 | 36823.62
174: 0.53289652830643,0.5229626500588238,0.34678340259977614,0.5778797083662794,0.49361208677789714,0.42021294781361435 | 40761.39
175: 0.4081371181289925,0.44543022889864,0.3127918488509326,0.631765888892162,0.457816013575637,0.7186778929859218 | 45725.74
176: 0.3400783535046439,0.45410262735097756,0.4062044443606812,0.5081092215866911,0.5362017383686624,0.7537097495516969 | 36823.62
177: 0.48576071956731803,0.5246835128345763,0.3896503710269401,0.6031319694137377,0.4666690204967863,0.6636438558098108 | 36823.62
178: 0.49735435502016545,0.4433646205551834,0.24848613752294738,0.5235576983125099,0.49270494550506944,0.40079069370189724 | 40761.39
179: 0.5482851569650607,0.4558064152094231,0.43253572040206106,0.34865656179472315,0.6052019894552055,0.45803470585849726 | 36823.62
180: 0.597697651185957,0.33578016070990047,0.612029303525454,0.3227405263028175,0.36272663200583943,0.4326248301553126 | 36823.62
181: 0.6960822097841111,0.551460740885902,0.31520143656914446,0.5782228953072197,0.3728631974386118,0.4627152183816908 | 43067.0
182: 0.47456893638733033,0.36846136745029573,0.3234633616830713,0.2209599976697511,0.4132819679839789,0.3096304909129802 | 43067.0
183: 0.5669914774944494,0.4866356976749376,0.4663626182502664,0.47812999469177203,0.693292339785094,0.350932176426278 | 43067.0
184: 0.5018586033995446,0.3571539740666564,0.48405364887376257,0.48627470460544164,0.4543015395541012,0.4900534449592311 | 36823.62
185: 0.4239547869462039,0.42953604336265067,0.3955380842587163,0.4739546532001224,0.47088360345878844,0.49684332392740177 | 36823.62
186: 0.40465883578093076,0.35799567364833174,0.36865433098214306,0.5707119525258176,0.526294101357524,0.6542118297657449 | 36823.62
187: 0.559062563368714,0.46272094728019186,0.3973351132632123,0.5752082732806479,0.5832837773694,0.5723792998414174 | 36823.62
188: 0.45322942114987064,0.48290154006207753,0.5805047662247993,0.5992028085906388,0.328129499597247,0.5496182789901864 | 36823.62
189: 0.589718413693935,0.4963668454675782,0.32304581955251815,0.5531080923711514,0.3935517263915297,0.47664412037488935 | 40761.39
190: 0.45769873955058604,0.5440536815768447,0.42170032871619956,0.47841984824930683,0.38031708791123664,0.4162091843335454 | 36823.62
191: 0.4448062095427924,0.5743505169873602,0.45737306043361414,0.41843491775147046,0.47074211399421406,0.5105032197687389 | 36823.62
192: 0.38402325215420846,0.38795943705632374,0.422787275006827,0.3662671573432702,0.5378910108662783,0.34800310093305004 | 36823.62
193: 0.6285459082671467,0.4946915988380158,0.44590734896102324,0.36959334867142224,0.5255935911038946,0.44373459412196536 | 36823.62
194: 0.44468995213778795,0.46315323969917793,0.39629401643329104,0.4559537606091766,0.6499923129178119,0.5432233507403148 | 40761.39
195: 0.37327991382649967,0.4422444708486514,0.3124417044258924,0.6404362312423821,0.6141335698711112,0.6140473965252358 | 45725.74
196: 0.539446949732236,0.3701988223759724,0.4813816381884503,0.6712673448612282,0.6198614090349069,0.4404218350054757 | 43067.0
197: 0.3517123238866959,0.5355996717539782,0.3500668944260835,0.6652300700472862,0.5085493400836765,0.4423876121249819 | 40761.39
198: 0.4508301821237579,0.5945481753835292,0.5083776699486562,0.4825320064019909,0.5321154511066735,0.539229844935027 | 36823.62
199: 0.5080724032108487,0.42967790021136865,0.4900585210604012,0.49910927627906315,0.519068864785089,0.584956999087562 | 36823.62
200: 0.4146054581348577,0.4115379396487716,0.42784349163564533,0.6734514719441457,0.4310999076100415,0.41251485089148837 | 22720.99
201: 0.4692272219404154,0.4445528925916589,0.29262522690102644,0.43592404281765795,0.42122151933017304,0.568665018062056 | 36823.62
202: 0.5661587100942771,0.4012302814719528,0.3595711722898027,0.5596299062342933,0.462875700942448,0.4558090921863475 | 43067.0
203: 0.49291443740600116,0.4936847896972584,0.45008040036271,0.5201170163364092,0.6577971452558488,0.5586145940625276 | 36823.62
204: 0.42381556457948416,0.40447976138599717,0.4554891826984885,0.5425164089017518,0.5959997000338163,0.6024900771643064 | 36823.62
205: 0.5486623380682885,0.5019257310127444,0.40061315422314414,0.5215623484953452,0.5855516583527793,0.48584295482049944 | 40761.39
206: 0.5551203202384519,0.5753015913612591,0.4081046371358348,0.4691674875183729,0.5300437278220436,0.7282516468767811 | 36823.62
207: 0.4889438596737142,0.4535436619605118,0.4096106939030063,0.4304414617958692,0.5328147907514873,0.4104821147561026 | 36823.62
208: 0.5553652349210121,0.4549908226657244,0.40335730926466734,0.48768322990388935,0.5048921266512978,0.4348102060166521 | 43067.0
209: 0.46831157086727093,0.5121951353521372,0.3619260446923826,0.399661761099795,0.47664063262658507,0.368381047068596 | 40761.39
210: 0.535973531161402,0.4648111702887825,0.42731932620626767,0.4211593139139047,0.44585479151824153,0.4995879126933331 | 36823.62
211: 0.49964416648391363,0.4549571310441804,0.3498725200650042,0.5782172832005374,0.48121745541060096,0.41430881889134863 | 40761.39
212: 0.5077590944623004,0.45037707273183886,0.4410455604910105,0.48925910953187834,0.35169864345901886,0.5104552301618742 | 36823.62
213: 0.5599785070898023,0.43187416791259337,0.37345734010492115,0.4632060775996101,0.45516000325013145,0.4651450409353644 | 36823.62
214: 0.6020975368923549,0.5340967876527195,0.4753501537516001,0.45153940738798104,0.3546104733636086,0.4784564319340331 | 36823.62
215: 0.5495719085660503,0.44998464329532734,0.484381587567532,0.5389409991307955,0.43227603929206687,0.40160082747564707 | 36823.62
216: 0.5429967974940981,0.4180133690363416,0.547870604066774,0.45916556763715877,0.36063743793846276,0.33841919157201633 | 36823.62
217: 0.5555928188326987,0.4904491733987806,0.4882609320645573,0.4436183032181099,0.37972534554105014,0.4446343732490589 | 36823.62
218: 0.6167520571109483,0.3771428932642623,0.3877330662038585,0.47017763833156323,0.48934100131504404,0.4429940035106984 | 43067.0
219: 0.4082346119615037,0.48374702106225387,0.4766746136876383,0.5651926795799043,0.5009164921923801,0.5561459428341333 | 36823.62
220: 0.4905267381538284,0.37048727407601834,0.4062065811923194,0.45844305441578237,0.5399946750605499,0.526885379062437 | 36823.62
221: 0.5845382788831059,0.5116152471278619,0.4353294945942259,0.4204879464939956,0.45378974219426277,0.3311731314223737 | 43067.0
222: 0.5753695591040207,0.4179631209608215,0.40278187745957983,0.4135141216087344,0.4192361146854192,0.22987864950550196 | 43067.0
223: 0.5306046935301164,0.4361502922027466,0.3976699932466463,0.41610280443396813,0.47703388852513806,0.36271656479962755 | 43067.0
224: 0.48741285753116637,0.5585822337315574,0.5064307849795288,0.3547702032534211,0.42182091575985803,0.325529811585809 | 36823.62
225: 0.6813132639585218,0.49260267430193305,0.5129320716225038,0.28327329809280505,0.34236542338717124,0.2161535472830721 | 43067.0
226: 0.5763298982057713,0.46114633913931063,0.5336693780138166,0.2797910851712621,0.34665640623477684,0.2252932762205121 | 43067.0
227: 0.5428674529532962,0.45055572308626946,0.4594482314153274,0.4842166995800861,0.4251785323103961,0.295558032118955 | 43067.0
228: 0.5937421883105851,0.4476062331328424,0.3985162437286271,0.4143633411383298,0.45838662650914286,0.3827534305279545 | 43067.0
229: 0.49886656590271916,0.5219425987732266,0.32646682572323626,0.33593665283079993,0.5138194094732397,0.32827834872074857 | 40761.39
230: 0.5239536543049753,0.5180859266184696,0.4481420866763284,0.4185801423456812,0.4204838600846047,0.33276051412026747 | 36823.62
231: 0.570804612847932,0.46047595992830154,0.5660155342450177,0.46440466537447844,0.4995390042284186,0.3677967895545094 | 36823.62
232: 0.4569427140902099,0.5342318691755452,0.481443934331669,0.42781280526891136,0.4305778943439846,0.366597202803467 | 36823.62
233: 0.5269780894227019,0.5156070224732305,0.5338978459683371,0.46597394042474755,0.48031532070717087,0.39686172901618827 | 36823.62
234: 0.5053074607504725,0.4394703464772298,0.32822584345633926,0.5456193134462969,0.5192624868488406,0.5254238733877246 | 40761.39
235: 0.44512943875021693,0.5284781561473377,0.4035145199815092,0.5616226712725122,0.46925663920022875,0.5565099432126077 | 36823.62
236: 0.37180528226623094,0.3569596628117153,0.43301820736153257,0.5185615563209338,0.5038600732360224,0.5151806830445608 | 36823.62
237: 0.42844877202872583,0.494738451890818,0.4710280641894096,0.5336510482908572,0.4986631897355901,0.6045361586605473 | 36823.62
238: 0.43490835058481436,0.43861694738778073,0.4675689300306257,0.5031401560483297,0.4570551998384739,0.559530336543639 | 36823.62
239: 0.39651155165339375,0.481994442935059,0.3867136638412671,0.6656779996302248,0.5198113951643727,0.6432792924163732 | 36823.62
240: 0.3675235565830324,0.47419604070600024,0.3839620571902109,0.49209775715073983,0.5725211654584481,0.6788365895516701 | 36823.62
241: 0.44341212019886983,0.47041372929863134,0.3904410452053694,0.5570987953997719,0.5679351405065638,0.5729459504254021 | 36823.62
242: 0.4690774975092758,0.3668525770209964,0.30805278176892564,0.4578017702654275,0.5514019165386077,0.4892407142335898 | 40761.39
243: 0.5698142063945008,0.4264889400422515,0.36281899505698745,0.5352137398181033,0.45380653335243926,0.4856755469041293 | 43067.0
244: 0.6070229977629011,0.4671721641798574,0.4917213383534143,0.5197607858242498,0.4383392900479771,0.46436191577030894 | 36823.62
245: 0.6860486777237891,0.41558569125410694,0.5035318771843171,0.33634987020788654,0.3833237590746771,0.19638606050474108 | 43067.0
246: 0.6915431987673282,0.3832936233593358,0.4530512770102589,0.32881056509692796,0.38603012959399263,0.23334413463208317 | 43067.0
247: 0.6324309184882865,0.4674501540160362,0.5012713635980182,0.2638425878440718,0.35567385214727565,0.22674432398927563 | 43067.0
248: 0.5348317375086621,0.5449324395623241,0.47859578164603866,0.41447040873515884,0.385698453350065,0.39012032855031264 | 36823.62
249: 0.4371499457284216,0.47760943540144507,0.4443470820049267,0.5157074392181332,0.47205991566614086,0.473478543006306 | 36823.62
250: 0.4454331870474871,0.49851912412920535,0.39969688247053164,0.5892288086917308,0.5233091424584237,0.5229624255695685 | 36823.62
251: 0.48009731121530813,0.4894219945919662,0.42388027689480196,0.5984898100490769,0.4453616948273805,0.5603688885079744 | 36823.62
252: 0.4296450912952423,0.45797663927078247,0.4016398787498474,0.55881267786026,0.5186253190040588,0.5704803466796875 | 36823.62
253: 0.41484904289245605,0.4586830139160156,0.3964931070804596,0.5761480927467346,0.528632640838623,0.5943610072135925 | 36823.62
254: 0.4582422375679016,0.4590361416339874,0.4121341407299042,0.5298929214477539,0.5040202736854553,0.5262965559959412 | 36823.62
255: 0.4655713140964508,0.460061252117157,0.41413578391075134,0.5235397815704346,0.5007973909378052,0.5163769125938416 | 36823.62
256: 0.4213392436504364,0.45944225788116455,0.3998298943042755,0.5727224946022034,0.5256004929542542,0.5846187472343445 | 36823.62
257: 0.4399249255657196,0.45736393332481384,0.4083891212940216,0.5504568219184875,0.5102055072784424,0.5503533482551575 | 36823.62
258: 0.4020204246044159,0.45855554938316345,0.39358219504356384,0.5919222831726074,0.532507061958313,0.6112121343612671 | 36823.62
259: 0.29181182384490967,0.46230176091194153,0.34645265340805054,0.7104865908622742,0.6125265955924988,0.786066472530365 | 45725.74
260: 0.2931877374649048,0.4612971842288971,0.3469739258289337,0.7088002562522888,0.6125951409339905,0.7840717434883118 | 45725.74
261: 0.3024551570415497,0.45908698439598083,0.3540445566177368,0.6994921565055847,0.6015080809593201,0.7647481560707092 | 45725.74
262: 0.3955042064189911,0.4553429186344147,0.39538729190826416,0.5994148254394531,0.5376678705215454,0.6194947957992554 | 36823.62
263: 0.4579930603504181,0.454785019159317,0.42154911160469055,0.5351477265357971,0.5000825524330139,0.5195972919464111 | 36823.62
264: 0.46870890259742737,0.4566054940223694,0.4262371063232422,0.5268589854240417,0.4959353804588318,0.5063366293907166 | 36823.62
265: 0.5239505171775818,0.4550728499889374,0.451516717672348,0.46756136417388916,0.4609232544898987,0.41712233424186707 | 36823.62
266: 0.5519328117370605,0.4552459716796875,0.4606076180934906,0.4346807301044464,0.4436505138874054,0.37529295682907104 | 43067.0
267: 0.5528607368469238,0.4575226902961731,0.4555671811103821,0.4332311451435089,0.44478538632392883,0.3796234726905823 | 43067.0
268: 0.5696461200714111,0.4601602554321289,0.45743072032928467,0.4148079752922058,0.43757662177085876,0.36191123723983765 | 43067.0
269: 0.4636666476726532,0.46287164092063904,0.41039419174194336,0.5300171971321106,0.5034677386283875,0.5312272906303406 | 36823.62
270: 0.44835469126701355,0.46355774998664856,0.4006619453430176,0.5475578308105469,0.5130001902580261,0.558906614780426 | 36823.62
271: 0.4264327585697174,0.4637371003627777,0.3891220688819885,0.5714578628540039,0.5262783765792847,0.594362735748291 | 36823.62
272: 0.3874303698539734,0.46170738339424133,0.3730306029319763,0.6088939905166626,0.5465903878211975,0.6462522745132446 | 36823.62
273: 0.42172950506210327,0.4568001627922058,0.3884544372558594,0.5642951726913452,0.5179700255393982,0.5781769752502441 | 36823.62
274: 0.4340731203556061,0.45418235659599304,0.3975241184234619,0.5494428873062134,0.5072818398475647,0.5513124465942383 | 36823.62
275: 0.4223419427871704,0.45409440994262695,0.39500710368156433,0.562408983707428,0.5144636631011963,0.5692909359931946 | 36823.62
276: 0.42605286836624146,0.4540405571460724,0.3960984945297241,0.5585623383522034,0.5113903880119324,0.5633620023727417 | 36823.62
277: 0.400165319442749,0.456574410200119,0.38362056016921997,0.5893180966377258,0.5299774408340454,0.6107369661331177 | 36823.62
278: 0.5543069839477539,0.45622822642326355,0.4460744261741638,0.43281033635139465,0.43892720341682434,0.3729783892631531 | 43067.0
279: 0.6324225068092346,0.4568057358264923,0.4801570177078247,0.3550693988800049,0.3924052119255066,0.26314786076545715 | 43067.0
280: 0.6337810158729553,0.45413699746131897,0.4802195131778717,0.34911179542541504,0.39178231358528137,0.2575233280658722 | 43067.0
281: 0.5579171776771545,0.4515455365180969,0.44620952010154724,0.4210463762283325,0.43754100799560547,0.35818418860435486 | 43067.0
282: 0.4942820966243744,0.4522952735424042,0.4196723699569702,0.48436248302459717,0.47494152188301086,0.4547443389892578 | 36823.62
283: 0.5180113315582275,0.45370039343833923,0.4288097023963928,0.46100056171417236,0.4634481370449066,0.4233962595462799 | 36823.62
284: 0.5571625232696533,0.4550318121910095,0.44539713859558105,0.4242960512638092,0.4419291019439697,0.36842620372772217 | 43067.0
285: 0.5277847051620483,0.4566110372543335,0.43192949891090393,0.4568138122558594,0.45755138993263245,0.41531118750572205 | 36823.62
286: 0.5233911871910095,0.45817190408706665,0.4285795986652374,0.4633171856403351,0.4600556194782257,0.42598867416381836 | 36823.62
287: 0.4980026185512543,0.46022364497184753,0.41596993803977966,0.49060535430908203,0.4764515459537506,0.4704281985759735 | 36823.62
288: 0.43322309851646423,0.45966506004333496,0.3893861174583435,0.5544164180755615,0.5124456286430359,0.5694343447685242 | 36823.62
289: 0.38986214995384216,0.45845460891723633,0.372428834438324,0.5960825085639954,0.5350938439369202,0.6319341063499451 | 36823.62
290: 0.3924212157726288,0.4592004716396332,0.3728823959827423,0.5931859612464905,0.5341641902923584,0.6291471719741821 | 36823.62
291: 0.4052577018737793,0.460704505443573,0.3773173391819,0.5799859166145325,0.5287046432495117,0.612604558467865 | 36823.62
292: 0.41442182660102844,0.4620760381221771,0.3816206455230713,0.572334349155426,0.5254500508308411,0.6023379564285278 | 36823.62
293: 0.4356631636619568,0.4628369212150574,0.3902449905872345,0.5522706508636475,0.5147373676300049,0.5721265077590942 | 36823.62
294: 0.40273916721343994,0.46367982029914856,0.3768704831600189,0.5880138874053955,0.5336652994155884,0.6263868808746338 | 36823.62
295: 0.3809871971607208,0.46309927105903625,0.36742016673088074,0.6107565760612488,0.5466347336769104,0.6618855595588684 | 36823.62
296: 0.41725027561187744,0.4628274142742157,0.3830687403678894,0.5758448243141174,0.5263838768005371,0.6072887182235718 | 36823.62
297: 0.3797559440135956,0.46232545375823975,0.36668407917022705,0.6158226728439331,0.5493709444999695,0.6679088473320007 | 36823.62
298: 0.394587904214859,0.4623441696166992,0.3722686469554901,0.6019830703735352,0.5428702235221863,0.6489012837409973 | 36823.62
299: 0.4376137852668762,0.4627222418785095,0.3916321098804474,0.5605655312538147,0.5208510160446167,0.5868681073188782 | 36823.62
300: 0.4444873034954071,0.46175017952919006,0.39604198932647705,0.5548071265220642,0.5178380608558655,0.5770213007926941 | 36823.62
301: 0.4035557210445404,0.459347665309906,0.37870678305625916,0.5971855521202087,0.5400460958480835,0.6379414796829224 | 36823.62
302: 0.4005531072616577,0.45812365412712097,0.3765032887458801,0.6002954840660095,0.5420765280723572,0.6418838500976562 | 36823.62
303: 0.4127638041973114,0.4576954245567322,0.382110059261322,0.5891754627227783,0.535939633846283,0.6235625743865967 | 36823.62
304: 0.44077855348587036,0.458822101354599,0.39458155632019043,0.5614646077156067,0.5213021636009216,0.5816560983657837 | 36823.62
305: 0.4025644063949585,0.4545639157295227,0.3789905905723572,0.5950336456298828,0.5354745984077454,0.628272294998169 | 36823.62
306: 0.3562106490135193,0.4492800831794739,0.36057960987091064,0.6304049491882324,0.5501816868782043,0.6807385087013245 | 45725.74
307: 0.3522969186306,0.4473719000816345,0.3593372702598572,0.6282152533531189,0.5452085137367249,0.6773977279663086 | 45725.74
308: 0.3195553123950958,0.4457479417324066,0.34562787413597107,0.6641594767570496,0.5648050308227539,0.7261584997177124 | 45725.74
309: 0.2838006317615509,0.44341591000556946,0.3296095132827759,0.7008445262908936,0.5842334032058716,0.7705848813056946 | 45725.74
310: 0.3093005418777466,0.44360631704330444,0.3402528762817383,0.6729442477226257,0.5672258138656616,0.7320998907089233 | 45725.74
311: 0.289998859167099,0.4430486261844635,0.3299475610256195,0.6914997100830078,0.5799312591552734,0.7611765265464783 | 45725.74
312: 0.32904961705207825,0.4455355703830719,0.346823513507843,0.6529316306114197,0.5596548914909363,0.710831880569458 | 45725.74
313: 0.3308619260787964,0.44760745763778687,0.348094642162323,0.6537233591079712,0.5620860457420349,0.715387225151062 | 45725.74
314: 0.33645230531692505,0.4475840628147125,0.35327163338661194,0.6491381525993347,0.5574001669883728,0.7028294205665588 | 45725.74
315: 0.34205731749534607,0.44630149006843567,0.3566910922527313,0.6407279968261719,0.5499067902565002,0.6860315203666687 | 45725.74
316: 0.3841545283794403,0.4476304054260254,0.37319955229759216,0.598222017288208,0.5270518064498901,0.6237804293632507 | 36823.62
317: 0.4083528518676758,0.45250770449638367,0.3811454474925995,0.5766484141349792,0.5170735120773315,0.5938358306884766 | 36823.62
318: 0.3610474467277527,0.455618292093277,0.3591197729110718,0.6262512803077698,0.5445352792739868,0.6689942479133606 | 45725.74
319: 0.4099985957145691,0.4573228061199188,0.37750861048698425,0.5792441368103027,0.5208114981651306,0.6013387441635132 | 36823.62
320: 0.44467437267303467,0.45621728897094727,0.3917917013168335,0.5432406663894653,0.5020717978477478,0.5456334948539734 | 36823.62
321: 0.43156754970550537,0.4530840218067169,0.387047678232193,0.5527117252349854,0.505929708480835,0.5595232248306274 | 36823.62
322: 0.386904776096344,0.45296651124954224,0.366957426071167,0.5977849364280701,0.5294526815414429,0.6299851536750793 | 36823.62
323: 0.410273015499115,0.45468568801879883,0.3766116797924042,0.5778998136520386,0.5190457701683044,0.6003106236457825 | 36823.62
324: 0.40652069449424744,0.4557969868183136,0.37429022789001465,0.5839402675628662,0.5224342346191406,0.6090193390846252 | 36823.62
325: 0.38452956080436707,0.45417845249176025,0.36678704619407654,0.6021981239318848,0.5326492190361023,0.6372578740119934 | 36823.62
326: 0.3898512125015259,0.45370715856552124,0.3710435628890991,0.5964690446853638,0.5289974808692932,0.6268098950386047 | 36823.62
327: 0.45320093631744385,0.455422043800354,0.39837250113487244,0.5363215804100037,0.4972723126411438,0.5324510335922241 | 36823.62
328: 0.46274375915527344,0.4570949375629425,0.3997715413570404,0.5280876159667969,0.49391046166419983,0.5216097831726074 | 36823.62
329: 0.4382913410663605,0.45644310116767883,0.38772037625312805,0.5504201650619507,0.5054484605789185,0.5574859976768494 | 36823.62
330: 0.47169002890586853,0.4547847807407379,0.4031725525856018,0.5150480270385742,0.48575955629348755,0.5011149644851685 | 36823.62
331: 0.4578389823436737,0.45532020926475525,0.39863038063049316,0.5283164381980896,0.4933863580226898,0.5240912437438965 | 36823.62
332: 0.44635021686553955,0.4541911482810974,0.3947703540325165,0.5368318557739258,0.4979648292064667,0.5390284657478333 | 36823.62
333: 0.39903566241264343,0.45425426959991455,0.37356099486351013,0.5808224081993103,0.5214846730232239,0.6107895374298096 | 36823.62
334: 0.4137744605541229,0.4555956721305847,0.37918004393577576,0.5669885277748108,0.515245795249939,0.5908616185188293 | 36823.62
335: 0.4046502709388733,0.45781728625297546,0.37437009811401367,0.5795480012893677,0.5224156975746155,0.6100738048553467 | 36823.62
336: 0.4303547739982605,0.45904186367988586,0.38390618562698364,0.556084394454956,0.5108517408370972,0.5745149850845337 | 36823.62
337: 0.4206503629684448,0.4582059979438782,0.3782213032245636,0.56653892993927,0.5163266658782959,0.5905802845954895 | 36823.62
338: 0.4728103578090668,0.45860859751701355,0.40153995156288147,0.5169404745101929,0.4902300536632538,0.5111401677131653 | 36823.62
339: 0.48055386543273926,0.45873650908470154,0.4046486020088196,0.5102631449699402,0.48640576004981995,0.4997881352901459 | 36823.62
340: 0.4700491428375244,0.45647358894348145,0.4008079171180725,0.5171758532524109,0.4889778196811676,0.5086609125137329 | 36823.62
341: 0.5151571035385132,0.45376843214035034,0.4226238429546356,0.46943551301956177,0.46332845091819763,0.43061041831970215 | 36823.62
342: 0.4782387912273407,0.45381367206573486,0.40661951899528503,0.5037404894828796,0.47895026206970215,0.4838550090789795 | 36823.62
343: 0.43680205941200256,0.45610374212265015,0.3871307075023651,0.5458379983901978,0.4985603094100952,0.5504725575447083 | 36823.62
344: 0.41183409094810486,0.45809999108314514,0.37349486351013184,0.5724825263023376,0.5123685002326965,0.5950753092765808 | 36823.62
345: 0.4031723141670227,0.45942801237106323,0.36791884899139404,0.582351803779602,0.5181755423545837,0.6129313111305237 | 36823.62
346: 0.399437814950943,0.460062175989151,0.365636944770813,0.5871450901031494,0.5203424096107483,0.6198071241378784 | 36823.62
347: 0.4378098249435425,0.4598192572593689,0.3823067247867584,0.5504860281944275,0.5014888644218445,0.5607064366340637 | 36823.62
348: 0.4679045081138611,0.4590487778186798,0.3961496353149414,0.5206430554389954,0.48685312271118164,0.5127807259559631 | 36823.62
349: 0.4335908591747284,0.4578845500946045,0.3818901479244232,0.5513585209846497,0.502267599105835,0.5638201832771301 | 36823.62
350: 0.461101770401001,0.4569297134876251,0.39419013261795044,0.5226364135742188,0.49174976348876953,0.5213433504104614 | 36823.62
351: 0.5385768413543701,0.45601919293403625,0.4308750331401825,0.4492990970611572,0.45783185958862305,0.40150320529937744 | 36823.62
352: 0.5421806573867798,0.45714449882507324,0.43537142872810364,0.44990596175193787,0.4576132297515869,0.39866960048675537 | 36823.62
353: 0.49745455384254456,0.4583466351032257,0.41611185669898987,0.49705296754837036,0.47821104526519775,0.4695066809654236 | 36823.62
354: 0.5145487785339355,0.45860177278518677,0.4229910671710968,0.4806211590766907,0.47078362107276917,0.4468561112880707 | 36823.62
355: 0.45301032066345215,0.4566105604171753,0.39520376920700073,0.5379797220230103,0.4962335526943207,0.5365470051765442 | 36823.62
356: 0.3810989260673523,0.4554773271083832,0.3620928227901459,0.6054399609565735,0.5254395008087158,0.6392263174057007 | 36823.62
357: 0.414549857378006,0.4551994800567627,0.3752659857273102,0.5696350932121277,0.5081667304039001,0.5888826251029968 | 36823.62
358: 0.38142961263656616,0.4569183588027954,0.3571476936340332,0.602228581905365,0.5223401784896851,0.6424925923347473 | 36823.62
359: 0.44378843903541565,0.4580310583114624,0.3837401270866394,0.5438420176506042,0.49482256174087524,0.5535306334495544 | 36823.62
360: 0.4605259299278259,0.457098126411438,0.3906553387641907,0.5298957824707031,0.48810216784477234,0.528520941734314 | 36823.62
361: 0.4314829707145691,0.45578324794769287,0.3771074712276459,0.5578160881996155,0.49992668628692627,0.5680446624755859 | 36823.62
362: 0.3957369327545166,0.455350786447525,0.3606039881706238,0.5908697843551636,0.5142704844474792,0.6162109375 | 36823.62
363: 0.43584075570106506,0.452890545129776,0.3793178200721741,0.5495383739471436,0.4952765703201294,0.5489820241928101 | 36823.62
364: 0.4014686644077301,0.45440587401390076,0.36121615767478943,0.5841226577758789,0.5097809433937073,0.6008310317993164 | 36823.62
365: 0.4460785984992981,0.45478472113609314,0.3790956735610962,0.5440488457679749,0.49242353439331055,0.5389582514762878 | 36823.62
366: 0.40754398703575134,0.46023547649383545,0.358688086271286,0.5863193273544312,0.5109367966651917,0.6067955493927002 | 36823.62
367: 0.4075421094894409,0.4631619155406952,0.35716912150382996,0.5888000130653381,0.5127858519554138,0.6139106154441833 | 36823.62
368: 0.41020193696022034,0.46370068192481995,0.35743018984794617,0.5860533118247986,0.5124178528785706,0.6114999651908875 | 36823.62
369: 0.4120585024356842,0.4631759822368622,0.3587341606616974,0.5822933912277222,0.5115840435028076,0.6065433025360107 | 36823.62
370: 0.42604291439056396,0.46338292956352234,0.3674842119216919,0.5667641758918762,0.5054457783699036,0.5845389366149902 | 36823.62
371: 0.3943898379802704,0.4661898910999298,0.3537677526473999,0.5960165858268738,0.5192862153053284,0.6328361630439758 | 36823.62
372: 0.3985423147678375,0.46717169880867004,0.3563249111175537,0.5922880172729492,0.5179430246353149,0.6289277672767639 | 36823.62
373: 0.4203417897224426,0.4670850336551666,0.367019921541214,0.5723872780799866,0.5091943144798279,0.5985756516456604 | 36823.62
374: 0.4711833894252777,0.46557554602622986,0.3921184241771698,0.5247008204460144,0.487984299659729,0.5233365893363953 | 36823.62
375: 0.4301568865776062,0.4663847088813782,0.37179458141326904,0.5643296837806702,0.5063464045524597,0.584805965423584 | 36823.62
376: 0.403489351272583,0.4662158191204071,0.3586188852787018,0.5890503525733948,0.5184273719787598,0.6232423186302185 | 36823.62
377: 0.3863663971424103,0.46556201577186584,0.3499373197555542,0.6044598817825317,0.5262671709060669,0.6472858786582947 | 36823.62
378: 0.4419874846935272,0.46366825699806213,0.3777299225330353,0.5503222942352295,0.5009983777999878,0.5642449855804443 | 36823.62
379: 0.41104432940483093,0.46288907527923584,0.36044400930404663,0.5805339813232422,0.5149372816085815,0.6109098792076111 | 36823.62
380: 0.40194621682167053,0.4621374309062958,0.3545803427696228,0.5891765356063843,0.5188280940055847,0.6244226098060608 | 36823.62
381: 0.36245864629745483,0.46217507123947144,0.33225077390670776,0.6258016228675842,0.5373533964157104,0.6832414865493774 | 45725.74
382: 0.4007536470890045,0.4605804979801178,0.35099002718925476,0.5880046486854553,0.5176730155944824,0.6269016861915588 | 36823.62
383: 0.44718456268310547,0.45897364616394043,0.374214768409729,0.5440718531608582,0.49418142437934875,0.5559064149856567 | 36823.62
384: 0.49115273356437683,0.4575023651123047,0.3984735906124115,0.501490592956543,0.47136417031288147,0.4831865727901459 | 36823.62
385: 0.4599447250366211,0.45540907979011536,0.38574814796447754,0.5285419821739197,0.4840741455554962,0.5226494073867798 | 36823.62
386: 0.4329148828983307,0.45356154441833496,0.3731566071510315,0.5500937700271606,0.4977008104324341,0.5604718327522278 | 36823.62
387: 0.308433473110199,0.45403048396110535,0.30480343103408813,0.6709298491477966,0.5582087635993958,0.7455955743789673 | 45725.74
388: 0.36264917254447937,0.4540693461894989,0.33148983120918274,0.6197332143783569,0.534759521484375,0.6734777092933655 | 45725.74
389: 0.4094749987125397,0.4534286558628082,0.3567119836807251,0.5758441090583801,0.5129530429840088,0.6027498245239258 | 36823.62
390: 0.3996848464012146,0.4538348913192749,0.35582950711250305,0.5874788165092468,0.5195879340171814,0.6127153635025024 | 36823.62
391: 0.3885232210159302,0.45464402437210083,0.3502520024776459,0.6011989116668701,0.5271236896514893,0.6305980682373047 | 36823.62
392: 0.42148616909980774,0.45447781682014465,0.36658573150634766,0.5685336589813232,0.5107864737510681,0.5822552442550659 | 36823.62
393: 0.38717228174209595,0.4545768201351166,0.34828537702560425,0.5976014137268066,0.5250487327575684,0.6321864128112793 | 36823.62
394: 0.3217286467552185,0.45622870326042175,0.31325653195381165,0.6586663126945496,0.5546397566795349,0.7239329218864441 | 45725.74
395: 0.35244181752204895,0.4560704231262207,0.32993823289871216,0.6290873885154724,0.5387553572654724,0.680019736289978 | 45725.74
396: 0.34583207964897156,0.45671626925468445,0.32750916481018066,0.6350246071815491,0.5404800176620483,0.686947226524353 | 45725.74
397: 0.35391148924827576,0.4572770297527313,0.33240994811058044,0.6263543963432312,0.5350443124771118,0.6736577153205872 | 45725.74
398: 0.38440510630607605,0.45750316977500916,0.3481876850128174,0.5969862937927246,0.5206326842308044,0.6303082704544067 | 36823.62
399: 0.38991579413414,0.4585714042186737,0.34944844245910645,0.5930037498474121,0.5192162990570068,0.6253900527954102 | 36823.62
400: 0.41525086760520935,0.45883405208587646,0.3613174855709076,0.5702269673347473,0.5090226531028748,0.5912376642227173 | 36823.62
401: 0.4131064713001251,0.45960745215415955,0.3587168753147125,0.572251558303833,0.5099076628684998,0.5963519811630249 | 36823.62
402: 0.40825825929641724,0.45874643325805664,0.35712239146232605,0.5739679336547852,0.510116696357727,0.6006107926368713 | 36823.62
403: 0.39109545946121216,0.4586743116378784,0.34886598587036133,0.5889491438865662,0.5154545307159424,0.6225703358650208 | 36823.62
404: 0.3730844259262085,0.45978105068206787,0.33868980407714844,0.6065154075622559,0.5223817825317383,0.6488224864006042 | 45725.74
405: 0.34347397089004517,0.4612818658351898,0.32259467244148254,0.6345057487487793,0.5334607362747192,0.6898509860038757 | 45725.74
406: 0.3326261341571808,0.46080324053764343,0.3185098171234131,0.6426863670349121,0.5345667004585266,0.7000315189361572 | 45725.74
407: 0.3781251311302185,0.4573076367378235,0.34547463059425354,0.5969878435134888,0.5133547782897949,0.6300496459007263 | 36823.62
408: 0.36497926712036133,0.45823532342910767,0.33916765451431274,0.609177827835083,0.5172211527824402,0.6471743583679199 | 45725.74
409: 0.3448418080806732,0.4614947736263275,0.3261357247829437,0.6289458870887756,0.5233139395713806,0.6787075400352478 | 45725.74
410: 0.4316698908805847,0.45701339840888977,0.3708925247192383,0.5475583672523499,0.49015581607818604,0.5552812814712524 | 36823.62
411: 0.39541295170783997,0.4613480567932129,0.34981271624565125,0.5813859105110168,0.5029632449150085,0.6127144694328308 | 36823.62
412: 0.31893256306648254,0.46879538893699646,0.30586788058280945,0.6537855863571167,0.5324223637580872,0.7261477708816528 | 45725.74
413: 0.33348557353019714,0.4686637222766876,0.31193023920059204,0.6401999592781067,0.5252278447151184,0.7089203596115112 | 45725.74
414: 0.3414202928543091,0.4685010015964508,0.3143877387046814,0.634600043296814,0.5202884078025818,0.69999098777771 | 45725.74
415: 0.33513280749320984,0.4691132605075836,0.3108580708503723,0.6455932855606079,0.5232186913490295,0.7096891403198242 | 45725.74
416: 0.4171474277973175,0.4636145830154419,0.3556235730648041,0.5722578167915344,0.4961824417114258,0.5947160720825195 | 36823.62
417: 0.4359983503818512,0.46272170543670654,0.3657292127609253,0.557996928691864,0.4908379018306732,0.5685603618621826 | 36823.62
418: 0.4190497398376465,0.4637509286403656,0.35737019777297974,0.5739543437957764,0.4973964989185333,0.5935570001602173 | 36823.62
419: 0.36345040798187256,0.46497589349746704,0.3287370502948761,0.6194074153900146,0.5115722417831421,0.6669869422912598 | 45725.74
420: 0.3568180501461029,0.4640915095806122,0.32871130108833313,0.6177721619606018,0.5096293687820435,0.667451024055481 | 45725.74
421: 0.3492319881916046,0.46514999866485596,0.3282180428504944,0.6190645098686218,0.5115066766738892,0.6716772317886353 | 45725.74
422: 0.32436785101890564,0.4687367081642151,0.316067636013031,0.6426032185554504,0.5209782123565674,0.7050721645355225 | 45725.74
423: 0.32905468344688416,0.4694831371307373,0.31801992654800415,0.6428942084312439,0.5213875770568848,0.7012709975242615 | 45725.74
424: 0.4208046495914459,0.4622170925140381,0.36884137988090515,0.5654404163360596,0.4939853250980377,0.5712347030639648 | 36823.62
425: 0.5360696315765381,0.45407530665397644,0.433051198720932,0.467295378446579,0.4609161615371704,0.40618905425071716 | 36823.62
426: 0.5782087445259094,0.4525274336338043,0.46078380942344666,0.4368409514427185,0.4471481144428253,0.34582072496414185 | 43067.0
427: 0.5075470805168152,0.4589018225669861,0.4192018508911133,0.5054025650024414,0.4735719859600067,0.4509676396846771 | 36823.62
428: 0.4690200686454773,0.462063729763031,0.3964124023914337,0.5421848893165588,0.4882708191871643,0.5115966796875 | 36823.62
429: 0.46135756373405457,0.4625021517276764,0.38966846466064453,0.5466805696487427,0.48932498693466187,0.5253394246101379 | 36823.62
430: 0.45813101530075073,0.46215465664863586,0.38401347398757935,0.5448505878448486,0.48746421933174133,0.5322616100311279 | 36823.62
431: 0.4570945203304291,0.4613161087036133,0.3792648911476135,0.5417768955230713,0.4843931496143341,0.5351964831352234 | 36823.62
432: 0.3997749090194702,0.4639187157154083,0.3443513512611389,0.5934152603149414,0.5021811127662659,0.6200483441352844 | 36823.62
433: 0.391525000333786,0.463202565908432,0.3373546600341797,0.5982291102409363,0.5019513964653015,0.6315627694129944 | 36823.62
434: 0.3398149609565735,0.464854896068573,0.30908113718032837,0.640612781047821,0.5177258253097534,0.69978928565979 | 45725.74
435: 0.32546284794807434,0.46517547965049744,0.30257749557495117,0.6475808620452881,0.5212185382843018,0.7151511311531067 | 45725.74
436: 0.30497318506240845,0.46651092171669006,0.29101720452308655,0.6595975756645203,0.5250164866447449,0.7391337156295776 | 45725.74
437: 0.34709450602531433,0.46326979994773865,0.3138073682785034,0.6093535423278809,0.5031715035438538,0.6783474087715149 | 45725.74
438: 0.3554636240005493,0.4625380039215088,0.3165501654148102,0.5938873291015625,0.4938881993293762,0.6641536951065063 | 45725.74
439: 0.3935472071170807,0.4590016305446625,0.33667388558387756,0.5538488030433655,0.47815924882888794,0.607732892036438 | 36823.62
440: 0.39511799812316895,0.4597293436527252,0.3374568223953247,0.5548044443130493,0.4779401123523712,0.6065396070480347 | 36823.62
441: 0.36276981234550476,0.46506190299987793,0.3195909261703491,0.5937220454216003,0.4908018708229065,0.6570754647254944 | 45725.74
442: 0.3583669364452362,0.4675180912017822,0.31757867336273193,0.6060515642166138,0.4966239333152771,0.6672530770301819 | 45725.74
443: 0.41444316506385803,0.4638042151927948,0.35036903619766235,0.5605401396751404,0.4853378236293793,0.5899544358253479 | 36823.62
444: 0.3882080614566803,0.4673370122909546,0.33633166551589966,0.5898023843765259,0.49597835540771484,0.6300712823867798 | 36823.62
445: 0.3440142273902893,0.471903532743454,0.31170913577079773,0.6342177391052246,0.5110500454902649,0.6933553218841553 | 45725.74
446: 0.37087342143058777,0.4698520004749298,0.3278827369213104,0.6127210259437561,0.505846381187439,0.6571325063705444 | 45725.74
447: 0.3616286814212799,0.4704720079898834,0.3228476345539093,0.6243624687194824,0.511380136013031,0.6716555953025818 | 45725.74
448: 0.3602205216884613,0.4699143171310425,0.3222908079624176,0.6285526156425476,0.5141702890396118,0.6744370460510254 | 45725.74
449: 0.3962515592575073,0.46518105268478394,0.343580037355423,0.5933935642242432,0.5020666122436523,0.620732843875885 | 36823.62
450: 0.37913626432418823,0.46509820222854614,0.33375710248947144,0.6063330173492432,0.5051966905593872,0.6423445343971252 | 36823.62
451: 0.3977730870246887,0.46362072229385376,0.34492823481559753,0.5900028347969055,0.5004479885101318,0.6151618361473083 | 36823.62
452: 0.35039010643959045,0.4675159156322479,0.31649789214134216,0.6333701610565186,0.5159329771995544,0.6826566457748413 | 45725.74
453: 0.36689499020576477,0.46637973189353943,0.3257605731487274,0.6189236640930176,0.5116986632347107,0.6596565842628479 | 45725.74
454: 0.3830203413963318,0.4652060270309448,0.3349332809448242,0.6042875647544861,0.5076537132263184,0.6370806694030762 | 36823.62
455: 0.47792133688926697,0.45946335792541504,0.39316898584365845,0.5213558673858643,0.4794911742210388,0.4958612620830536 | 36823.62
456: 0.46079251170158386,0.46022269129753113,0.3831081688404083,0.5382841229438782,0.4850752353668213,0.5206294655799866 | 36823.62
457: 0.4520750045776367,0.4604915976524353,0.377868115901947,0.5470712780952454,0.4888004660606384,0.5343800187110901 | 36823.62
458: 0.46998152136802673,0.45954957604408264,0.3885733187198639,0.5311471223831177,0.4848847985267639,0.5094420313835144 | 36823.62
459: 0.4946631193161011,0.45841291546821594,0.4033035933971405,0.5083191990852356,0.47860535979270935,0.47414106130599976 | 36823.62
460: 0.4551827311515808,0.4599788188934326,0.37866923213005066,0.5417283177375793,0.4903015196323395,0.5315471291542053 | 36823.62
461: 0.4447217583656311,0.46021339297294617,0.3718741536140442,0.5497781038284302,0.49363964796066284,0.5468636751174927 | 36823.62
462: 0.44768017530441284,0.4599349796772003,0.3735062777996063,0.5469957590103149,0.49293115735054016,0.5423551797866821 | 36823.62
463: 0.43139004707336426,0.46039727330207825,0.3640088140964508,0.5627109408378601,0.49821752309799194,0.5655006766319275 | 36823.62
464: 0.452712744474411,0.4596596360206604,0.3766857385635376,0.5450868010520935,0.4931619465351105,0.5349165201187134 | 36823.62
465: 0.46469688415527344,0.4587893784046173,0.383990615606308,0.5353463292121887,0.48958271741867065,0.51667720079422 | 36823.62
466: 0.4352876543998718,0.45828279852867126,0.36554664373397827,0.561505138874054,0.496893048286438,0.557762861251831 | 36823.62
467: 0.4314865171909332,0.4560379385948181,0.36299556493759155,0.5590462684631348,0.49406662583351135,0.5594697594642639 | 36823.62
468: 0.4458130896091461,0.45392969250679016,0.37192872166633606,0.5351639986038208,0.4836884140968323,0.5347509980201721 | 36823.62
469: 0.4110681116580963,0.45378732681274414,0.35102397203445435,0.5561752915382385,0.487048864364624,0.5820840001106262 | 36823.62
470: 0.38838982582092285,0.4538593888282776,0.33774441480636597,0.5708632469177246,0.48833027482032776,0.6124572157859802 | 36823.62
471: 0.405342161655426,0.4532028138637543,0.3474721908569336,0.5580778121948242,0.482352077960968,0.5879491567611694 | 36823.62
472: 0.3589071035385132,0.4568994343280792,0.31725507974624634,0.6046926379203796,0.49928316473960876,0.660341203212738 | 45725.74
473: 0.32757896184921265,0.4597134292125702,0.29597723484039307,0.638134241104126,0.5127265453338623,0.7095426321029663 | 45725.74
474: 0.3224225342273712,0.4606562852859497,0.29192501306533813,0.6481358408927917,0.5181965231895447,0.7198049426078796 | 45725.74
475: 0.3437143862247467,0.45994511246681213,0.30469295382499695,0.6338756680488586,0.5153627991676331,0.6924989819526672 | 45725.74
476: 0.36323240399360657,0.45899301767349243,0.31584930419921875,0.6192274689674377,0.5113486647605896,0.6666094064712524 | 45725.74
477: 0.33620673418045044,0.4592740833759308,0.2992141544818878,0.6456264853477478,0.5210276246070862,0.7030331492424011 | 45725.74
478: 0.3967314064502716,0.45700180530548096,0.33678221702575684,0.5902718901634216,0.5014556646347046,0.6159744262695312 | 36823.62
479: 0.43566474318504333,0.45414960384368896,0.36330488324165344,0.5476270914077759,0.48550665378570557,0.5533461570739746 | 36823.62
480: 0.446920245885849,0.4523680508136749,0.37260040640830994,0.5286687612533569,0.4776022732257843,0.5320249795913696 | 36823.62
481: 0.4552670121192932,0.45227956771850586,0.37933477759361267,0.5155718922615051,0.47189581394195557,0.5170402526855469 | 36823.62
482: 0.46337610483169556,0.4537290930747986,0.3840547204017639,0.5103469491004944,0.47088387608528137,0.5069047212600708 | 36823.62
483: 0.376362144947052,0.4587045907974243,0.32836824655532837,0.5914484262466431,0.496102899312973,0.6348999738693237 | 36823.62
484: 0.35212212800979614,0.4602285623550415,0.3115459680557251,0.6167781352996826,0.505679726600647,0.6718680262565613 | 45725.74
485: 0.3420971632003784,0.46071285009384155,0.30400270223617554,0.6285626292228699,0.5103956460952759,0.687466025352478 | 45725.74
486: 0.4056381285190582,0.4582034945487976,0.34223663806915283,0.5750716328620911,0.4939270317554474,0.5991450548171997 | 36823.62
487: 0.4176967144012451,0.45758482813835144,0.3487115204334259,0.5666202902793884,0.4907799959182739,0.5820971727371216 | 36823.62
488: 0.4444829821586609,0.4566495418548584,0.3646959960460663,0.5450239181518555,0.48423072695732117,0.5442060232162476 | 36823.62
489: 0.4470192790031433,0.45617830753326416,0.3653453290462494,0.5440449118614197,0.4834747016429901,0.540634274482727 | 36823.62
490: 0.3947440981864929,0.4563252031803131,0.33256083726882935,0.5898156762123108,0.4985048770904541,0.6152587532997131 | 36823.62
491: 0.485698401927948,0.45299845933914185,0.39331263303756714,0.5085611939430237,0.4728394150733948,0.4790761470794678 | 36823.62
492: 0.5293556451797485,0.4522221088409424,0.42582881450653076,0.4643288254737854,0.461437463760376,0.4167732298374176 | 36823.62
493: 0.4896366000175476,0.45174264907836914,0.40206095576286316,0.49263936281204224,0.46768251061439514,0.4701897203922272 | 36823.62
494: 0.41259515285491943,0.4532892107963562,0.35376545786857605,0.5530551671981812,0.484452486038208,0.5803607106208801 | 36823.62
495: 0.42468735575675964,0.4515545666217804,0.3609282672405243,0.5403299927711487,0.4777480661869049,0.5598905086517334 | 36823.62
496: 0.39549094438552856,0.45403793454170227,0.34100285172462463,0.567699670791626,0.4861448407173157,0.6040444374084473 | 36823.62
497: 0.3919947147369385,0.4557530879974365,0.337048202753067,0.5740538835525513,0.4892894923686981,0.6120059490203857 | 36823.62
498: 0.3601422607898712,0.4589633047580719,0.31508782505989075,0.6044405102729797,0.5004932284355164,0.6612448692321777 | 45725.74
499: 0.3542274832725525,0.4601111114025116,0.3091275095939636,0.612824559211731,0.5040367841720581,0.6729546189308167 | 45725.74
500: 0.3765234053134918,0.4593411684036255,0.3208267092704773,0.5979560613632202,0.499337762594223,0.6445708870887756 | 45725.74
501: 0.4002167880535126,0.45834463834762573,0.33409401774406433,0.5809580087661743,0.4942871332168579,0.6128328442573547 | 36823.62
502: 0.39585360884666443,0.4585583508014679,0.3312976658344269,0.5852744579315186,0.49690717458724976,0.6193001866340637 | 36823.62
503: 0.4039704203605652,0.4578993618488312,0.335963636636734,0.57913738489151,0.49541983008384705,0.6079085469245911 | 36823.62
504: 0.3982837498188019,0.4569444954395294,0.3318222165107727,0.5833378434181213,0.4970136284828186,0.615673303604126 | 36823.62
505: 0.4591897130012512,0.45255351066589355,0.3721272349357605,0.5303619503974915,0.4751073122024536,0.522082507610321 | 36823.62
506: 0.42471593618392944,0.45085445046424866,0.3523472249507904,0.5513091087341309,0.48125049471855164,0.5668355822563171 | 36823.62
507: 0.40008729696273804,0.4505690336227417,0.33716702461242676,0.5663194060325623,0.4865453541278839,0.6003298163414001 | 36823.62
508: 0.4304715692996979,0.44996845722198486,0.35555681586265564,0.5432751774787903,0.4786323308944702,0.5574193596839905 | 36823.62
509: 0.4179132878780365,0.4523172676563263,0.34594810009002686,0.5547469258308411,0.48642346262931824,0.5796826481819153 | 36823.62
510: 0.406728595495224,0.45438507199287415,0.3372047245502472,0.565274715423584,0.4941087067127228,0.599967896938324 | 36823.62
511: 0.3437902629375458,0.4576011598110199,0.2948662042617798,0.6141954064369202,0.5197809934616089,0.693989634513855 | 45725.74
512: 0.3562984764575958,0.4568261504173279,0.30155688524246216,0.6043484807014465,0.5171078443527222,0.6778517365455627 | 45725.74
513: 0.3618675470352173,0.45657676458358765,0.3051731288433075,0.5996633768081665,0.5180037021636963,0.6703911423683167 | 45725.74
514: 0.33824601769447327,0.4573115110397339,0.2901865541934967,0.6165178418159485,0.5294671058654785,0.7031900882720947 | 45725.74
515: 0.3563264012336731,0.4563635289669037,0.3018496632575989,0.6017483472824097,0.523951530456543,0.6774682402610779 | 45725.74
516: 0.3474116921424866,0.45647385716438293,0.29603275656700134,0.6061002612113953,0.5290671586990356,0.6902637481689453 | 45725.74
517: 0.26780346035957336,0.45864060521125793,0.24505001306533813,0.659462034702301,0.563178300857544,0.7953681349754333 | 45725.74
518: 0.22851160168647766,0.46073248982429504,0.2207077294588089,0.6824507117271423,0.5787779688835144,0.8401503562927246 | 45725.74
519: 0.2181807905435562,0.46239668130874634,0.21512554585933685,0.6853700280189514,0.5812182426452637,0.8503648638725281 | 45725.74
520: 0.2611154019832611,0.461154043674469,0.2448737919330597,0.6487981081008911,0.5604400634765625,0.7997527122497559 | 45725.74
521: 0.30215132236480713,0.4601570665836334,0.27172064781188965,0.6184117197990417,0.5438368320465088,0.7476800084114075 | 45725.74
522: 0.31671586632728577,0.4600982666015625,0.2811466157436371,0.6094262003898621,0.5397002100944519,0.7285581231117249 | 45725.74
523: 0.3238946199417114,0.45968759059906006,0.2876923978328705,0.6029484272003174,0.5355510115623474,0.716514527797699 | 45725.74
524: 0.32996830344200134,0.45921292901039124,0.29389193654060364,0.5954396724700928,0.5303623080253601,0.7049228549003601 | 45725.74
525: 0.338840126991272,0.4591551125049591,0.30040135979652405,0.5873160362243652,0.5251402854919434,0.691402018070221 | 45725.74
526: 0.3612253665924072,0.4595816135406494,0.3146081268787384,0.5725579857826233,0.5176548957824707,0.6606497168540955 | 45725.74
527: 0.38792091608047485,0.4599890112876892,0.3312220275402069,0.5558745861053467,0.5097199082374573,0.6236431002616882 | 36823.62
528: 0.38749250769615173,0.4619443416595459,0.3294106125831604,0.5577958822250366,0.5113406181335449,0.627202570438385 | 36823.62
529: 0.43957096338272095,0.4601779580116272,0.3622126281261444,0.525576114654541,0.49392053484916687,0.5522050857543945 | 36823.62
530: 0.4665364921092987,0.4596850574016571,0.37951067090034485,0.5092820525169373,0.4858825206756592,0.5133303999900818 | 36823.62
531: 0.4548226594924927,0.46068814396858215,0.37085336446762085,0.5163255929946899,0.4905465543270111,0.5319104194641113 | 36823.62
532: 0.38865187764167786,0.46185970306396484,0.32631728053092957,0.5558440089225769,0.5114997625350952,0.6296401023864746 | 36823.62
533: 0.40385010838508606,0.459105908870697,0.3379024565219879,0.5430404543876648,0.5037904381752014,0.6043553352355957 | 36823.62
534: 0.3688528537750244,0.4602626860141754,0.31692448258399963,0.5617997646331787,0.5134430527687073,0.6533994078636169 | 36823.62
535: 0.44073739647865295,0.45446354150772095,0.3687094748020172,0.5166190266609192,0.4877576231956482,0.5400204062461853 | 36823.62
536: 0.48696810007095337,0.45068225264549255,0.4049172103404999,0.489571213722229,0.4734594225883484,0.46417737007141113 | 36823.62
537: 0.45761558413505554,0.45294302701950073,0.38670608401298523,0.5061603784561157,0.4814283549785614,0.5061326622962952 | 36823.62
538: 0.3758087158203125,0.4609173834323883,0.330993115901947,0.556535005569458,0.5031325817108154,0.630530595779419 | 36823.62
539: 0.3908023238182068,0.4598599970340729,0.34008562564849854,0.5477567911148071,0.4967115819454193,0.6086232662200928 | 36823.62
540: 0.38526827096939087,0.46147075295448303,0.335054874420166,0.5517569780349731,0.4966261684894562,0.6186021566390991 | 36823.62
541: 0.4289796054363251,0.45685654878616333,0.3624717891216278,0.5255199670791626,0.4832330048084259,0.5541136264801025 | 36823.62
542: 0.3543534576892853,0.4677165150642395,0.31079229712486267,0.5703023672103882,0.5018050670623779,0.669346034526825 | 45725.74
543: 0.3763534426689148,0.4687946140766144,0.3230578899383545,0.5576652884483337,0.4965895414352417,0.6416990160942078 | 36823.62
544: 0.36334794759750366,0.47461819648742676,0.3123891055583954,0.5665491819381714,0.5007994174957275,0.665503203868866 | 36823.62
545: 0.36532124876976013,0.47737112641334534,0.31172680854797363,0.5665280818939209,0.5008155703544617,0.6664258241653442 | 36823.62
546: 0.3627047538757324,0.4778372049331665,0.30858728289604187,0.5692068934440613,0.5011623501777649,0.6723282337188721 | 45725.74
547: 0.37684646248817444,0.4742405116558075,0.3176516890525818,0.5606950521469116,0.4959524869918823,0.6511552929878235 | 36823.62
548: 0.37274041771888733,0.4737013280391693,0.3148547410964966,0.5621291995048523,0.49551746249198914,0.6564854383468628 | 36823.62
549: 0.3808091878890991,0.47376927733421326,0.31905457377433777,0.5570317506790161,0.4929518401622772,0.6465353965759277 | 36823.62
550: 0.4195694327354431,0.47069406509399414,0.343380868434906,0.5357661843299866,0.48296064138412476,0.591424822807312 | 36823.62
551: 0.34994789958000183,0.47980695962905884,0.2939174473285675,0.5687311887741089,0.5037814974784851,0.6983216404914856 | 45725.74
552: 0.3575367033481598,0.47939592599868774,0.29688864946365356,0.5614416599273682,0.5034270286560059,0.6905653476715088 | 45725.74
553: 0.37596818804740906,0.47778114676475525,0.3087482154369354,0.5501394867897034,0.4995315968990326,0.6650266647338867 | 36823.62
554: 0.4126764237880707,0.4745335578918457,0.3355087339878082,0.5346561670303345,0.48772382736206055,0.6064431667327881 | 36823.62
555: 0.4105457663536072,0.4731196463108063,0.3359752595424652,0.5353535413742065,0.4883415997028351,0.6056761741638184 | 36823.62
556: 0.4298044741153717,0.4700470268726349,0.34993574023246765,0.5251972079277039,0.48351845145225525,0.5745517611503601 | 36823.62
557: 0.44621238112449646,0.4687761664390564,0.3619457483291626,0.5175845623016357,0.4813211262226105,0.5495266318321228 | 36823.62
558: 0.4744243323802948,0.4663948714733124,0.38268324732780457,0.503311276435852,0.4767797589302063,0.5055063962936401 | 36823.62
559: 0.43354958295822144,0.46832576394081116,0.3569227457046509,0.521672248840332,0.48833397030830383,0.5631641149520874 | 36823.62
560: 0.36996620893478394,0.4736727476119995,0.31296205520629883,0.5505138039588928,0.5060221552848816,0.6577911376953125 | 36823.62
561: 0.32206040620803833,0.47959086298942566,0.27873992919921875,0.573710560798645,0.5209051370620728,0.727910578250885 | 45725.74
562: 0.2566848695278168,0.48797836899757385,0.2327459156513214,0.6098777651786804,0.541654646396637,0.8137549161911011 | 45725.74
563: 0.26982250809669495,0.4866500496864319,0.24094945192337036,0.6035357713699341,0.5368037223815918,0.7985052466392517 | 45725.74
564: 0.3099745213985443,0.48188748955726624,0.26794859766960144,0.5821969509124756,0.5233005285263062,0.7468898892402649 | 45725.74
565: 0.326559454202652,0.4795480966567993,0.2794892191886902,0.575236439704895,0.5160790681838989,0.7234953045845032 | 45725.74
566: 0.3597892224788666,0.47544020414352417,0.3009779751300812,0.559194803237915,0.5041121244430542,0.6772357821464539 | 45725.74
567: 0.3956686854362488,0.4714049696922302,0.3243831396102905,0.5415371060371399,0.4933134615421295,0.6255785226821899 | 36823.62
568: 0.39195990562438965,0.47078579664230347,0.32219502329826355,0.5438794493675232,0.4932793378829956,0.6298429369926453 | 36823.62
569: 0.45432230830192566,0.4649745523929596,0.3640732765197754,0.5116648077964783,0.4784616529941559,0.5371726751327515 | 36823.62
570: 0.45442354679107666,0.463291198015213,0.36283791065216064,0.5110414028167725,0.4763734042644501,0.5358274579048157 | 36823.62
571: 0.4486807584762573,0.46122097969055176,0.3562762439250946,0.5131805539131165,0.4741111099720001,0.5428413152694702 | 36823.62
572: 0.47578859329223633,0.4568100571632385,0.3719889521598816,0.498771071434021,0.46443602442741394,0.5008983016014099 | 36823.62
573: 0.41098693013191223,0.45853981375694275,0.32454395294189453,0.5266528129577637,0.4773026406764984,0.5947895050048828 | 36823.62
574: 0.37827298045158386,0.4590691924095154,0.3005635738372803,0.5382250547409058,0.4851371943950653,0.6405835151672363 | 36823.62
575: 0.342923104763031,0.46015191078186035,0.2753927707672119,0.5505812764167786,0.49595776200294495,0.6901642084121704 | 45725.74
576: 0.29604384303092957,0.4625045657157898,0.24326516687870026,0.5702242851257324,0.5123474597930908,0.7556392550468445 | 45725.74
577: 0.3647543489933014,0.4594786465167999,0.2932239770889282,0.5388967394828796,0.495579332113266,0.6596589684486389 | 40761.39
578: 0.4172220528125763,0.4566691219806671,0.3341679275035858,0.5188933610916138,0.48351654410362244,0.5813813209533691 | 36823.62
579: 0.41802066564559937,0.4551490843296051,0.3418295085430145,0.5229401588439941,0.4818616509437561,0.5759556293487549 | 36823.62
580: 0.3541111350059509,0.4576910734176636,0.30001315474510193,0.5547779202461243,0.4926917850971222,0.6661564111709595 | 45725.74
581: 0.3849635422229767,0.4567028284072876,0.32101938128471375,0.5439293384552002,0.4825179874897003,0.6215739846229553 | 36823.62
582: 0.4533052146434784,0.45317238569259644,0.36765676736831665,0.5159261226654053,0.4653896689414978,0.5220440626144409 | 36823.62
583: 0.4356636703014374,0.4529060423374176,0.35743045806884766,0.5235875844955444,0.4686942994594574,0.5469740033149719 | 36823.62
584: 0.4443792700767517,0.45071420073509216,0.36696934700012207,0.5198621153831482,0.46762213110923767,0.5327939391136169 | 36823.62
585: 0.4025546908378601,0.4527352452278137,0.3398742079734802,0.536558985710144,0.47704601287841797,0.5934213399887085 | 36823.62
586: 0.34549006819725037,0.457533061504364,0.2988312840461731,0.5560979843139648,0.49082082509994507,0.6770657896995544 | 45725.74
587: 0.27716389298439026,0.46668195724487305,0.2469257265329361,0.5813813805580139,0.507724404335022,0.7722855806350708 | 45725.74
588: 0.30603769421577454,0.4662230610847473,0.2635989487171173,0.5652160048484802,0.5013357400894165,0.7367753982543945 | 45725.74
589: 0.35909953713417053,0.4636472165584564,0.2978031039237976,0.5414828658103943,0.48986929655075073,0.6658167839050293 | 36823.62
590: 0.3413405418395996,0.4675275683403015,0.285950243473053,0.5501535534858704,0.49497541785240173,0.6901938915252686 | 45725.74
591: 0.4146859645843506,0.46364057064056396,0.33838382363319397,0.520638108253479,0.48203200101852417,0.5855252146720886 | 36823.62
592: 0.4790145456790924,0.4604625403881073,0.38508498668670654,0.4959939122200012,0.46917611360549927,0.4902108609676361 | 36823.62
593: 0.5179943442344666,0.45774659514427185,0.4125468134880066,0.4801598787307739,0.46180519461631775,0.4342074394226074 | 36823.62
594: 0.44584426283836365,0.4590066969394684,0.3608608543872833,0.5086517930030823,0.47355809807777405,0.5362191200256348 | 36823.62
595: 0.3896523118019104,0.45919278264045715,0.32302939891815186,0.5313293933868408,0.48205915093421936,0.6146806478500366 | 36823.62
596: 0.3557165861129761,0.46105366945266724,0.29801517724990845,0.5451032519340515,0.4859561324119568,0.6634790897369385 | 36823.62
597: 0.3454785943031311,0.4625866711139679,0.28864336013793945,0.548667848110199,0.48672059178352356,0.6804478168487549 | 45725.74
598: 0.3279401361942291,0.46505478024482727,0.27429577708244324,0.5546303987503052,0.4899492859840393,0.7074198126792908 | 45725.74
599: 0.3563314974308014,0.4637644290924072,0.2931709885597229,0.542429506778717,0.48559731245040894,0.6700612306594849 | 45725.74
600: 0.3691645860671997,0.4635171890258789,0.3016047775745392,0.5364154577255249,0.48431259393692017,0.6535637378692627 | 36823.62
601: 0.4229549169540405,0.46021199226379395,0.339708149433136,0.5157696604728699,0.4758561849594116,0.5766383409500122 | 36823.62
602: 0.408096581697464,0.4618373215198517,0.3291330337524414,0.520378053188324,0.47891247272491455,0.5990331172943115 | 36823.62
603: 0.4120158851146698,0.4617792069911957,0.33139991760253906,0.5185849070549011,0.47768744826316833,0.5944536924362183 | 36823.62
604: 0.4137372076511383,0.4617190659046173,0.33198416233062744,0.5179159641265869,0.4765803813934326,0.5930815935134888 | 36823.62
605: 0.4132462441921234,0.4617600440979004,0.3319023549556732,0.5179317593574524,0.47712773084640503,0.5940185189247131 | 36823.62
606: 0.4301416277885437,0.4607575833797455,0.34407609701156616,0.5123836398124695,0.4746730327606201,0.5696537494659424 | 36823.62
607: 0.39904510974884033,0.46192052960395813,0.3218265473842621,0.5245658159255981,0.4785483479499817,0.6144005060195923 | 36823.62
608: 0.4176117479801178,0.46008962392807007,0.33445286750793457,0.5191280841827393,0.47399434447288513,0.5878803133964539 | 36823.62
609: 0.43245041370391846,0.4581141471862793,0.3440974950790405,0.5141421556472778,0.47059500217437744,0.5670088529586792 | 36823.62
610: 0.3933793902397156,0.4587135314941406,0.31472983956336975,0.523910403251648,0.4784112274646759,0.6245368719100952 | 36823.62