1: 0.6801916159052541,0.5432664478153892,0.559547222375308,0.517232495264734,-0.3917043868437471,-0.01744145300767913
2: 0.5754139572413927,-0.17549234034595784,1.17741061669533,1.2048522483171886,-0.13247487859909557,0.2876459143038496
3: 0.6382404523776164,0.4756983523808723,0.32217352304860003,0.6536270739941938,-0.24622338068659633,0.19461511044744134
4: -0.06292927902980117,1.6383548246784545,0.8250932148661356,0.5948432786112958,0.4367419706593607,1.0038059514370081
5: 0.25791638654359356,0.047848835250309585,0.7914253663507831,1.0878552068476917,0.2328354710890057,0.9745619854420583
6: 0.03813483000140622,1.04693587619163,1.4693050715766773,1.0443108581693266,0.3624680855084368,1.371264995817631
7: 0.502089403219125,0.3805510027315354,0.7365833597478386,0.6235670159701543,1.223363285444747,0.7334091750130955
8: 0.6694703192335972,0.3270598998520129,0.42209046660674976,0.18550969099890252,0.9307125606036324,0.7843886437992631
9: 0.930987867431954,0.0990223746023825,-0.01699329891872653,0.3226880264680412,0.6601396193047957,0.0605264776396191
10: 0.5217334771814376,0.5303428534704334,0.3414643777161944,0.8200836882879905,0.9073395409746823,0.7036196467660181
11: 0.5092549571737875,0.6746789182483686,0.5283616625619354,0.22266493422833,0.09828350859123525,0.46774853275112627
12: 0.7799360734298324,1.1018613383398694,0.7229751659759889,0.2820775362304941,0.2596645559338733,0.6531832323148445
13: 0.1491996888864514,0.3367220743738464,0.380786708602057,0.12790553701136165,-0.036052437373868984,1.0988489021002525
14: 0.3687806485681385,0.6476821143508034,0.48135332189240065,1.019717112782702,0.8531638230058466,0.449422278526127
15: 1.2123940048202886,0.6214736852644295,0.09172272449934948,0.9647068373097623,0.17825707182645317,0.2250807003276541
16: 0.8217737203626909,0.45820060846480726,0.88195980505017,0.9413112235336185,0.45407067904080956,0.9873320296599227
17: 0.3727536626795984,0.10956399160350222,0.34310530499930897,0.12925879162538711,0.9365834842379012,0.49469456600438927
18: 0.469784181614032,2.30363273073797e-05,0.615659365716959,0.6509200056203606,0.1635955557369589,0.6472903740586894
19: 1.0745094087017082,0.31658196794761545,0.37955986538781683,0.7659618749021643,0.40199373085254597,0.2810646700459551
20: 0.28025939464515803,1.3069087269943198,0.2662654859581618,0.691671964075269,0.8580417240192026,0.7349957713795932
21: 0.9409844377775045,0.6224915939807185,1.5257810022543825,0.15505066589092842,0.3976190596884315,-0.1757522188107553
22: 0.7722660767777327,0.27467845980390315,0.196343290978873,0.26514219586597887,0.06513008431029771,0.8535342508038579
23: 0.788017572450928,0.22676653399526048,0.5471989223045676,0.6126835766298518,0.47986227974011514,0.4767350244254467
24: 0.16454109079120738,0.15806152033318543,0.3968541503209847,0.48857897910793474,0.4013061059119618,0.9651459050883072
25: 0.7156439832781321,0.429890399331169,0.6878908057187189,0.8203339287405795,0.3351208199931459,0.1340267385827391
26: 0.7023858561210244,0.8511697535017777,0.4386455409970605,0.48892262052283364,0.6143375548493066,0.3510799861268619
27: 0.7484609400271018,-0.06047865779545303,0.2493953989423797,0.399456707220017,0.5383103316817845,0.3579085569121689
28: 0.7090162782546341,0.7187200261785981,0.4212996861074134,0.6429232219967238,0.29167809743290873,0.4068317115071616
29: 0.664162074486415,0.3165219905651135,0.4286554817801999,0.716162972688521,1.0771349181804668,-0.10844276547164422
30: 0.5441461123439361,0.3720463019642742,0.155910987930928,0.6623238256647598,0.7016672955985928,0.712404404013259
31: 0.6459963922633554,-0.13922367755183362,0.6637461594470058,0.4431769075146225,1.183727096031343,0.3109135365807571
32: 0.9308657461567122,0.4762003862152931,0.06448549320861213,0.8797120245425435,0.6300699417781972,0.7714789845223138
33: 0.3016371137409972,-0.09990461365372671,0.7319966541997383,0.3659442295135281,0.7108365694126069,0.29105836098618787
34: 0.3825606298384399,0.9167798794750727,0.7695871925295443,0.8155483727514556,0.6112501702084459,0.2589628808210874
35: 0.5828213401258828,0.6580877035394643,0.6288395634300251,0.41644392680905745,0.2688827675266176,0.07943745545707376
36: 0.6313442754659713,0.6462097727533905,0.6370331417620381,0.2233160088327487,0.6082309282216954,0.09044128025151038
37: 1.074596915000594,0.4674909449081651,0.88887083335985,0.5970855227473273,0.25330696694730265,0.4665793086676849
38: 0.891337017228004,0.1749953636885181,0.6961741559635354,0.19668147110190465,0.14866240613206533,0.7970601676011284
39: 0.386084942322163,0.65244727695175,0.6621158798401574,0.24472852689768265,0.7228580373232611,0.2179873770622024
40: 0.5270911505369585,0.7148652701279786,0.4311853461154097,0.552576116203299,0.6021800537493329,0.5554895971787809
41: 0.13816903768473476,0.5989485934235884,0.787325847051316,0.8190090798683733,0.2504650212221009,-0.06873878976561998
42: 0.2356009173889459,0.7583671986122693,0.3506955670617647,0.36424400927883616,-0.014051270674835137,1.075761210807678
43: 0.3370519627127831,0.7229835806349926,0.4793723726808496,0.5595673072889746,0.8115671708790655,0.39132857558859746
44: 0.6876588961490975,1.1088372845999614,0.8022266927889523,0.941045961757401,0.7703898866992673,0.3653986758038379
45: 0.8193977024549897,0.5029051722719721,0.5875886444726801,0.41032995318212107,0.34549235343634555,-0.024022280690364828
46: 0.5694750165468769,0.6200578258834057,0.6728273295880518,0.6434465028888098,0.7222660197734707,1.0697020823619006
47: 0.6921773759966625,1.1578430233597563,0.7973395297060137,0.5058318492814925,0.2674764324840746,0.4990403551423383
48: 0.4704185296487535,0.888599977976883,0.6627574438527903,0.7567781877321139,0.44774054176881334,0.5436994319027586
49: 0.3344963967882427,0.5594216901221771,0.42948591019996324,0.41205948295000405,0.5850104725250725,0.4958267488829333
50: 0.6545179261005944,1.3311709763996078,0.6349260065826349,0.3083860315423991,0.566904438908041,0.7142747172782266
51: 0.5592623213214426,0.5686269307483316,0.28633190525483465,0.9857564133797773,0.5982683771354494,0.2998046160081176
52: 0.9809408402826463,0.6624591176476418,0.2565862004369489,0.5132479849552041,0.23494028871048322,-0.030808280756619566
53: 0.5169333387717334,0.5962013287667574,0.16330632598035244,0.6170138971527327,0.42814935329248477,0.7115245847626175
54: 0.7392262566216995,0.2900222911889489,0.6019223711892816,0.5215748990935364,0.7875565023296572,0.6244773342790397
55: 0.15816074943694536,0.4228093482462545,0.39171541500504614,0.5245285306274919,0.7815158231503716,0.7305868711247512
56: 0.6307451236570344,0.6124533838424567,0.44591133435386926,0.7665865165381521,0.9468977226823276,0.36235038934209557
57: 0.8618013398258096,0.5794524001345144,0.6098894055838082,0.6838707657249589,0.05677494495892971,0.3352793885710126
58: 0.23916526334476806,0.6259134079201523,0.45343195772486783,0.5486548545399006,0.6420840000241708,0.571772231630113
59: 0.3825761746761014,0.36688472763205043,0.4721584315365664,0.7308931926554245,0.51152989253609,0.5079754276924023
60: 0.8982910871542613,0.3102796557901279,0.38158896652054053,0.40531885490090536,0.5213221047469311,0.5380026272198647
61: 0.46231543910255385,0.5039906526039769,0.3505351778512914,0.359234263785648,0.4050504989285874,0.47222349519655427
62: 0.458854279469093,0.49818025515638015,0.4849139097439431,0.3114799680057958,0.2406942781907334,0.777835460426811
63: 0.29293385975919695,0.6311955701215768,0.5619968043022273,0.7607424357647796,0.13282978503429815,0.29924731967671003
64: 0.3467427614850838,0.8520453524939896,0.44638349888738327,0.5225005727112829,0.34143566262013164,0.1978829010031636
65: 0.46985429976740245,0.6569795328941901,0.1885136656690286,0.3927213169484912,0.40206640385455805,0.5142350667355808
66: 0.21487337236863902,0.6700962161654672,0.364890933835733,0.5438585911173208,0.11318205669819581,0.16815742887521465
67: 0.5311546014001165,0.7635767126113109,0.5932586918782033,0.5187769287193472,0.46028672879789334,0.6510830152575902
68: 0.7023128018134764,0.86828786866296,0.18515003786605627,0.030836978471188103,0.13860203706220153,0.16532458864555627
69: 0.35878735069131606,0.44891990748079313,0.14803857711045432,0.04957795289886624,0.6294749209329391,0.30950569781962867
70: 0.408714515736891,0.8952620753530642,0.890893254840706,0.3254749478584248,0.5052221534202148,0.08135057228598598
71: 0.346996815975313,0.9213641664474377,0.669604869692669,0.2936435649468283,0.47410463143723963,0.36387604273714663
72: 0.5192826063663084,1.081170286491496,0.7516559985405912,0.34455020550264204,0.533391910776509,0.41633309798228424
73: 0.5534207567047699,0.856420548296263,1.0165272760854425,0.5058389018578145,1.0294330706038328,0.10777241003402345
74: 0.7361052335286503,0.7845156708366771,0.775793034344551,0.1863891551710889,0.5214493605554966,-0.03671770873463079
75: 0.5823219644952684,1.0195240146702678,0.8032833764738848,-0.0019948896315857,0.7621506021066144,0.22927596649483675
76: 0.36595689641838935,0.994716942199283,0.7242543764760008,0.1063693132649723,0.46547144468892593,0.16547657113889092
77: 0.7474119247040951,1.112226228410148,0.8369781045578574,0.1950951958857644,0.7474836444294727,0.049508251904766876
78: 0.775100668083141,0.847783665174351,0.6225900452075048,0.2944632105976532,0.7470772076813433,0.04915866463528027
79: 0.8121809650839426,1.0057640428854395,0.7503647644835089,0.1862732572495003,0.8883787906715301,0.03679984744757516
80: 0.798899775781394,0.9449932703193964,0.9211637028644153,0.043218864127407025,0.8135678824320424,-0.12537401165228518
81: 0.5100438513266103,0.9321126277868859,0.7330911512744906,0.5611209318945792,0.5574317746718217,0.3637191841618525
82: 0.413813172958076,0.9132383975175452,0.7919961505020874,0.09037839122801325,0.707968594319651,-0.17691761858582264
83: 0.6255382394151848,0.9067455946775093,0.9301987277712513,0.14340506724150046,0.842552307650711,0.09544298757895647
84: 0.38998746342013024,1.1499748914908459,0.9481952558991285,0.09321400012872233,0.7945502543099577,0.18117488536488324
85: 0.5673940268303634,0.8357755305037734,0.984105363647566,0.030882585315733985,0.8735372717018606,-0.0062116918000356194
86: 0.579400485367368,0.795194133729177,0.9366125697150114,0.09905562991374747,1.0848580668631662,0.14876190601605876
87: 0.6471805201197587,0.926246694807872,0.868763413956417,0.24826844071777476,0.9588774788537838,-0.020807259131366523
88: 0.6107565900330026,0.797582260588112,0.5678136526336371,0.09490493141316199,0.8914852827837282,0.1299492628049294
89: 0.7991229231086403,1.0623725038546976,0.897986143025327,0.13199630633654658,1.0047554240833698,0.10248505227689068
90: 0.6180870240514394,0.8041094592506198,0.9592595762145408,0.14473480141060918,1.0532867370564014,0.026657312430546636
91: 0.6261733646867866,0.8810542102980459,0.9604753518577327,0.058313946904455474,1.0333476867329006,0.23134681938445792
92: 0.6435910564800043,1.1057165089052214,0.8419327206969771,-0.10394182714816416,0.9803756748140513,0.12114307753130663
93: 0.6914426373618183,1.0555489621677658,0.9616507891918958,-0.008873920525353518,0.9270263444769063,-0.0520743704410918
94: 0.601762377783008,1.0705660141972153,1.0058989616158829,-0.1709649790742002,1.0453782030996246,0.21257812272146334
95: 0.6922631466377115,1.175327332442052,1.0683193340702275,0.14613100522125916,1.0874342778085153,0.1520390974528366
96: 0.5984669604822849,0.9277092803780731,0.8898320328867005,0.1022849916127893,1.0076100761028073,-0.015603884681909486
97: 0.5945945213905776,0.8643559954572363,1.0674055970778038,-0.007709348749085576,0.9716137636308831,-0.026227186319458876
98: 0.5781882228284833,1.0873150188949992,0.9115286216064105,-0.17272877821813862,1.2424342902368712,0.20306902215048278
99: 0.56221051276764,1.0300634826515007,0.8838607904194874,-0.03460609999043153,0.8081543064606049,0.1183628398394424
100: 0.545283676353618,0.907431284651971,0.9160435777520237,0.13024563925735594,0.6751849220960676,0.10677743290938302
101: 0.5821429115086156,0.9985050884710093,0.8567890300173263,0.01650580343232048,1.112885542711858,0.016930458665049046
102: 0.49165973851247635,0.955933242599323,0.7340606531513193,0.15321769790906004,0.784765944002444,-0.019725596581676177
103: 0.5176618153135127,1.0157505566864822,0.7517340196219516,0.019144337508010298,0.9264971036512397,0.02392053021680806
104: 0.40902951079857675,1.1129402338569805,0.993916648201449,0.06586027125215961,1.077709471292598,0.13555813657643273
105: 0.4145122822152178,0.922724270372524,0.8747437545128605,0.07508212538064266,1.039517087203909,-0.08221285821535781
106: 0.5388896811801692,0.9180092074638821,0.9059635338713786,0.07465164851934816,1.0150190385827356,-0.003083258744267993
107: 0.7072750191042685,1.0351501116860402,1.0201788344026828,0.07411561779507074,0.7819934023329773,-0.1472207818931618
108: 0.586358173419517,0.9959940072332131,1.0563820100170709,-0.278791377505455,0.8822671211290822,0.07359539120800859
109: 0.5311254877660682,0.9273244018787796,0.8511132146584887,-0.07524186079422869,0.9613590182260455,0.14751674964683198
110: 0.5046888840235755,1.0403143736446134,1.046033477806652,0.011974391699071888,0.9673277016388587,0.06899569350761879
111: 0.47922125955220296,1.0683889262287904,0.7559405099769807,-0.02672247675504979,1.1413996762329368,0.05890444180480315
112: 0.43546831050715096,1.007614100654401,1.017254135074425,-0.11587918373218911,0.9145793192122053,0.0005435972107495253
113: 0.5704891797853112,1.0050377946322562,0.9901003194965593,0.11598528258279128,0.9325471116979795,-0.15917674039666738
114: 0.5853181222644346,0.9020420893444926,0.8683385758423501,-0.04523476180143643,1.1225885345056652,0.0010935020844656772
115: 0.6937305092780237,0.9505883440283271,0.9302995553092838,-0.048244201069733275,0.7782377150613642,-0.0871451783367681
116: 0.6360388731396411,1.0014849025322183,1.0105962664278934,0.07914400932724087,0.9735060517065286,0.1953308907174499
117: 0.5078951018988009,1.0051396479236416,1.0458220836177756,-0.022915805416356086,0.7560494141409271,0.0909126388486389
118: 0.4110040260052972,0.8894663507532623,1.0455190041177154,0.050419983048659425,0.9706856355798351,0.08746762928657963
119: 0.5714816404669224,1.0454150871350296,1.0782128980497911,-0.09997963735956986,0.9260334259743855,-0.10275811441445569
120: 0.489563179935473,0.9525264606778373,1.0951704847161297,0.037659903850559194,1.13016172349097,-0.08401596830236824
121: 0.5554986096566313,1.0437601512542207,0.9170209685028139,-0.12583194040421747,1.0687787981422392,-0.0265210396059749
122: 0.6211862204151172,0.9858041601834027,1.0789077652203842,-0.11852289458970186,1.0678468507153853,0.09738770130744395
123: 0.5593319528279944,0.9645056100177448,1.1134697133383435,-0.12583515951037338,0.9352682566128433,0.02635453202249908
124: 0.5128312238602196,0.934537131104116,0.9867570131301013,0.10445888837977908,1.0773185686747575,-0.02310657609220359
125: 0.4377985616806722,1.032040919906487,0.8437595634013553,0.04411983829797901,0.9918939367251741,0.17741680502829854
126: 0.7036188587434181,0.9344719472700017,1.0686643706707322,0.15591530313662497,0.9524738946385229,0.00701352613889485
127: 0.5998961613683749,0.966427308052881,1.0586981820707222,0.11254085992118805,1.0085466036562425,-0.03642506635857019
128: 0.7008802781164751,0.8558945390492123,0.9273662489377765,0.0711211100913463,0.9919837242421008,-0.009225766210900356
129: 0.790221345016837,0.9271696143303937,0.8747444740592858,-0.0542142872728929,1.0977040960655275,-0.0811996274722489
130: 0.6008596607553537,1.0260885496017622,1.0928644274980692,-0.06815179188450773,0.9529981931465085,-0.014985878313255815
131: 0.6484114969200312,0.9247980629249863,0.9720374887257345,0.12401140036018109,0.9115713981498429,-0.011630636216429659
132: 0.7348518623192937,1.0679436283362196,0.9848993042748869,0.020425278784184223,1.0023108013685353,-0.039976030526378645
133: 0.635242800100722,0.8899255206950338,1.0552922101107682,0.03156442019782271,0.9892902413315781,-0.04349205221441783
134: 0.7769474016523156,1.089080016919429,1.004935323094717,-0.015370986373617293,0.9161134436811678,0.04224224487065863
135: 0.7242443808409227,0.9079521511768466,0.9486581380097698,0.04691377889619745,0.9554936226122276,-0.05977132084594852
136: 0.7293485228918571,0.9981993586091423,1.0168280581515887,0.01023363985262906,0.9841265939264878,-0.08705447092292086
137: 0.7990817572383823,0.9494539744078384,0.977687949592125,0.0481631337734567,0.9288253349336084,0.04174056676970925
138: 0.7786025937446815,1.011056015058005,0.9014196779808499,-0.03787485000518561,1.0197315106673708,0.0256247258482986
139: 0.6628682613215972,0.9118278358112328,0.9568538578927378,0.0015723221416915067,0.9440084341003128,0.015154997136792227
140: 0.7894191372833452,0.9125666666207598,1.0091235609902334,0.024628217156153983,1.0635612344748202,0.11467259034958657
141: 0.6821345593574898,0.9773319349079536,0.9969452691272062,-0.04389580032416563,1.0792559636118138,0.05000415775696948
142: 0.7924244150202523,0.996487486555309,0.994089586146001,-0.04182964549924832,1.018423787373322,-0.029630137027349
143: 0.8112432551006652,0.9393901614017367,1.0031493873139277,0.06427132021040424,1.0258885561438196,-0.1736604374782035
144: 0.8438097870306005,1.0582725950872487,0.9352232619530938,0.09301478465760299,1.0687297342837918,-0.06013215804615561
145: 0.7883559779695113,1.0260631737520576,0.9437374006935678,0.08365947660841148,1.0054483394453007,0.06561132247609938
146: 0.8605149835136727,1.0716299897969943,1.0391698148730502,0.06075217071647919,1.0822966457341254,-0.055393566249791915
147: 0.9383449017273118,0.9888082997853965,0.9935700404013397,0.023132181871113308,1.0193096877910306,0.06188811715758063
148: 0.8128302528187157,1.0427791741993615,0.9398232734742495,0.0003212976245460259,0.9976492914816881,-0.09091775255716135
149: 0.8383152607818387,1.0901005395316643,1.0497259044233977,0.08123529220198829,1.0385820436085471,0.15428792203937686
150: 0.926433439676429,1.0098296106043727,0.9593553859776108,0.041988477731036145,0.8815715276810727,-0.03593424088264918
151: 0.85908407874939,0.9692656138828412,0.9637179307225969,0.01603190948593372,0.9938832102270707,0.044928846796094324
152: 0.8160242873179728,0.9924876276977141,0.9152938791509078,0.023976958617847294,1.0059429879913095,-0.035939545922834604
153: 0.9047496435262212,0.9629445141307253,1.0059974503095102,-0.04551426152841851,0.9694952859190185,-0.05291768890723561
154: 0.8719025355540168,0.9825832335509868,0.9838401964286713,-0.05783065692026387,1.0388880914335004,0.007059557095732822
155: 0.8920113651404589,0.9159645955694157,1.0279537912681551,0.06013768144693026,0.9837141104950239,0.0389749595530142
156: 0.9442380785954275,0.9526846037410676,0.9639816689123115,-0.057853095922384176,1.0210454376874096,-0.035132458931769535
157: 0.9482600247027085,0.9734346593260871,0.9522724625278761,0.026858660055727582,0.9552206675987748,-0.08406098115082605
158: 0.8365834247400845,0.9458774325061284,1.0200017414536986,0.034795458120542105,1.0095160675297465,0.08577521743372916
159: 0.9265001564744646,0.9158772871914523,0.956859186565158,0.06137597559696284,1.0346723487647034,0.010666619578581053
160: 0.9728842928786202,0.9799419903283547,0.9171111525530442,-0.04828352375450355,0.9454441411606112,0.03630826925400332
161: 0.9471838313165059,1.0058626153122154,0.9505728132805216,-0.03269745874221846,0.9372891625995436,0.017339039256419574
162: 1.0124238621355963,0.957905067636337,1.0490780362426375,-0.004886376499528659,0.9696455635517386,0.07927106252151787
163: 0.8711841715354317,1.0574610829301132,1.001014475747161,-0.034944930030631705,1.0262163984995367,0.06249793675250802
164: 0.8861941832543135,0.9888886398502551,0.9861756445521823,-0.03882145454871688,0.9969202594936134,-0.022748717209557533
165: 0.9332634806622642,1.0059047538921853,1.0145443836355923,0.006480274229071431,0.9456147415877145,0.03387347034663235
166: 0.9636890294241158,0.9544705300243423,1.0283212798584003,0.07019194230301812,1.0833636530984878,-0.04746946689474254
167: 0.9705651145882364,1.0295214698624156,0.972276610432379,-0.07803580364940002,0.9581637210246198,-0.008028030506225019
168: 0.9602494155056687,1.0605698878708474,1.011186273825202,0.005414825645408159,0.9059502034825951,-0.02410377682920655
169: 0.9955131132250253,1.0126375519834199,0.9750535574283873,0.039983353114888445,0.9607149909189223,-0.04360742332245035
170: 0.9453627641185303,0.9833697882706675,0.9908154019888468,0.020947045982042577,0.9917895232481196,-0.019975819693766553
171: 0.9722064559383433,0.9622899739872198,1.0193268282325532,0.029905414912554495,0.9311644139601402,0.00015397072667364554
172: 0.9323626439247787,0.9602241119797212,1.014901416394801,0.05599917968486853,0.9585215290515994,-0.03768296466728847
173: 0.8957808561829731,0.9765204051576993,1.015539193304456,0.011424708240715061,0.9973928410429663,0.06751700979791683
174: 1.0107767059077821,1.0267439844162403,0.9802949372907622,0.021291562673382378,0.9691093439995649,-0.0036370393795701218
175: 0.9685213893597362,1.061255004272713,1.035828025138143,0.04667247384066349,0.9421396318942231,-0.07847326193289374
176: 0.9608356240368585,1.0488904050234023,0.9732708732998675,0.009264277215904582,0.9840620496645213,-0.018498685936933164
177: 0.9705001738599287,1.0232463045672622,0.9883799548737274,-0.06914825353311196,0.9179207367586896,-0.007935037909191029
178: 0.9460458831926657,0.9523989275116499,0.9889267308475037,-0.03399655084311709,1.0437275792810363,-0.023057891752585397
179: 1.0634539716029052,0.998464114139955,1.0317185103558781,-0.04683929103645466,1.0499298948611906,0.04303962984295768
180: 0.9655370949748934,0.9663162928689203,1.0075580750572777,-0.020692763873498606,1.003450111555366,0.016714470865602283
181: 0.979751198071513,1.0256680991081155,0.9775534914499472,-0.018918631532258326,1.0082127118732596,0.012666281599226913
182: 1.0252513604438511,0.9781360217599213,1.013760080115093,0.04620270080371955,0.9312365064865549,-0.021896357773531928
183: 0.9974177588772417,0.9925242149006458,1.0189030801601304,0.02262047926106129,1.0291475551553777,0.031581536690235876
184: 0.9712421959851597,1.0222957397367851,0.9928925936819661,0.018658329762873252,1.0301166173139902,0.017826754306165947
185: 0.9912945219214914,1.0345992935488106,1.0227496047426081,-0.02350887079997445,0.9630990308235904,0.04137203898052053
186: 0.9544216733835179,0.9743190758973772,0.9924527461074366,0.008035063063507025,0.9815561806031294,0.008890569109878173
187: 0.9738410341247294,1.0261479840511798,0.9512268435913757,0.004446646539864525,0.9699597679927724,-0.035532189915917375
188: 0.9717864553747598,0.9582866914382169,1.0146313814543964,0.0330181562935363,1.01931912261639,0.011986116334118342
189: 0.9645833722906471,1.0337472160729002,0.9746847324036493,0.025361280010793946,0.9739424774016041,-0.0010408541924160067
190: 1.0020780936948928,0.9688255288543598,0.9823700179165539,0.0026641368021285833,1.0015509440043662,0.007633379298827751
191: 1.0376900106245477,1.0012845450171377,0.9973992238734003,-0.006365243836206614,1.0172163151802736,0.02971210663289347
192: 0.9853362205854421,0.9530908803562111,1.0145918025201894,0.048049146808020735,1.0236435392403225,-0.006865716189616369
193: 0.9991495380462481,0.9966977037796393,1.0068350845377292,0.025156174906385366,1.0163264244017904,-0.009852134602264282
194: 0.9532727019905711,1.0091304514294506,0.9289428819792335,0.008367552760137294,1.0545108202528346,0.023447741368019807
195: 1.0092029691546742,0.9827916156055345,0.9849390935275288,0.002474323946662922,0.984740905570569,-0.03542816080128046
196: 0.9915499708580546,1.014344508475883,1.0118239544009495,0.0010969445031082936,0.9832771593221096,0.01322915039603025
197: 0.9574199420303354,0.973973418612314,1.0046686308337995,0.03468846684019572,0.951613585868832,0.023473563285205726
198: 1.00244029144594,1.0443230410294642,0.9769027653998356,0.026425194555559684,1.0058679996340587,0.0011145668771946728
199: 0.9431360498825904,0.9602757526052889,0.9561063488606399,-0.0031521730143166775,0.9985468506837274,-0.022936340495864686
200: 1.0337610051654227,0.9954123510158445,1.0345736652676758,0.010751412265212253,1.0318711902454387,0.040857055058374774
201: 0.9750144779522374,0.9859646385882876,1.0081791883136308,-0.00864507260855802,1.0323990191680494,0.011620901796796545
202: 0.9910085797309875,0.9929433465003967,0.9916493892669678,0.005237731151282787,0.9899711012840271,0.003904587822034955
203: 0.9916837215423584,0.9930100440979004,0.9917318224906921,0.005108055658638477,0.9900349974632263,0.003800357924774289
204: 0.9923262596130371,0.9930770397186279,0.9918140172958374,0.0049757640808820724,0.9901020526885986,0.003693395061418414
205: 0.9929162263870239,0.993139922618866,0.9918895363807678,0.004847435746341944,0.9901657700538635,0.0035892087034881115
206: 0.9934384226799011,0.9931867122650146,0.9919398427009583,0.004734198562800884,0.9902046918869019,0.003495661308988929
207: 0.9939184188842773,0.9932327270507812,0.9919883012771606,0.00462234066799283,0.9902440905570984,0.0034031427931040525
208: 0.9943552017211914,0.9932727813720703,0.9920278191566467,0.004515336360782385,0.9902757406234741,0.003314104164019227
209: 0.9947482943534851,0.993306577205658,0.9920559525489807,0.0044148326851427555,0.9902963042259216,0.0032298064325004816
210: 0.9951150417327881,0.9933481812477112,0.9920976161956787,0.004308086354285479,0.9903393387794495,0.0031414933037012815
211: 0.9954276084899902,0.9933648109436035,0.9920971393585205,0.004224001429975033,0.9903383851051331,0.003069063648581505
212: 0.9957350492477417,0.9933927655220032,0.9921167492866516,0.004126589745283127,0.9903676509857178,0.0029869782738387585
213: 0.9960175156593323,0.9934065341949463,0.9921190738677979,0.004035152029246092,0.9903866052627563,0.0029083634726703167
214: 0.996264636516571,0.9933920502662659,0.9920833110809326,0.003960625734180212,0.990371584892273,0.002840795088559389
215: 0.9965071082115173,0.9933884143829346,0.9920743703842163,0.0038716949056833982,0.9904018044471741,0.0027635255828499794
216: 0.9967288970947266,0.9933713674545288,0.9920480847358704,0.003788272850215435,0.9904242157936096,0.00268988823518157
217: 0.9969381093978882,0.993346095085144,0.9920159578323364,0.0037039893213659525,0.9904530048370361,0.0026157109532505274
218: 0.9971200227737427,0.993285596370697,0.9919314980506897,0.003638193476945162,0.990435779094696,0.0025536995381116867
219: 0.99730384349823,0.9932230710983276,0.9918546676635742,0.003560474840924144,0.9904472827911377,0.0024835451040416956
220: 0.9974791407585144,0.9931307435035706,0.9917445778846741,0.003485410939902067,0.9904481768608093,0.002414196729660034
221: 0.9976420402526855,0.9930123686790466,0.9916067123413086,0.0034137340262532234,0.9904414415359497,0.002346967812627554
222: 0.9977933168411255,0.9928770661354065,0.9914523363113403,0.0033425223082304,0.9904336929321289,0.0022805279586464167
223: 0.9979269504547119,0.9927113056182861,0.9912508726119995,0.0032819986809045076,0.9903919696807861,0.002221343107521534
224: 0.9980524778366089,0.9925245642662048,0.9910163879394531,0.0032220156863331795,0.9903406500816345,0.002162694465368986
225: 0.9981677532196045,0.9923312664031982,0.9907658100128174,0.003161708125844598,0.9902915358543396,0.0021051561925560236
226: 0.9982746839523315,0.9921167492866516,0.9904792904853821,0.0031026483047753572,0.9902352094650269,0.002048928290605545
227: 0.9983729124069214,0.9918831586837769,0.9901554584503174,0.003045559860765934,0.990171492099762,0.0019947371911257505
228: 0.9984639883041382,0.9916325211524963,0.9897933006286621,0.002989194355905056,0.990103006362915,0.0019418750889599323
229: 0.9985498785972595,0.9913252592086792,0.9893401265144348,0.0029361869674175978,0.990006685256958,0.0018902699230238795
230: 0.9986298084259033,0.9909633994102478,0.9887958765029907,0.002886771457269788,0.9898889660835266,0.0018403304275125265
231: 0.9987003803253174,0.99055016040802,0.988149881362915,0.0028450111858546734,0.9897412061691284,0.0017947494052350521
232: 0.9987661838531494,0.9900962114334106,0.9874106049537659,0.002803829265758395,0.9895823001861572,0.0017492190236225724
233: 0.998830258846283,0.9895971417427063,0.9865461587905884,0.0027599167078733444,0.989412248134613,0.001700839027762413
234: 0.9988877177238464,0.9890353083610535,0.9854879975318909,0.0027234642766416073,0.9891949892044067,0.0016543263336643577
235: 0.9989396929740906,0.9884394407272339,0.9842331409454346,0.0026917012874037027,0.9889456629753113,0.0016075415769591928
236: 0.998985230922699,0.987764298915863,0.982600748538971,0.0026725714560598135,0.9886150360107422,0.0015607628738507628
237: 0.9990338087081909,0.9871054887771606,0.9806694388389587,0.002644452266395092,0.9882893562316895,0.001502774190157652
238: 0.999071478843689,0.9863662719726562,0.9779515266418457,0.002645270898938179,0.9877673387527466,0.0014452016912400723
239: 0.9991089701652527,0.9855673313140869,0.974284827709198,0.0026510567404329777,0.9871348738670349,0.0013800333254039288
240: 0.9991391897201538,0.984493613243103,0.9689827561378479,0.0026733046397566795,0.9863353967666626,0.0013251202180981636
241: 0.999173104763031,0.9831883311271667,0.9622370004653931,0.0026690885424613953,0.9856517314910889,0.0012784675927832723
242: 0.999203622341156,0.9814541339874268,0.9530119895935059,0.002655417425557971,0.9850065112113953,0.0012465952895581722
243: 0.9992325305938721,0.9792181253433228,0.9402106404304504,0.002629590919241309,0.9843942523002625,0.0012204702943563461
244: 0.9992503523826599,0.9761480093002319,0.9218229055404663,0.002606792841106653,0.9837148785591125,0.0012042743619531393
245: 0.9992509484291077,0.9719038605690002,0.89586341381073,0.0025767083279788494,0.9830191731452942,0.0011915727518498898
246: 0.9992154836654663,0.9649088978767395,0.8552585244178772,0.002553077880293131,0.9820948243141174,0.0011904904386028647
247: 0.9991589784622192,0.9551375508308411,0.7979768514633179,0.002532338257879019,0.9808369278907776,0.0011941964039579034
248: 0.9990463852882385,0.9417597055435181,0.7180748581886292,0.0025253884959965944,0.9785234928131104,0.0012094398261979222
249: 0.9987555742263794,0.9201626181602478,0.6050236225128174,0.002586806658655405,0.9743455052375793,0.001267862506210804
250: 0.9981337189674377,0.8808501362800598,0.46379154920578003,0.002958583412691951,0.969254195690155,0.0014847181737422943
251: 0.996599018573761,0.8088698387145996,0.31064265966415405,0.004020700231194496,0.9636658430099487,0.0021285121329128742
252: 0.9935616254806519,0.7127420902252197,0.19546018540859222,0.005749758332967758,0.9576669335365295,0.0033138426952064037
253: 0.9904064536094666,0.6225367188453674,0.1357010453939438,0.007539951708167791,0.9512838125228882,0.0045251548290252686
254: 0.9892398118972778,0.5569913983345032,0.10912630707025528,0.008729958906769753,0.9458528161048889,0.005208263173699379
255: 0.9907233119010925,0.5298408269882202,0.10214056074619293,0.008583776652812958,0.9440682530403137,0.005078147631138563
256: 0.9926572442054749,0.522066593170166,0.1022844985127449,0.007884792983531952,0.9441196918487549,0.004659201484173536
257: 0.9941583871841431,0.5260025858879089,0.10460793226957321,0.007119564805179834,0.9449593424797058,0.0042333719320595264
258: 0.9951984286308289,0.5366446375846863,0.1072239875793457,0.006468120962381363,0.946342408657074,0.003870343090966344
259: 0.995541512966156,0.530175507068634,0.10397281497716904,0.006320839282125235,0.9463503956794739,0.0037615809123963118
260: 0.9956526756286621,0.5176874399185181,0.09881071001291275,0.006358254235237837,0.9458658695220947,0.003743538400158286
261: 0.9959920048713684,0.5227044224739075,0.09771434962749481,0.006129830610007048,0.9466607570648193,0.003601904958486557
262: 0.9958979487419128,0.5045075416564941,0.09095104783773422,0.006325507070869207,0.9453453421592712,0.0036768822465091944
263: 0.9959484934806824,0.4893742799758911,0.0860912948846817,0.006381344981491566,0.9443739056587219,0.0036861698608845472
264: 0.9962062835693359,0.4883224368095398,0.08448309451341629,0.006194633897393942,0.9444988369941711,0.00359061430208385
265: 0.9966202974319458,0.5018226504325867,0.0857732892036438,0.005787946283817291,0.9459388852119446,0.003394451690837741
266: 0.9969869256019592,0.5155593156814575,0.0874459445476532,0.005408536177128553,0.9477269649505615,0.0032128479797393084
267: 0.9972430467605591,0.5253811478614807,0.08829188346862793,0.0051396009512245655,0.9493811130523682,0.003088819794356823
268: 0.997205913066864,0.5211841464042664,0.08445530384778976,0.005194057244807482,0.9492231011390686,0.003142540343105793
269: 0.9975194334983826,0.5370228886604309,0.08696387708187103,0.004843710921704769,0.9514180421829224,0.0029712996911257505
270: 0.9974541068077087,0.5325806140899658,0.08292064815759659,0.004937385208904743,0.9509045481681824,0.00304622994735837
271: 0.997443437576294,0.5245220065116882,0.07973083108663559,0.004991237074136734,0.9504497647285461,0.003097366774454713
272: 0.9973384737968445,0.5072601437568665,0.07507887482643127,0.0051697734743356705,0.9490220546722412,0.0032237833365797997
273: 0.9977619647979736,0.5273773670196533,0.0800524652004242,0.004669602029025555,0.9518412351608276,0.0029658405110239983
274: 0.9975517392158508,0.5075768828392029,0.07372226566076279,0.004952202085405588,0.9495452046394348,0.0031597204506397247
275: 0.9979865550994873,0.5307360887527466,0.07993925362825394,0.0044146254658699036,0.9526103734970093,0.0028729583136737347
276: 0.9978171586990356,0.5117436051368713,0.07408680766820908,0.004645908251404762,0.9505441188812256,0.0030368375591933727
277: 0.9982907176017761,0.5472109317779541,0.08304095268249512,0.0040032449178397655,0.9546597003936768,0.0026765346992760897
278: 0.9981889128684998,0.5360050797462463,0.0781644806265831,0.004135762806981802,0.953299880027771,0.0027788931038230658
279: 0.9984111785888672,0.5590643286705017,0.08253603428602219,0.0038090799935162067,0.9555334448814392,0.00259689730592072
280: 0.9985087513923645,0.571311354637146,0.08376876264810562,0.003658725181594491,0.9565427303314209,0.0025180743541568518
281: 0.998474657535553,0.5601856708526611,0.08013916015625,0.003727119183167815,0.9555860161781311,0.0025728594046086073
282: 0.9983377456665039,0.5325707793235779,0.07355067133903503,0.003954488784074783,0.9531164169311523,0.0027307940181344748
283: 0.998731791973114,0.5763029456138611,0.0844997987151146,0.0033518183045089245,0.9577775001525879,0.0023620405700057745
284: 0.9986598491668701,0.5675365328788757,0.07984256744384766,0.003430886659771204,0.9570903778076172,0.002424732083454728
285: 0.9986602067947388,0.559518039226532,0.0778496041893959,0.0034238637890666723,0.9570247530937195,0.002432987093925476
286: 0.9987226128578186,0.556602954864502,0.07798685878515244,0.0033289240673184395,0.9575864672660828,0.002384947147220373
287: 0.9988625049591064,0.5755242109298706,0.0820334181189537,0.0030824916902929544,0.9598425030708313,0.0022342540323734283
288: 0.9989529848098755,0.5928645133972168,0.08497073501348495,0.002906701760366559,0.9616773724555969,0.0021269579883664846
289: 0.998933732509613,0.5837544798851013,0.0823044553399086,0.0029348598327487707,0.9613442420959473,0.002152662258595228
290: 0.9988553524017334,0.5606216788291931,0.07682769745588303,0.003065339755266905,0.9598023295402527,0.0022463174536824226
291: 0.9988806843757629,0.5533263087272644,0.07598644495010376,0.0030294344760477543,0.9595639705657959,0.002229161560535431
292: 0.9988347887992859,0.5340437293052673,0.07224135845899582,0.0031017884612083435,0.9582332968711853,0.0022839296143501997
293: 0.9990670084953308,0.5733076930046082,0.0818694531917572,0.002701419172808528,0.961806058883667,0.002015128266066313
294: 0.9989569187164307,0.5511089563369751,0.0744641050696373,0.002851221477612853,0.9600533246994019,0.0021204573567956686
295: 0.9992145299911499,0.6109834313392639,0.08834759145975113,0.0023870435543358326,0.9649416208267212,0.001807218650355935
296: 0.9989824891090393,0.5539467930793762,0.07277780771255493,0.0027629041578620672,0.9607939124107361,0.002067757537588477
297: 0.9992129802703857,0.6006566286087036,0.08485589176416397,0.002368963323533535,0.9648914337158203,0.001801460050046444
298: 0.998921275138855,0.5279621481895447,0.06696492433547974,0.0028397159185260534,0.959474503993988,0.002129193628206849
299: 0.9993306398391724,0.6247848868370056,0.09121761471033096,0.0021393531933426857,0.9670513868331909,0.0016478253528475761
300: 0.9988201260566711,0.49128955602645874,0.059964776039123535,0.0029789642430841923,0.9567556977272034,0.002234179526567459
301: 0.9994977712631226,0.6722960472106934,0.10681254416704178,0.0018103679176419973,0.9702739119529724,0.001420090557076037
302: 0.998790442943573,0.4799759089946747,0.05628794804215431,0.0029791384004056454,0.9556471705436707,0.0022390608210116625
303: 0.9995861649513245,0.7123488187789917,0.1184183731675148,0.0016038218745961785,0.9727963805198669,0.0012803581776097417
304: 0.9988195300102234,0.48010018467903137,0.054886892437934875,0.00289134425111115,0.9560472369194031,0.0021849358454346657
305: 0.9995896220207214,0.7092263698577881,0.11515486240386963,0.0015772358747199178,0.9729161858558655,0.0012659523636102676
306: 0.998798131942749,0.46434685587882996,0.051828086376190186,0.0028863404877483845,0.9554846882820129,0.0021904432214796543
307: 0.9995539784431458,0.6869005560874939,0.10459516197443008,0.0016216363292187452,0.9721035361289978,0.0013021586928516626
308: 0.9986911416053772,0.42769473791122437,0.04638350009918213,0.00300519447773695,0.9532109498977661,0.0022858907468616962
309: 0.9996482133865356,0.7250958681106567,0.11993934959173203,0.0014196254778653383,0.9747712016105652,0.0011604659957811236
310: 0.9987249970436096,0.42560791969299316,0.04533721134066582,0.0029067653231322765,0.9538851380348206,0.002224530791863799
311: 0.9996954202651978,0.7545145153999329,0.13004782795906067,0.0013001504121348262,0.9767320156097412,0.0010814859997481108
312: 0.9984976053237915,0.37548592686653137,0.038547616451978683,0.0031744837760925293,0.9500476121902466,0.0024306238628923893
313: 0.9997419714927673,0.7784505486488342,0.1438688039779663,0.0011954426299780607,0.9783486723899841,0.001008068909868598
314: 0.9986178874969482,0.38569703698158264,0.03938920050859451,0.0029621217399835587,0.952612578868866,0.002287650015205145
315: 0.9997764229774475,0.8088839054107666,0.15779739618301392,0.0011121632996946573,0.980005145072937,0.000955703726503998
316: 0.9986374974250793,0.3854522407054901,0.03818618133664131,0.0028822976164519787,0.9536683559417725,0.0022363129537552595
317: 0.999750554561615,0.7832508683204651,0.1397080421447754,0.0011430945014581084,0.9793763160705566,0.0009793119970709085
318: 0.9984487295150757,0.33266061544418335,0.03295351192355156,0.0030978203285485506,0.9496061205863953,0.002414559479802847
319: 0.9997733235359192,0.7993176579475403,0.14702020585536957,0.0010865082731470466,0.9801908731460571,0.0009427390759810805
320: 0.9986075758934021,0.3523605167865753,0.034183427691459656,0.002835594117641449,0.9522629380226135,0.0022233137860894203
321: 0.9997802376747131,0.803817093372345,0.1465703248977661,0.001058195368386805,0.9804978370666504,0.0009266187553294003
322: 0.9984647035598755,0.3108830153942108,0.030305033549666405,0.002985196653753519,0.9483643770217896,0.0023544623982161283
323: 0.9998093247413635,0.827580451965332,0.1624244898557663,0.0010037543252110481,0.9812905192375183,0.0008933562785387039
324: 0.998305082321167,0.27386048436164856,0.026837538927793503,0.003142610425129533,0.9440234303474426,0.0024956497363746166
325: 0.9998273849487305,0.8503490090370178,0.17655068635940552,0.0009750275639817119,0.9818821549415588,0.0008857031934894621
326: 0.9982399940490723,0.24868375062942505,0.024760093539953232,0.00316994683817029,0.9414851069450378,0.002540706191211939
327: 0.9998326301574707,0.8533664345741272,0.17866794764995575,0.0009586593369022012,0.9820504188537598,0.0008793288725428283
328: 0.9982239603996277,0.23067452013492584,0.023456737399101257,0.003140694461762905,0.9397460222244263,0.0025405625347048044
329: 0.9998366832733154,0.8570820093154907,0.18018561601638794,0.0009456965490244329,0.9821678400039673,0.0008763084770180285
330: 0.9983263611793518,0.23310184478759766,0.023499570786952972,0.0029672845266759396,0.9406601786613464,0.0024137133732438087
331: 0.9998403787612915,0.8641308546066284,0.1812058687210083,0.0009336824296042323,0.9824021458625793,0.0008762855431996286
332: 0.9983394145965576,0.22289486229419708,0.02257232926785946,0.0029010605067014694,0.9394527077674866,0.0023783252108842134
333: 0.9998410940170288,0.8580672740936279,0.17657804489135742,0.0009175766026601195,0.9822686910629272,0.0008643672335892916
334: 0.9981005787849426,0.18050038814544678,0.019437076523900032,0.003140518441796303,0.9303280711174011,0.002618502825498581
335: 0.999839186668396,0.8533375263214111,0.1683405339717865,0.0009005900355987251,0.9823355078697205,0.0008531290222890675
336: 0.9985143542289734,0.2267981767654419,0.02271857298910618,0.0026089847087860107,0.9404270052909851,0.0021643496584147215
337: 0.9998387098312378,0.8463553786277771,0.15994960069656372,0.0008783959783613682,0.9825198650360107,0.0008337099570780993
338: 0.9984379410743713,0.20343659818172455,0.020973481237888336,0.0026566642336547375,0.9365679621696472,0.002228681230917573
339: 0.9998452663421631,0.8558814525604248,0.16728757321834564,0.0008738096803426743,0.9826541543006897,0.0008389045251533389
340: 0.9984568357467651,0.19560572504997253,0.02043030969798565,0.0025934118311852217,0.9355895519256592,0.00219427770934999
341: 0.999848484992981,0.8600438237190247,0.16835594177246094,0.0008630939992144704,0.982964038848877,0.0008352769073098898
342: 0.9986414313316345,0.21260853111743927,0.021747151389718056,0.0023408830165863037,0.9404969215393066,0.001983382273465395
343: 0.9998490810394287,0.8503686785697937,0.1615610122680664,0.0008404628024436533,0.983031153678894,0.0008128958870656788
344: 0.9984293580055237,0.16734515130519867,0.01863243617117405,0.0025478920433670282,0.9308733344078064,0.0022006919607520103
345: 0.999852180480957,0.8535353541374207,0.16303886473178864,0.000831464771181345,0.9831287264823914,0.0008095769444480538
346: 0.9987150430679321,0.20254231989383698,0.021142657846212387,0.0021893554367125034,0.9393061399459839,0.001876138267107308
347: 0.9998569488525391,0.8591614365577698,0.16682809591293335,0.0008222402539104223,0.9833664894104004,0.0008062480483204126
348: 0.9987314343452454,0.19315558671951294,0.020575953647494316,0.0021397725213319063,0.9382522106170654,0.0018441156717017293
349: 0.9998570680618286,0.8491305112838745,0.1597164273262024,0.0008007937576621771,0.9833953380584717,0.0007846850785426795
350: 0.9986395239830017,0.16271549463272095,0.018633373081684113,0.002216543536633253,0.9317132234573364,0.0019354195101186633
351: 0.9998577833175659,0.8435482382774353,0.1548861563205719,0.00078334886347875,0.9834997653961182,0.0007694715168327093
352: 0.9987321496009827,0.1659620851278305,0.018926698714494705,0.0020885495468974113,0.9329733848571777,0.0018198954639956355
353: 0.9998602867126465,0.8404668569564819,0.1530408263206482,0.000768013356719166,0.9834997653961182,0.0007561632664874196
354: 0.9987050294876099,0.148537278175354,0.017808426171541214,0.002098381519317627,0.9266383051872253,0.0018410304328426719
355: 0.9998605251312256,0.8307194113731384,0.1468656212091446,0.0007499905186705291,0.9832025170326233,0.0007378358859568834
356: 0.9987660646438599,0.14823754131793976,0.017761480063199997,0.00200967350974679,0.9254137277603149,0.001754252822138369
357: 0.999863862991333,0.8344590067863464,0.14743241667747498,0.0007379867602139711,0.9833018183708191,0.000730882806237787
358: 0.9988214373588562,0.1455347090959549,0.017640868201851845,0.0019273922080174088,0.9244140982627869,0.0016770493239164352
359: 0.9998656511306763,0.8273196816444397,0.1438494771718979,0.000720653566531837,0.9833025336265564,0.0007136994390748441
360: 0.9988620281219482,0.14146028459072113,0.017440369352698326,0.0018642630893737078,0.9236497282981873,0.0016178133664652705
361: 0.9998677968978882,0.8234634399414062,0.14203858375549316,0.0007066153339110315,0.9833239912986755,0.0007009639521129429
362: 0.9988307356834412,0.1248636543750763,0.016378840431571007,0.001889745588414371,0.9163329005241394,0.0016470756381750107
363: 0.9998675584793091,0.8043670654296875,0.13440458476543427,0.0006853251252323389,0.9829413294792175,0.0006750967586413026
364: 0.9989292025566101,0.12813042104244232,0.01695036143064499,0.0017662806203588843,0.91527259349823,0.0015306503046303988
365: 0.9998685121536255,0.7880964279174805,0.12914161384105682,0.0006661741645075381,0.9822937846183777,0.0006524749915115535
366: 0.9989525079727173,0.12052151560783386,0.016591910272836685,0.0017368962289765477,0.9060602188110352,0.0014975977828726172
367: 0.9998711347579956,0.781832218170166,0.1274433135986328,0.0006509716040454805,0.9815996289253235,0.0006377513636834919
368: 0.9990087151527405,0.12106200307607651,0.016774199903011322,0.0016653609927743673,0.9004119038581848,0.0014214246766641736
369: 0.9998738765716553,0.7787460684776306,0.12653270363807678,0.000637641700450331,0.9810420274734497,0.0006261825328692794
370: 0.9990919828414917,0.1272122710943222,0.017407240346074104,0.0015550317475572228,0.9000258445739746,0.0013119514333084226
371: 0.9998751878738403,0.7632302045822144,0.12213511765003204,0.0006184501689858735,0.9803628325462341,0.0006044742767699063
372: 0.9991483688354492,0.1268409788608551,0.017602039501070976,0.001472301664762199,0.8982840180397034,0.00123165687546134
373: 0.9998776912689209,0.7526934146881104,0.11980317533016205,0.0006007190095260739,0.9800769686698914,0.0005865984712727368
374: 0.9991450309753418,0.112755686044693,0.016750426962971687,0.0014654009137302637,0.8876697421073914,0.00122349476441741
375: 0.9998786449432373,0.7335859537124634,0.11510924994945526,0.0005813484312966466,0.9796535968780518,0.0005648502265103161
376: 0.999247670173645,0.1247183158993721,0.017947854474186897,0.0013245808659121394,0.8977384567260742,0.0010889361146837473
377: 0.9998818635940552,0.7290275692939758,0.11460843682289124,0.0005663702031597495,0.9794647097587585,0.0005524720763787627
378: 0.9994563460350037,0.18737854063510895,0.023213736712932587,0.001044572563841939,0.9260432124137878,0.0008401296217925847
379: 0.9998846054077148,0.7242488265037537,0.11407206952571869,0.0005533540388569236,0.9792998433113098,0.0005417130887508392
380: 0.9993782043457031,0.14202432334423065,0.01976143941283226,0.001136909588240087,0.9044707417488098,0.000918869161978364
381: 0.9998824596405029,0.6864079236984253,0.10489372909069061,0.0005341483047232032,0.9778040051460266,0.000514888612087816
382: 0.9994505047798157,0.15784256160259247,0.021312028169631958,0.0010351247619837523,0.9112241268157959,0.0008266517543233931
383: 0.9998854398727417,0.6766048073768616,0.10383250564336777,0.0005183106404729187,0.9776006937026978,0.0005007886793464422
384: 0.9994761347770691,0.15551063418388367,0.02141173928976059,0.0009932152461260557,0.9116114974021912,0.0007858220487833023
385: 0.9998862743377686,0.6569663882255554,0.10004349797964096,0.0005032907356508076,0.977347731590271,0.00048567334306426346
386: 0.9994903802871704,0.14865455031394958,0.02109253965318203,0.0009651704458519816,0.9102579951286316,0.0007585706189274788
387: 0.9998863935470581,0.6362777948379517,0.09577907621860504,0.0004898643237538636,0.9765145778656006,0.0004719306598417461
388: 0.9994698166847229,0.12941166758537292,0.01967988722026348,0.0009888587519526482,0.8953849077224731,0.0007727915653958917
389: 0.9998873472213745,0.623703122138977,0.09297166019678116,0.00047758928849361837,0.9760899543762207,0.0004620156832970679
390: 0.999601423740387,0.1852920800447464,0.02450426295399666,0.0007980885566212237,0.9277092814445496,0.0006216978654265404
391: 0.9998892545700073,0.6111500859260559,0.09101270139217377,0.0004636721860151738,0.9764140248298645,0.0004516777698881924
392: 0.9996078610420227,0.17346327006816864,0.023680871352553368,0.0007761894958093762,0.9281235337257385,0.0006064808112569153
393: 0.9998877048492432,0.5831708312034607,0.08545094728469849,0.0004521557129919529,0.9757509231567383,0.00044037739280611277
394: 0.9996488094329834,0.1917611062526703,0.025519436225295067,0.0007149857701733708,0.9340575933456421,0.0005607284256257117
395: 0.9998854398727417,0.5564316511154175,0.08026204258203506,0.00044334775884635746,0.9750097990036011,0.00043185477261431515
396: 0.9996246099472046,0.158188134431839,0.02282411977648735,0.000735559849999845,0.924798846244812,0.0005770950228907168
397: 0.9998792409896851,0.5167896747589111,0.07256235182285309,0.0004386000509839505,0.9730706810951233,0.0004237063694745302
398: 0.9996476173400879,0.16070353984832764,0.023438051342964172,0.0006971954135224223,0.922067403793335,0.0005448137526400387
399: 0.9998711347579956,0.4702238440513611,0.06468110531568527,0.00043699771049432456,0.970858097076416,0.0004162830882705748
400: 0.9996986389160156,0.18551181256771088,0.02587544173002243,0.0006164155784063041,0.934270441532135,0.00048604063340462744
401: 0.9998615980148315,0.42252641916275024,0.05743180960416794,0.00043833337258547544,0.9672529101371765,0.0004092293092980981
402: 0.9997237324714661,0.1903470903635025,0.026755651459097862,0.0005722795031033456,0.9367027878761292,0.00045225161011330783
403: 0.9998382329940796,0.34465909004211426,0.04651547968387604,0.0004544954572338611,0.9610499143600464,0.0004037198959849775
404: 0.9997519850730896,0.19791251420974731,0.028488589450716972,0.0005301804631017148,0.935964822769165,0.0004199690301902592
405: 0.9998027682304382,0.24957585334777832,0.03560105711221695,0.00047982452088035643,0.9461395740509033,0.0003979307657573372
406: 0.999754011631012,0.16842950880527496,0.0267406664788723,0.0005130671197548509,0.9270007610321045,0.0004055608587805182
407: 0.9997724890708923,0.17536458373069763,0.028185490518808365,0.0004917790647596121,0.926510751247406,0.00039367805584333837
408: 0.9997634291648865,0.15057015419006348,0.025906961411237717,0.0004921701620332897,0.9136866331100464,0.0003914017288479954
409: 0.999757707118988,0.13242217898368835,0.024192441254854202,0.0004892807919532061,0.9017161726951599,0.00038917327765375376
410: 0.9997566342353821,0.12174759805202484,0.023137826472520828,0.00048237244482152164,0.8921259045600891,0.00038579964893870056
411: 0.9997581839561462,0.11597948521375656,0.022519998252391815,0.0004734951362479478,0.8855464458465576,0.0003818224649876356
412: 0.9997523427009583,0.10327953100204468,0.021132173016667366,0.0004701425204984844,0.8677493929862976,0.00038205203600227833
413: 0.9997460246086121,0.09191393107175827,0.019834185019135475,0.0004675124946516007,0.8494413495063782,0.0003839024866465479
414: 0.9997443556785583,0.08580902963876724,0.019093260169029236,0.0004619740939233452,0.8357401490211487,0.00038340434548445046
415: 0.9997403025627136,0.07829808443784714,0.018182549625635147,0.00045874560601077974,0.8154807090759277,0.00038465988473035395
416: 0.9997372031211853,0.07187135517597198,0.01739637926220894,0.00045476219383999705,0.7917531728744507,0.0003853098605759442
417: 0.9997305274009705,0.06316620111465454,0.01631365343928337,0.0004534464969765395,0.756960391998291,0.0003892894019372761
418: 0.9997246861457825,0.05553928390145302,0.01533558964729309,0.0004521244845818728,0.7170326709747314,0.0003930542152374983
419: 0.9997178912162781,0.048104237765073776,0.014337933622300625,0.00045252867857925594,0.6723459362983704,0.00039823036058805883
420: 0.9997178912162781,0.04476197808980942,0.013871695846319199,0.0004486438992898911,0.6396732330322266,0.0003975142608396709
421: 0.9997218251228333,0.044039931148290634,0.013705621473491192,0.0004411223344504833,0.6248342990875244,0.0003940251190215349
422: 0.9997307658195496,0.04717666283249855,0.013996780849993229,0.0004285913018975407,0.6362300515174866,0.00038617162499576807
423: 0.9997405409812927,0.05150577425956726,0.014457850717008114,0.00041620791307650506,0.6506428718566895,0.0003769078175537288
424: 0.9997418522834778,0.05015107989311218,0.014221970923244953,0.00041054474422708154,0.6333919763565063,0.00037415215047076344
425: 0.9997403025627136,0.04635396972298622,0.013737460598349571,0.00040786832687444985,0.5977632403373718,0.00037316433736123145
426: 0.9997400641441345,0.043331459164619446,0.013361130841076374,0.0004048137925565243,0.5653377175331116,0.00037118030013516545
427: 0.9997417330741882,0.041860517114400864,0.013151654042303562,0.00040039594750851393,0.5453993082046509,0.0003682193055283278
428: 0.9997441172599792,0.041155751794576645,0.013010823167860508,0.0003950368845835328,0.5312603712081909,0.00036480024573393166
429: 0.9997480511665344,0.04095109552145004,0.012981923297047615,0.00038782923365943134,0.5132164359092712,0.00035861917422153056
430: 0.9997490048408508,0.03831085190176964,0.012669781222939491,0.000384512881282717,0.48006659746170044,0.00035495421616360545
431: 0.999752938747406,0.03778377175331116,0.01264207437634468,0.0003780917904805392,0.46008235216140747,0.00034857436548918486
432: 0.9997559189796448,0.03684064745903015,0.012530297972261906,0.0003728974552359432,0.44082292914390564,0.00034361204598098993
433: 0.9997593760490417,0.03683318942785263,0.01250426471233368,0.00036678669857792556,0.4310472905635834,0.0003385928284842521
434: 0.9997636675834656,0.037591010332107544,0.012585482560098171,0.0003594743611756712,0.4272397458553314,0.00033288312260992825
435: 0.9997676014900208,0.03827511891722679,0.012667078524827957,0.0003527808003127575,0.42420822381973267,0.00032764175557531416
436: 0.9997708201408386,0.03807501494884491,0.012652821838855743,0.00034723852877505124,0.41520050168037415,0.000322974898153916
437: 0.9997726082801819,0.036349937319755554,0.01247639674693346,0.000343869294738397,0.395074725151062,0.00031920053879730403
438: 0.9997743964195251,0.03372684866189957,0.01222795806825161,0.00034162693191319704,0.36396536231040955,0.00031490297988057137
439: 0.9997767806053162,0.031872060149908066,0.01205161027610302,0.0003390012716408819,0.3366219997406006,0.000310279312543571
440: 0.9997784495353699,0.03032657690346241,0.011855075135827065,0.00033679287298582494,0.31450435519218445,0.00030679249903187156
441: 0.9997817873954773,0.030710943043231964,0.011889994144439697,0.0003309840976726264,0.30824780464172363,0.0003017891140189022
442: 0.9997853636741638,0.03143097087740898,0.011960303410887718,0.00032455837936140597,0.3061968684196472,0.00029675502446480095
443: 0.9997878670692444,0.031237205490469933,0.011913539841771126,0.0003197676851414144,0.2960756719112396,0.00029238409479148686
444: 0.9997907280921936,0.030879121273756027,0.011866621673107147,0.0003147762909065932,0.2819134593009949,0.0002874602214433253
445: 0.9997913241386414,0.028965851292014122,0.01157387625426054,0.00031381475855596364,0.2602551579475403,0.00028571943403221667
446: 0.9997912049293518,0.026997411623597145,0.011250998824834824,0.00031427881913259625,0.2401185780763626,0.00028520371415652335
447: 0.999790370464325,0.025100473314523697,0.010914793238043785,0.0003165331727359444,0.22161105275154114,0.00028575159376487136
448: 0.9997901320457458,0.02371557243168354,0.010661826469004154,0.00031790073262527585,0.20581935346126556,0.0002855310158338398
449: 0.999788224697113,0.021870436146855354,0.01030016504228115,0.00032240699511021376,0.18736882507801056,0.00028695064247585833
450: 0.9997873902320862,0.020664367824792862,0.010039270855486393,0.00032473879400640726,0.17334316670894623,0.0002869323070626706
451: 0.999785840511322,0.01943546161055565,0.009758454747498035,0.00032810471020638943,0.16003501415252686,0.0002873621415346861
452: 0.9997863173484802,0.019012486562132835,0.009642154909670353,0.0003274150949437171,0.15175342559814453,0.00028557784389704466
453: 0.9997833371162415,0.017699219286441803,0.009327700361609459,0.00033298818743787706,0.13859282433986664,0.0002870330063160509
454: 0.9997809529304504,0.01678537204861641,0.009095564484596252,0.00033717823680490255,0.12799549102783203,0.0002876038779504597
455: 0.9997782111167908,0.01588692143559456,0.008864125236868858,0.0003422025765758008,0.1177421435713768,0.00028839713195338845
456: 0.9997755885124207,0.015053831972181797,0.008645775727927685,0.00034711192711256444,0.10862988978624344,0.00028916692826896906
457: 0.9997751116752625,0.014642249792814255,0.00852805096656084,0.0003479412116575986,0.10311374068260193,0.00028818962164223194
458: 0.9997634291648865,0.012318195775151253,0.007923969998955727,0.0003694106708280742,0.08526140451431274,0.00029693020042032003
459: 0.9997573494911194,0.011260353960096836,0.007624578662216663,0.00038005533860996366,0.0752478763461113,0.00030050030909478664
460: 0.9997580647468567,0.01110067218542099,0.007576460018754005,0.00037859423900954425,0.07166069000959396,0.0002979811979457736
461: 0.9997491240501404,0.009918056428432465,0.007219675928354263,0.00039380620000883937,0.06113753467798233,0.0003042235039174557
462: 0.9997493624687195,0.00966647733002901,0.007140798028558493,0.00039331417065113783,0.05768990516662598,0.00030243114451877773
463: 0.9997397065162659,0.008628157898783684,0.006792157422751188,0.00040874056867323816,0.04894014075398445,0.00031102594221010804
464: 0.9997337460517883,0.00799277238547802,0.006562806200236082,0.00041759375017136335,0.04309988394379616,0.0003162903303746134
465: 0.9997225403785706,0.007189807947725058,0.006244519259780645,0.00043386631296016276,0.036011047661304474,0.0003283885307610035
466: 0.9997029900550842,0.006267035845667124,0.005829670932143927,0.00046148666297085583,0.028135107830166817,0.00035267675411887467
467: 0.9996927976608276,0.005799680016934872,0.005595103837549686,0.0004752702370751649,0.024049164727330208,0.00036668305983766913
468: 0.9996778964996338,0.005285772029310465,0.005317842122167349,0.0004968011053279042,0.020023168995976448,0.00038903619861230254
469: 0.9996422529220581,0.004456580616533756,0.004848224576562643,0.0005546881584450603,0.014462525025010109,0.00044583462295122445
470: 0.9996101260185242,0.003858227049931884,0.004495591856539249,0.0006110886461101472,0.010956657119095325,0.0005007824511267245
471: 0.9995476603507996,0.0031025302596390247,0.004076461307704449,0.0007283331360667944,0.0072495597414672375,0.0006068618386052549
472: 0.9995110034942627,0.002758082700893283,0.0038915681652724743,0.0008025721763260663,0.005741123575717211,0.0006663789972662926
473: 0.9996252059936523,0.003777436912059784,0.0043946015648543835,0.0005808809655718505,0.010176596231758595,0.00048304261872544885
474: 0.9995569586753845,0.002946549328044057,0.0039416104555130005,0.0007082292577251792,0.0064433543011546135,0.0006002477020956576
475: 0.9994725584983826,0.002420197706669569,0.003708471776917577,0.00087990757310763,0.004317435901612043,0.0007218426908366382
476: 0.9994664788246155,0.002361057559028268,0.0036722631193697453,0.0008903408306650817,0.004092957358807325,0.0007292871596291661
477: 0.999505877494812,0.0024321700911968946,0.0036726067773997784,0.0008138996199704707,0.004404725506901741,0.0006812175270169973
478: 0.9994668364524841,0.002304411493241787,0.0036289955023676157,0.000882883439771831,0.0038671898655593395,0.0007281406433321536
479: 0.9994822144508362,0.0022805952467024326,0.0035962210968136787,0.0008563974406570196,0.0037975769955664873,0.0007095676264725626
480: 0.9994897842407227,0.002254487480968237,0.003568014595657587,0.0008412696188315749,0.003701111301779747,0.0007001093472354114
481: 0.9994813799858093,0.0022254791110754013,0.003552634036168456,0.0008498871466144919,0.003560737008228898,0.0007095594774000347
482: 0.9995317459106445,0.0022891664411872625,0.003528028726577759,0.0007605209248140454,0.0038437708280980587,0.0006509660161100328
483: 0.9995130300521851,0.0021839577239006758,0.003485596738755703,0.0007972919847816229,0.0034522581845521927,0.0006723746191710234
484: 0.9994981288909912,0.002148654777556658,0.003472566371783614,0.0008169918437488377,0.003291043918579817,0.0006892298115417361
485: 0.9995249509811401,0.0021347315050661564,0.0034331390634179115,0.0007747049094177783,0.0033019923139363527,0.000658293894957751
486: 0.9995360374450684,0.0021264662500470877,0.0034105980303138494,0.0007531572482548654,0.0032930809538811445,0.0006454477552324533
487: 0.9995245933532715,0.0020778269972652197,0.0033894868101924658,0.0007702704169787467,0.0031150442082434893,0.000656857795547694
488: 0.9995254278182983,0.0020573765505105257,0.0033716096077114344,0.0007658496615476906,0.0030499687418341637,0.0006552424747496843
489: 0.9995279312133789,0.002038051839917898,0.0033527028281241655,0.0007596372743137181,0.002994389971718192,0.0006518985028378665
490: 0.9995367527008057,0.002018061000853777,0.003327297745272517,0.0007452270947396755,0.0029533852357417345,0.0006414154777303338
491: 0.9995449185371399,0.0019989870488643646,0.0033028475008904934,0.0007309469510801136,0.00291010201908648,0.0006315307691693306
492: 0.9995731711387634,0.002037396188825369,0.003286284627392888,0.0006781643023714423,0.00307666533626616,0.0006013631937094033
493: 0.9995438456535339,0.0019516132306307554,0.003264456754550338,0.0007268860354088247,0.0027636925224214792,0.0006316369981504977
494: 0.9995423555374146,0.0019293883815407753,0.003246583743020892,0.0007262725266627967,0.0026911357417702675,0.0006333586643449962
495: 0.9995477795600891,0.0019049656111747026,0.0032197898253798485,0.0007167909061536193,0.0026308493688702583,0.0006268321885727346
496: 0.9995627999305725,0.0018773690098896623,0.003181225387379527,0.0006947867223061621,0.002585206413641572,0.0006087828078307211
497: 0.99956876039505,0.0018564102938398719,0.0031568845734000206,0.00068436044966802,0.0025404065381735563,0.0006013597012497485
498: 0.9995686411857605,0.0018391405465081334,0.0031409035436809063,0.0006819083355367184,0.002491694176569581,0.0006010878132656217
499: 0.9995760321617126,0.0018180583138018847,0.0031147715635597706,0.0006697974749840796,0.0024516189005225897,0.0005920132389292121
500: 0.9995766282081604,0.0018004134763032198,0.003097670152783394,0.0006668755086138844,0.0024052271619439125,0.0005910564796067774
501: 0.9995869994163513,0.0017785151721909642,0.003067316487431526,0.0006512027466669679,0.002366434782743454,0.000578653474804014
502: 0.9995942711830139,0.0017602074658498168,0.003042403608560562,0.0006393934017978609,0.002328557660803199,0.0005700901383534074
503: 0.9995829463005066,0.0017461517127230763,0.003038217779248953,0.0006522132898680866,0.0022644319105893373,0.000583234301302582
504: 0.9996021389961243,0.001721928478218615,0.002996434923261404,0.0006257034838199615,0.00223669596016407,0.0005606508930213749
505: 0.9996036887168884,0.0017027995781973004,0.0029756096191704273,0.000622075458522886,0.0021901074796915054,0.0005586894112639129
506: 0.9996055960655212,0.00168488803319633,0.0029556534718722105,0.0006179685005918145,0.0021488205529749393,0.0005563364829868078
507: 0.999616265296936,0.0016706491587683558,0.0029311422258615494,0.000602028681896627,0.0021317382343113422,0.0005440890672616661
508: 0.9996211528778076,0.0016553457826375961,0.0029110792092978954,0.0005940418341197073,0.002104249782860279,0.0005385432741604745
509: 0.9996196031570435,0.0016310991486534476,0.0028896580915898085,0.0005954008083790541,0.0020480791572481394,0.0005398332723416388
510: 0.9996224641799927,0.0016136595513671637,0.0028687731828540564,0.000590633018873632,0.0020157815888524055,0.0005365568213164806
511: 0.999630331993103,0.0016019927570596337,0.0028496221639215946,0.0005787006230093539,0.002004439476877451,0.0005276312585920095
512: 0.9996225833892822,0.0015845033340156078,0.0028389638755470514,0.0005872051115147769,0.0019538491033017635,0.0005361971561796963
513: 0.9996312856674194,0.0015647023683413863,0.002810854697600007,0.0005743067595176399,0.00192536530084908,0.0005255658179521561
514: 0.999636173248291,0.0015479701105505228,0.002788660814985633,0.0005665689241141081,0.0018955608829855919,0.0005197069840505719
515: 0.9996387958526611,0.0015314039774239063,0.0027683197986334562,0.0005621055024676025,0.0018620968330651522,0.000516720290761441
516: 0.9996423721313477,0.001515675219707191,0.002747966907918453,0.0005561832222156227,0.001833230024203658,0.0005124969757162035
517: 0.9996473789215088,0.0015003355219960213,0.0027269464917480946,0.0005483597633428872,0.0018081855960190296,0.0005065734148956835
518: 0.9996412992477417,0.0014878623187541962,0.002718666335567832,0.0005549920024350286,0.0017723704222589731,0.0005141272558830678
519: 0.9996563196182251,0.001471648458391428,0.0026880865916609764,0.0005349212442524731,0.0017638683784753084,0.0004966271226294339
520: 0.9996461868286133,0.0014573329826816916,0.0026807510294020176,0.0005469030002132058,0.0017179896822199225,0.0005088629550300539
521: 0.9996587038040161,0.0014361611101776361,0.0026462613604962826,0.0005301971104927361,0.0016939145280048251,0.0004939772770740092
522: 0.9996658563613892,0.001423536567017436,0.0026255720295011997,0.0005199274164624512,0.0016768912319093943,0.0004858335596509278
523: 0.9996683597564697,0.001407787436619401,0.0026052684988826513,0.0005154386162757874,0.0016477610915899277,0.00048271880950778723
524: 0.9996688365936279,0.0013909261906519532,0.0025857537984848022,0.0005138663691468537,0.0016149391885846853,0.0004821090551558882
525: 0.9996681213378906,0.0013784945476800203,0.0025717327371239662,0.0005136876134201884,0.0015887734480202198,0.00048312090802937746
526: 0.9996707439422607,0.00136326695792377,0.0025520906783640385,0.0005096789682283998,0.0015634148148819804,0.00048034716746769845
527: 0.9996787309646606,0.0013453555293381214,0.0025248373858630657,0.0004991435562260449,0.001542077399790287,0.0004712273948825896
528: 0.9996823072433472,0.001328817568719387,0.0025019003078341484,0.0004942949744872749,0.0015154002467170358,0.0004675688687711954
529: 0.9997891783714294,0.002673936542123556,0.003376275533810258,0.00031574800959788263,0.00483650341629982,0.0003203905071131885
530: 0.9996824264526367,0.0012956841383129358,0.0024611661210656166,0.0004941298975609243,0.0014517080271616578,0.0004690782225225121
531: 0.9996906518936157,0.0012781212572008371,0.0024330865126103163,0.0004833180282730609,0.0014311341801658273,0.000459554634289816
532: 0.9996908903121948,0.0012647476978600025,0.0024160025641322136,0.00048247197992168367,0.0014060435350984335,0.000459775939816609
533: 0.9996960163116455,0.0012493975227698684,0.002392346505075693,0.00047546144924126565,0.0013840950559824705,0.0004539710935205221
534: 0.9996992349624634,0.0012325957650318742,0.002368594752624631,0.0004710901703219861,0.0013569043949246407,0.0004506896366365254
535: 0.9997038245201111,0.0012165954103693366,0.002344044391065836,0.0004650602932088077,0.001332756713964045,0.00044578363304026425
536: 0.9996984004974365,0.0012031479272991419,0.0023308086674660444,0.000471980165457353,0.00129964470397681,0.00045356195187196136
537: 0.9997037053108215,0.0011866309214383364,0.002304837806150317,0.00046507359365932643,0.0012769944733008742,0.0004476011963561177
538: 0.9997087121009827,0.0011723622446879745,0.0022820322774350643,0.00045864374260418117,0.001258527277968824,0.0004420964396558702
539: 0.9997106194496155,0.0011592634255066514,0.0022632537875324488,0.00045613761176355183,0.0012384834699332714,0.000440436415374279
540: 0.9997174143791199,0.001145823858678341,0.0022401006426662207,0.0004473141161724925,0.001223927247337997,0.0004325873451307416
541: 0.9997162222862244,0.0011346250539645553,0.002225881675258279,0.0004486488760448992,0.0012024003081023693,0.00043469658703543246
542: 0.9997203946113586,0.0011212106328457594,0.0022043976932764053,0.0004430446424521506,0.0011841575615108013,0.0004300037689972669
543: 0.9997249245643616,0.0011083880672231317,0.002183119300752878,0.0004370091191958636,0.0011668241349980235,0.00042493946966715157
544: 0.9997274279594421,0.0010946049587801099,0.0021621398627758026,0.0004335436678957194,0.001145638874731958,0.00042234337888658047
545: 0.9997310042381287,0.0010817642323672771,0.0021414572838693857,0.00042868073796853423,0.0011275304714217782,0.000418461044318974
546: 0.9997307658195496,0.0010692307259887457,0.0021241887006908655,0.0004288830969016999,0.0011057909578084946,0.0004194711218588054
547: 0.9998090863227844,0.00203279429115355,0.0028420137241482735,0.0002990641223732382,0.0031218642834573984,0.00031400087755173445
548: 0.9997367262840271,0.0010434570722281933,0.0020840633660554886,0.0004212448839098215,0.0010702264262363315,0.00041326566133648157
549: 0.9998047947883606,0.001818268559873104,0.002682272344827652,0.0003076310094911605,0.002641782397404313,0.00032364006619900465
550: 0.9997346997261047,0.0010245938319712877,0.002058640820905566,0.00042369606671854854,0.001035943627357483,0.0004174842615611851
551: 0.9997432827949524,0.0010108457645401359,0.002032076707109809,0.0004124391998630017,0.0010237513342872262,0.0004069141286890954
552: 0.9997480511665344,0.000998742994852364,0.0020112234633415937,0.0004063013184349984,0.0010094234021380544,0.0004014611477032304
553: 0.9997450709342957,0.0009885644540190697,0.001998823368921876,0.0004101619706489146,0.0009894294198602438,0.00040599118801765144
554: 0.9997465014457703,0.0009791785851120949,0.0019840742461383343,0.0004085259570274502,0.0009758608066476882,0.0004049765120726079
555: 0.999752938747406,0.0009692106395959854,0.0019643614068627357,0.00040008575888350606,0.0009674144675955176,0.0003971568658016622
556: 0.999756395816803,0.0009587580570951104,0.0019465199438855052,0.0003954160783905536,0.0009545870707370341,0.0003931672254111618
557: 0.9997536540031433,0.0009485395275987685,0.0019337079720571637,0.000398820178816095,0.0009353202767670155,0.0003972852719016373
558: 0.9997567534446716,0.0009378734393976629,0.0019154039910063148,0.00039465047302655876,0.0009221985819749534,0.0003937602450605482
559: 0.9997617602348328,0.0009273814503103495,0.001895896508358419,0.00038811308331787586,0.0009114653803408146,0.0003878388670273125
560: 0.9997655749320984,0.0009212892618961632,0.0018831859342753887,0.0003833564987871796,0.0009053365211002529,0.0003837678232230246
561: 0.9997668862342834,0.0009106228826567531,0.0018666809191927314,0.0003816635871771723,0.0008904353599064052,0.0003825236053671688
562: 0.9997665286064148,0.0009011350921355188,0.0018523151520639658,0.000382006837753579,0.0008759612101130188,0.00038355111610144377
563: 0.9997715353965759,0.000894493714440614,0.0018379146931692958,0.0003755427314899862,0.0008710124529898167,0.00037792781949974597
564: 0.9997730851173401,0.0008830534061416984,0.0018197206081822515,0.00037352918297983706,0.000855486374348402,0.0003763373242691159
565: 0.999772846698761,0.0008713282877579331,0.0018019935814663768,0.0003741756663657725,0.0008374856552109122,0.0003774101205635816
566: 0.9997759461402893,0.0008602754096500576,0.001782773295417428,0.00037060753675177693,0.0008240701863542199,0.00037437083665281534
567: 0.9997902512550354,0.0009446883341297507,0.001861394033767283,0.0003499092999845743,0.0009598680771887302,0.00036095461109653115
568: 0.9997797608375549,0.0008375702891498804,0.0017439089715480804,0.00036656754673458636,0.0007941622752696276,0.00037128699477761984
569: 0.9997807145118713,0.0008266178774647415,0.0017264466732740402,0.00036555706174112856,0.0007793222903274,0.00037072660052217543
570: 0.9997833371162415,0.0008199039730243385,0.001712903962470591,0.0003625043318606913,0.0007717589614912868,0.0003682821406982839
571: 0.9998094439506531,0.0010430614929646254,0.0019204809796065092,0.0003186180256307125,0.001138819381594658,0.0003391304053366184
572: 0.9997826218605042,0.0008037086809054017,0.0016879410250112414,0.0003639706992544234,0.0007475223974324763,0.000370868161553517
573: 0.9997901320457458,0.0007969854632392526,0.001671157544478774,0.00035427723196335137,0.0007449537515640259,0.0003613472799770534
574: 0.9997885823249817,0.0007872903952375054,0.001657306682318449,0.00035620760172605515,0.000730546482373029,0.00036386505234986544
575: 0.9997933506965637,0.000781745184212923,0.001644133240915835,0.00034991546999663115,0.0007271043141372502,0.00035802152706310153
576: 0.9997909665107727,0.0007728287018835545,0.0016323864692822099,0.0003532966074999422,0.0007123926770873368,0.0003619400958996266
577: 0.999796450138092,0.0007680722628720105,0.0016198123339563608,0.00034633316681720316,0.0007101679802872241,0.0003552900452632457
578: 0.999796450138092,0.0007598432712256908,0.001606117351911962,0.00034633331233635545,0.0006990412948653102,0.000355900963768363
579: 0.9997996687889099,0.0007543826941400766,0.0015944798942655325,0.00034237062209285796,0.0006936668651178479,0.00035229313652962446
580: 0.9997969269752502,0.000743450946174562,0.0015797330997884274,0.00034601648803800344,0.0006766384467482567,0.000356535630999133
581: 0.9998032450675964,0.0007416592561639845,0.0015698113711550832,0.00033791110035963356,0.0006789419567212462,0.00034889832022599876
582: 0.9998001456260681,0.0007284057792276144,0.0015526303322985768,0.00034215624327771366,0.0006586271338164806,0.00035363424103707075
583: 0.999804675579071,0.0007230134215205908,0.0015391155611723661,0.0003362602728884667,0.0006551912520080805,0.0003481618477962911
584: 0.9998050332069397,0.0007129842415452003,0.0015233344165608287,0.00033609557431191206,0.0006419866695068777,0.00034835224505513906
585: 0.9998084902763367,0.0007089140126481652,0.0015131054678931832,0.00033173500560224056,0.0006389916525222361,0.00034429621882736683
586: 0.9998099207878113,0.0007005949737504125,0.0014985122252255678,0.00032993752392940223,0.0006294067134149373,0.0003429498174227774
587: 0.9998114705085754,0.0006944927736185491,0.0014867647551000118,0.0003279114607721567,0.0006224600365385413,0.00034139640047214925
588: 0.9998132586479187,0.0006924779736436903,0.0014804572565481067,0.0003259174118284136,0.0006201107753440738,0.0003399436827749014
589: 0.9998137354850769,0.0006805760785937309,0.0014612595550715923,0.0003249562287237495,0.0006055811536498368,0.00033953203819692135
590: 0.9998161196708679,0.0006758119561709464,0.0014503359561786056,0.0003217106277588755,0.0006009655771777034,0.0003368786128703505
591: 0.9998170733451843,0.0006669485592283309,0.0014353981241583824,0.0003203419328201562,0.0005901037948206067,0.00033590462408028543
592: 0.9998181462287903,0.0006587492534890771,0.0014210768276825547,0.00031918685999698937,0.0005799999344162643,0.00033521460136398673
593: 0.9998202919960022,0.0006552727427333593,0.0014118938706815243,0.00031636725179851055,0.0005769429844804108,0.00033294977038167417
594: 0.9998226761817932,0.0006511456449516118,0.0014025289565324783,0.00031332086655311286,0.0005731616402044892,0.0003302550467196852
595: 0.9998223185539246,0.0006429465138353407,0.0013896655291318893,0.0003139862383250147,0.0005624669720418751,0.00033131527015939355
596: 0.9998225569725037,0.0006344533758237958,0.0013762186281383038,0.0003138243337161839,0.0005516885430552065,0.0003314864879939705
597: 0.9998262524604797,0.000635443429928273,0.00137270987033844,0.00030903908191248775,0.0005549491615965962,0.00032712332904338837
598: 0.9998272061347961,0.0006258260691538453,0.0013565949629992247,0.00030754716135561466,0.0005439803935587406,0.000325973320286721
599: 0.9998284578323364,0.0006216999609023333,0.0013476921012625098,0.0003058273287024349,0.0005394925246946514,0.0003246694686822593
600: 0.9998290538787842,0.0006153905997052789,0.0013360935263335705,0.0003050160885322839,0.0005322120268829167,0.00032438698690384626
601: 0.9998307228088379,0.0006093066767789423,0.0013248155592009425,0.0003031895321328193,0.0005250482936389744,0.000322756968671456
602: 0.9998321533203125,0.0006017760024406016,0.0013108772691339254,0.00030106178019195795,0.0005171627853997052,0.0003210378054063767
603: 0.999833345413208,0.0005964094889350235,0.0013006154913455248,0.0002996183466166258,0.000511213846039027,0.00031993267475627363
604: 0.9998339414596558,0.0005921015981584787,0.001292119501158595,0.00029889194411225617,0.0005063431453891098,0.00031972318538464606
605: 0.9998354911804199,0.0005855449708178639,0.0012802483979612589,0.00029693046235479414,0.0004992137546651065,0.00031796921393834054
606: 0.999835729598999,0.0005792767624370754,0.00126938009634614,0.00029685915797017515,0.0004916023463010788,0.00031835658592171967
607: 0.9998382329940796,0.0005770988645963371,0.0012624706141650677,0.00029358238680288196,0.0004905631649307907,0.0003154471341986209
608: 0.9998372793197632,0.0005701982881873846,0.001251991605386138,0.0002951982314698398,0.00048131399671547115,0.00031750486232340336
609: 0.9998390674591064,0.0005646973731927574,0.0012410064227879047,0.0002929144829977304,0.00047591692418791354,0.0003154739097226411
610: 0.9998414516448975,0.0005646041827276349,0.0012373332865536213,0.00029032162274233997,0.0004766389902215451,0.0003131766279693693
611: 0.9998401403427124,0.000554493919480592,0.0012219534255564213,0.0002922865387517959,0.00046408697380684316,0.0003156396560370922
612: 0.9998425245285034,0.000550355005543679,0.0012118339072912931,0.00028939914773218334,0.00046073872363194823,0.0003130366385448724
613: 0.9998445510864258,0.0005443686386570334,0.0011999106500297785,0.00028715835651382804,0.0004546295676846057,0.00031092544668354094
614: 0.9998457431793213,0.0005396843189373612,0.0011894396739080548,0.0002860227832570672,0.00044996480573900044,0.00031030920217745006
615: 0.9998661279678345,0.0008629180956631899,0.001530342036858201,0.0002526658936403692,0.0008852563914842904,0.00028224685229361057
616: 0.9998459815979004,0.000523523660376668,0.001161583000794053,0.00028769875643774867,0.00043032094254158437,0.000312810210743919
617: 0.9998475313186646,0.0005173572571948171,0.0011490827891975641,0.0002864209236577153,0.0004239174595568329,0.0003117948945146054
618: 0.9998515844345093,0.0005193863180465996,0.001146322232671082,0.00028138517518527806,0.0004287784395273775,0.0003072075196541846
619: 0.9998520612716675,0.0005098344990983605,0.0011303960345685482,0.00028120120987296104,0.00041778964805416763,0.0003069858648814261
620: 0.9998531341552734,0.0005057387170381844,0.0011219601146876812,0.00028025932260788977,0.0004134687769692391,0.0003063631011173129
621: 0.9998526573181152,0.0005018769879825413,0.001114751910790801,0.0002814020845107734,0.0004085964465048164,0.00030814381898380816
622: 0.9998549222946167,0.0004963263054378331,0.0011035684728994966,0.0002783527015708387,0.00040357388206757605,0.0003051481326110661
623: 0.9998558759689331,0.0004945082473568618,0.001098792301490903,0.0002774893946480006,0.00040153058944270015,0.0003046263591386378
624: 0.9998569488525391,0.0004889618721790612,0.0010882532224059105,0.0002758997434284538,0.00039609253872185946,0.00030336822965182364
625: 0.9998575448989868,0.0004855636798311025,0.001080985413864255,0.0002751612919382751,0.0003927190264221281,0.0003031320229638368
626: 0.9998562335968018,0.00047944390098564327,0.001072110142558813,0.0002775957982521504,0.00038463607779704034,0.0003061481984332204
627: 0.9998596906661987,0.0004761315358337015,0.0010626196162775159,0.0002727242244873196,0.0003830527130048722,0.0003013004024978727
628: 0.9998601675033569,0.0004705343453679234,0.001052353996783495,0.00027230047271586955,0.0003769649483729154,0.0003012866072822362
629: 0.9998618364334106,0.00046750871115364134,0.0010446719825267792,0.00027045002207159996,0.00037426059134304523,0.0002997763513121754
630: 0.999862551689148,0.0004636209341697395,0.0010362239554524422,0.0002698833413887769,0.0003702302055899054,0.0002997257688548416
631: 0.9998623132705688,0.0004570337478071451,0.0010253159562125802,0.00027096725534647703,0.0003624663222581148,0.0003012509841937572
632: 0.9998644590377808,0.00045581834274344146,0.0010200721444562078,0.0002684930805116892,0.0003619142225943506,0.0002989073400385678
633: 0.9998654127120972,0.00045114458771422505,0.001010900130495429,0.0002677078591659665,0.00035718391882255673,0.000298464234219864
634: 0.9998666048049927,0.0004461020289454609,0.001000485848635435,0.0002662587212398648,0.0003525041393004358,0.00029744047787971795
635: 0.999868631362915,0.00044684152817353606,0.0009971908293664455,0.00026389292906969786,0.00035433584707789123,0.0002956968091893941
636: 0.9998679161071777,0.0004348035145085305,0.0009786217706277966,0.00026617851108312607,0.0003402619331609458,0.000298312894301489
637: 0.9998687505722046,0.0004309360811021179,0.0009702167590148747,0.0002656899159774184,0.0003362766292411834,0.00029832369182258844
638: 0.9998704195022583,0.000428739411290735,0.0009630934800952673,0.00026408169651404023,0.0003345556615386158,0.0002971587236970663
639: 0.9998695850372314,0.0004220817645546049,0.0009528129594400525,0.00026609349879436195,0.0003264497790951282,0.00029977119993418455
640: 0.9998724460601807,0.00041957630310207605,0.0009449863573536277,0.00026220307336188853,0.00032507674768567085,0.0002958857221528888
641: 0.9998736381530762,0.00041596556548029184,0.0009371123742312193,0.00026084540877491236,0.00032183885923586786,0.0002949124318547547
642: 0.9998739957809448,0.0004134091141168028,0.0009312019683420658,0.000260936445556581,0.0003192124131601304,0.00029556037043221295
643: 0.9998738765716553,0.0004075503966305405,0.0009218090563081205,0.00026181337307207286,0.00031268171733245254,0.0002968240587506443
644: 0.9998747110366821,0.0004081368970219046,0.000920159334782511,0.00026097698719240725,0.0003137333842460066,0.0002964917221106589
645: 0.999875545501709,0.00040521612390875816,0.0009139642934314907,0.0002600549778435379,0.0003110419784206897,0.00029586569871753454
646: 0.999876856803894,0.0004020133928861469,0.0009074264671653509,0.000258875748841092,0.00030781232635490596,0.00029478338547050953
647: 0.9998760223388672,0.0003955721913371235,0.0008971475181169808,0.0002605334739200771,0.000300662504741922,0.00029718849691562355
648: 0.9998786449432373,0.0003936031716875732,0.0008902780245989561,0.0002570826618466526,0.00029976520454511046,0.0002938061370514333
649: 0.9998791217803955,0.00039119916618801653,0.0008843219256959856,0.00025676863151602447,0.0002975667011924088,0.00029413209995254874
650: 0.9998800754547119,0.00038689534994773567,0.0008757772156968713,0.00025593224563635886,0.00029337621526792645,0.0002936484816018492
651: 0.9998807907104492,0.00038263556780293584,0.0008674893761053681,0.00025563911185599864,0.00028887292137369514,0.0002936932723969221
652: 0.9998818635940552,0.0003783750580623746,0.0008585278992541134,0.00025444661150686443,0.00028503136127255857,0.0002929717593360692
653: 0.9998817443847656,0.0003751938638743013,0.000852421682793647,0.00025538940099067986,0.00028144902898930013,0.0002946378372143954
654: 0.9998834133148193,0.00037270839675329626,0.0008460012613795698,0.00025314936647191644,0.00027948952629230917,0.0002925469307228923
655: 0.9998835325241089,0.00036965409526601434,0.0008398699574172497,0.00025330655626021326,0.000276484846835956,0.00029340555192902684
656: 0.999883770942688,0.0003684847615659237,0.0008363798842765391,0.00025358685525134206,0.0002752321306616068,0.00029436632758006454
657: 0.9998860359191895,0.0003637830086518079,0.0008265584474429488,0.0002502184943296015,0.0002715126611292362,0.00029091566102579236
658: 0.999886155128479,0.0003610081330407411,0.0008210709202103317,0.00025095746968872845,0.0002683756174519658,0.00029217315022833645
659: 0.9998867511749268,0.0003580199845600873,0.0008144073653966188,0.00025043042842298746,0.0002658013836480677,0.00029226174228824675
660: 0.9998878240585327,0.0003541980404406786,0.0008066337904892862,0.00024963231408037245,0.00026209684438072145,0.0002917903766501695