1: 0.20395625239574067,0.5183599509976828,0.062401038261412745,-0.49153280754667084,2.2906839032034827,-0.12249838987627115
2: 0.43563635414795476,-0.10897185145911126,0.839518880896968,0.11548513634594992,1.2918643577983588,0.9075508712975833
3: 0.4135667106769256,-0.13307839763956109,0.910242615456683,0.5296187997324603,1.1030264701453119,1.1108186863236598
4: -0.11187127987568479,1.094534573081626,1.2937380209792644,-0.1131810843638289,-0.45711763017025286,0.2461585279605074
5: 0.5294744772143118,0.06430405309782256,-0.17958530714038534,0.9057612217578725,0.5576281568599794,0.05060388463436927
6: -0.3636159114314218,0.3772274071638255,0.7442942898433208,0.2889746577132961,0.6430720229070694,0.7742739131633204
7: -0.10758369713869831,0.8767747802798435,0.48151935832808046,-0.1235161211795116,0.5593309497068759,0.4938719626243344
8: -0.011422390030371765,1.4791886902288245,-0.047326307779517185,-0.0667230891196735,-0.20564905124144828,1.0947091729190717
9: 0.10134066415353193,-0.32485634332630775,0.5657262193529851,0.5091139938060733,0.16808759639146809,1.100212866570852
10: 0.72176984619721,0.7858008681947054,0.8217090872562829,0.6087620304647667,0.5212576302745818,1.2617033478634714
11: 0.43282408183001936,0.14649033428623254,0.5415773722047288,-0.01944627542712757,0.27773570311108053,0.9729446418168729
12: 0.4954279529517255,0.5020250626444324,0.2485126439150053,-0.03201615695495835,0.9037294745722069,0.6480943090841882
13: 0.561428279036355,0.5843774938035768,0.7464544538713618,0.6380704774892922,1.1303890760456996,0.06378187120188494
14: 0.6579425738028774,1.1616953524617561,0.8632040457254782,0.357458588124116,0.9429457611854121,0.4544666039480063
15: -0.04462026961731186,1.0064435539090302,0.655667895090326,-0.035862450217928554,0.5014254832823648,0.5457557735032568
16: 0.2946376017819854,0.5701815586458626,0.02851669121796535,0.48783732659038465,0.14018451848442426,0.31958213953477854
17: 0.2576665404013654,0.7495230751828414,0.7709841850161688,-0.17334907310151448,1.090513403863452,0.6132138024288225
18: 0.7862371252559457,0.7902744745021529,0.38626498055581526,0.7657304359383539,0.677962231268435,0.15772684968334433
19: 0.8536884367220982,0.4239630259425994,0.6140947010337072,-0.051967674750079684,0.7787934617830884,0.24245710000910298
20: 0.7676344577920011,0.7998300676115825,0.07364284064090226,0.3813663556991368,0.7770225670208479,-0.16862839901388427
21: 0.4526135390543162,0.04609711651448323,-0.12288396833026938,1.3381895748513324,-0.04814428925724834,0.7435310032591278
22: 0.6874663651348684,0.5586804136823124,0.5219801522785229,0.5304542950177893,0.19647636966028303,0.3960443177182475
23: 0.8620858969422291,1.1351637497321316,0.5265489725878139,-0.1948460209015176,0.7856686996567754,0.2848520854867716
24: 0.26843633992746696,0.3391371530931421,0.566976652730484,0.3544877322552847,0.636825426600959,1.1012119088932708
25: 0.29848447896831953,0.7599905193372514,0.6215198833896485,1.0292100157360302,0.48653535443407275,0.3025741060614083
26: -0.12658538406976028,0.544147102368684,0.007915104327917921,0.49578236508721607,0.27967652832924744,0.7231087296796515
27: -0.24093299358159237,0.23860560699304842,0.2934246857643211,0.8656759641047682,0.5732124922574583,1.6630830085092239
28: 0.30102837008883515,0.5386970065365836,0.02130122683665353,0.8467224354071516,0.6751346222724521,0.382731894195158
29: 0.45777831180176315,0.10537045799013744,0.39695031991500296,0.21085703506719294,0.7175637780828605,0.5393331114696748
30: 0.9306989856907465,0.2814779595351631,-0.1910050719990758,0.4547266620732151,0.2642774392955947,0.7979498027557868
31: -0.13546831301324602,0.5683256738969895,0.7150369573396544,0.3582194599603134,0.8278677533936922,0.5831728205543587
32: 0.5077585936903397,0.3456054975496374,0.27664407027938137,0.6409949277234864,0.30789160365894563,0.424980673984255
33: -0.14176994421572608,0.23347606647793911,0.6776991917749806,0.6567597027590658,0.5212513050420655,0.6636229940064695
34: 0.5438649918803057,0.4361572584773828,0.2014194287990661,0.4846187548443031,0.8736507554352066,0.48280793638573194
35: 0.3596837328840009,0.6596521993126248,0.4823713198864199,0.3221338322067231,1.3220458581307477,0.4409992498270675
36: 0.21189621892155028,0.43507171602092565,0.784463238968941,0.2970303838994526,0.49385605415174494,1.0090171230182474
37: 0.2562160774812414,0.8697210924792778,0.21679330313354295,0.9147460970185766,0.7410957210439357,0.72208236445113
38: -0.05811256801782361,0.5866595693407816,0.8430417494454452,0.6681357565593692,0.44516130594044917,0.7782197632780294
39: 0.7280218443639745,0.7254805084375305,0.44098707060825704,0.5071032737208172,0.6729955632114759,0.5301804509294356
40: -0.0061019208431215,0.40883474241528345,0.28632104525035973,1.0445278035566852,0.2727947354070437,0.8024952721059775
41: 0.7508923711757403,0.3816121576388136,0.5560482896172356,1.107041152015646,0.3907275999968917,0.8992923739355307
42: 0.5664793313075864,0.648116498199832,0.8493328001734226,0.09216418615156668,0.737685625016307,0.44479901295120305
43: 0.6780220763525654,0.5460758982246421,0.634944558238652,0.6365182025626591,0.4911233495302034,-0.07082652080921703
44: 0.6148832644099218,0.3232233663498612,0.5224802398924798,0.6682769554838764,0.38887397397573076,0.4724560655476132
45: 0.3726092948306633,0.3761518861211622,0.6705082958864474,-0.13839122710511476,0.4752544801125376,0.2503903303739811
46: 0.3664602630575724,0.30277190546476584,0.33684306053509244,0.5905550756517653,-0.043567749429729075,0.15590362135802088
47: 0.21232058593303502,0.9036570218952032,0.44679181939941287,0.7567055998590457,0.5333918921481461,1.0381805632902865
48: 0.15401029137370337,0.6062719371811915,0.9574213643496005,0.4697029165050482,0.4712801972744241,1.2320426820110075
49: 0.2580364941960379,0.451738907701768,0.5171131842931347,0.48355995589745526,0.343220840561857,0.9557072697296194
50: 0.28449238139272,0.5573296833234079,0.1957261387135048,0.35489763763006577,0.5669929754050601,0.17237584833893022
51: 0.07126494743061851,0.5518020638945274,0.8028802379090751,0.7230320886683297,0.3997246364224043,0.5520899432445834
52: 0.23429353549702064,0.7767245140136622,0.39059505939582606,0.24152076757218058,0.5379647005005496,0.5198147821610622
53: 0.8884358609374576,0.35553049792183544,0.38209321352055325,0.7823619379758655,0.5902757387981846,0.3795817111501363
54: 0.17374779332164014,0.18071015455660466,0.49927224504429246,0.3542404907366399,0.35430307876208017,0.6257423338073115
55: 0.4480296640295976,0.6335581116255673,0.3589199788959164,0.6482168166327043,0.5550419803151835,1.0456870422653934
56: 0.19562703541946036,0.2140801383804693,0.07251652653798346,0.2753367876497109,0.43713050532160935,0.379249811929497
57: 0.04528640729160005,0.29075226962353373,0.5056071694890136,0.577335439903875,0.08331847586592622,0.7556648461508694
58: 0.37707141064133753,0.33862035330937557,0.6653253700830732,0.26080849351207347,0.5182885559053589,0.3263424704879199
59: -0.0049660666759160366,0.4050778122223222,0.31813966315782927,0.5735901011961454,0.4364460242720426,0.5271869292347
60: 0.6191963504782872,0.5360987185179463,0.4352391945932446,0.7314854689051918,0.4831950587051583,0.7580857087271482
61: 0.6022270193731241,0.3883643805112193,0.7111155197556533,0.42269750348669544,0.5645177109668067,0.6371528448849251
62: 0.6970735698429793,0.23719437472122837,0.4860272287073777,0.4493544216390067,1.0176351503689174,0.6257861450848592
63: 0.3045683646923757,0.25674821449338986,0.5503225424562752,0.3569716791837215,0.48887593490075937,0.7715147657066703
64: 0.7011550631627423,0.2896572930061647,0.2550720897024661,0.6893573390096581,0.9860647575726089,0.8803738529659533
65: 0.5471356037567155,0.36306810813759066,0.6925619479414727,0.9043824703806846,0.38496647693329167,0.9739402455747759
66: 0.5228839461474366,0.5250819845085011,0.6434826455325774,0.7361248939493258,0.11472681012706898,0.4826737721760748
67: 0.8500311043454305,0.15736158681256443,0.8875459987167862,1.187647769980585,0.8712922524113256,0.732534608585661
68: 0.8626940774563617,0.4164755001702044,0.7667081344003326,0.5937419822340176,0.692600294754073,0.9071323964761333
69: 0.7820056522144796,0.389560502278778,0.857414503839834,0.8083343477606606,0.9293084662261817,1.0635190686551756
70: 0.9862566112417905,0.31479205883673955,0.7358713343745922,1.045553101979003,0.5333002352362053,1.003323667970883
71: 0.8428018695277386,0.31585376712726054,0.6094099169490446,0.7458389490359617,0.8632456752547786,0.9557976560933638
72: 0.7085561602387836,0.7772263138786424,0.8920282024746449,0.9639316094940711,0.30150293671147416,0.9359115238577077
73: 1.1188718842161531,0.5793280190268452,0.8315471866023415,1.2243205464645361,0.6611856265674922,1.0769941565626322
74: 0.9011632294012192,0.07307049257718667,0.7623518058092125,0.7986356746374532,0.5719609405703945,0.9220151888474608
75: 0.810542096142004,0.5399032752684009,0.881111273494327,0.6401269232673974,0.21546137394740483,0.8801719754014526
76: 0.9509013091601141,0.9086014486583103,0.9057169960063427,1.0942988114598664,0.9970105703533603,0.9298482403168263
77: 0.8940714830193692,0.5753121767801473,0.946718400701322,1.125628573838375,0.6718960779502615,0.9014299771610682
78: 0.878052558002125,0.602682475952157,1.0642733856339064,0.6633663508994188,0.43127002713600393,0.8355643064445938
79: 0.9424976687931397,0.5394137344164929,0.5808786702529916,0.9728620720154378,0.8293353380967564,0.9248321343974432
80: 0.9408173893822634,0.7094033241554708,1.0160060425655755,0.8838117086871375,0.8626086755663911,0.7690302388125915
81: 0.8179187784366871,1.1013452281633411,0.8855171246655336,1.1923256161831557,0.37684224776165137,1.004288960503045
82: 1.050439758866314,0.7853352156974763,0.726553947929841,0.6875508067041325,0.828144974299876,0.6310202772144278
83: 0.982784571431287,0.8169738352566642,1.1805026919452448,0.9182203657828103,0.6316867625276092,0.7887172596021536
84: 1.0220240745242708,0.909341917649851,0.8436528152499283,0.8735563110821232,0.5439048560823747,0.5409429019225915
85: 0.9111861494364895,0.8893901842527947,1.0046624390039862,0.8769053658225511,0.5461992903100421,0.6944559729568403
86: 1.0969758818668094,0.6435782745777945,1.0240680467529266,1.047040466893821,0.4741123394676806,0.7369510601273487
87: 0.936250674561169,0.8704912576763641,0.9779626491183597,0.8018044481270865,0.7060541739939349,0.8417465310681673
88: 0.9217243875000681,0.6925212800781965,1.0028356692263423,0.9816218137280736,0.45804876849705994,0.6407169531820226
89: 1.0613288032967556,1.003710579336606,0.9174742186592488,0.9967801808072625,0.3780807851832451,0.7106594226268499
90: 1.0459878842990558,0.7411362644764112,0.7369068865923205,0.8943605002835047,0.3290249653222279,0.7010497234069587
91: 0.7880809245468812,0.8061099407898993,0.7869230079251976,0.9066634116925749,0.34787984502301794,0.6645901306879829
92: 0.7938692212197359,1.0963546008988445,0.7237130234417236,0.9780064257922618,0.09937117445629923,0.7693317091816446
93: 1.0839171778044507,0.8386080153852838,0.9673789260055204,1.1411125749408464,0.37882134447528815,0.6848666568356256
94: 0.9657753556252064,0.836407875022978,0.7506395272638801,0.9372683512414585,0.401465036222557,0.6177874392128871
95: 1.0550534427160394,0.6304759683567325,0.911449576569099,0.9536835023366186,0.26289717782983324,0.5113055750524726
96: 1.0576484278728318,0.9048842359515554,1.095270857818147,0.9474591474204749,0.09114160328042895,0.5047971826090037
97: 0.8018590977830953,0.8857188253241826,1.0101819861347328,0.9908478204612032,0.11295992838204258,0.43517259557099985
98: 1.0213564848914853,1.0193116586706523,0.9380507363654665,0.8621326136514458,0.384032115486424,0.5577426978084219
99: 0.863842625177866,0.9852536203069548,0.9575579519047077,0.9937987454001375,-0.0622152306316916,0.45281832584095316
100: 1.0526393288626545,0.827358190425923,1.018121137985046,1.1757062532751055,0.23706569419733986,0.45007247977332865
101: 1.1700991519202388,0.9210918841036071,0.9053487672608372,1.113905213545959,0.1926463112563832,0.2795676414951228
102: 1.0865452138229288,0.8092799517261772,0.9688353490654559,1.0783761694238607,0.2507368959696825,0.27764300849914525
103: 0.958602154722544,0.9676349066052936,1.0532522283947234,0.8976591133937777,0.11398795993365005,0.3691412033997933
104: 0.9297785077621148,1.0432654720838541,1.0714225223532539,1.0575544747495917,0.051110860481907536,0.13622498917184184
105: 1.1312515152598008,1.0023896482785177,0.8608343713418302,0.9330739723784011,0.24463818370052304,0.2520012252580796
106: 0.821920700536807,0.9634109475083571,0.8787970787263677,1.0053754501693355,0.11197310286469703,0.13317518744305903
107: 0.8701627976125175,1.1227804978507523,0.8769157925307898,1.0514698199191619,0.1869089263919249,0.1718138565166795
108: 1.002657481451616,0.9581684948617802,0.8969638724206617,0.9463586698119698,0.026881494964240193,0.1443596135547894
109: 0.8435773619291963,0.9802003302043003,0.9178196169478187,0.9498848584523292,0.07530165389960489,0.2257669550273281
110: 0.8412488005084738,0.9394969073412038,0.908801620455203,0.9489944758733724,0.11339715740204852,0.10922413606425112
111: 1.050758309097912,0.8818281154777062,1.0349721852704283,0.8799837774186714,0.1581552633454122,0.17516032105604815
112: 1.0931802547592675,0.9701192130239285,0.9217480151959745,0.9610768401883922,0.0743681572051012,0.2717532194809913
113: 0.7873724551307034,0.9526205066284559,0.8274120968245424,1.0073977293035925,0.02328825209911866,0.10305490010132906
114: 1.0673971878091972,0.9512477032395944,0.8388465191333059,1.1232939277015204,-0.037186225756536254,0.21342501601858982
115: 0.9836464779199751,0.8978212353345367,1.0119269062577239,1.0129145843777054,0.12674207730403952,0.026855520636514744
116: 0.9929073223142494,0.9447775044884462,0.9850733332069559,0.9140252537854258,-0.06197426714624675,0.021147974291283747
117: 0.9487277134853178,0.8679142685186899,0.9357530906551985,0.9707160839160894,0.09304931618702914,0.10595745130836745
118: 1.040191147785505,1.060646197256419,0.8356615296424948,0.8734657158454494,0.11131761531031525,0.061311683209862466
119: 0.93847564779255,1.1663696589900738,1.0446694263223293,0.9472296118793413,-0.030689954817110766,0.16335079727979046
120: 0.9580410082696389,0.9225153254357081,1.0659783917170365,0.9393005705769146,0.021406683816135,-0.003692738605027189
121: 0.9038340976366996,1.0069203050612925,0.9847362838203176,1.0731166870935622,-0.09703157347998044,-0.05908297903636321
122: 1.1638675473813591,1.0392138866838572,0.8777508899523573,1.0895199693262725,-0.06365747702442472,-0.07695526253515789
123: 1.0101514922736716,0.9905442487475161,0.8260587554528902,0.8836937065111004,0.0512461498194948,0.08628572823628396
124: 0.9805914581533626,0.8501193405619993,1.025695550979571,1.0414060035369495,0.06731381000157814,0.1476387155977492
125: 0.9793260638284584,1.0408374936031286,0.9473526410051424,1.1009157801185188,0.02210285916120552,-0.03369355396993304
126: 0.889849845086118,0.9802551778747026,0.9136348897857937,1.0354477227405545,0.030156990773751897,0.05164193125293998
127: 1.0232448525712614,0.9897782540000388,0.8196652946908806,0.953737296393328,0.04103538599166169,0.1251900107523885
128: 1.1381858470455457,0.9938561223039618,0.7942303990439363,1.0201315068950958,-0.030285175736136136,0.08522628552079452
129: 0.9751825725626284,1.0145711110752291,0.8846900188984931,0.9993541104360739,-0.09940336820792356,0.027818058597962634
130: 0.9337162571592078,0.983605143461277,0.9383500139847413,0.9878803735916359,-0.09391032080219212,-0.007583661706867931
131: 1.1046605092011677,1.0248405984501414,0.8668245115759959,0.9454906841050809,-0.015102309766033387,0.12837778512115539
132: 0.9642172896470518,0.8659361783896199,0.9834324957964296,0.9365833664747755,0.15531525017139097,0.0664492427283227
133: 0.9909054950579462,0.9846629417042104,0.9920399803204071,1.0141507150318445,-1.520638667410791e-05,0.008761020734017015
134: 0.8548401066888311,0.9310069275675186,0.9762147932770787,0.9600185277043556,0.09472539066652128,0.01040895989468595
135: 0.9538103268331208,0.9808610124095647,0.7729779589340818,1.0086853479671192,0.028171748560957447,0.04509036213104825
136: 1.0824076129615279,0.9520447119536029,0.8203464286732361,1.0373041383541102,0.013004193331919295,-0.029491276886622217
137: 0.9862743851158259,1.0014056056538978,0.8246538145079133,0.9485512551732378,-0.13073415453565643,0.049942815133398086
138: 0.9700579685367889,0.8720764794508998,0.8465573802694224,0.9663945495560665,-0.06089504838768742,0.07519646234921143
139: 0.9968268995875574,0.9304898967256096,0.7800634978796611,1.1039154938735307,-0.004085348385461136,0.01883971219059871
140: 0.9578979593840271,0.9724515090381931,0.6161837046314883,0.9906130965884593,0.008636614205001253,-0.070869111664834
141: 0.8451737203320427,1.0135507724178765,0.6945479253399044,1.0974996320428108,0.09949513394484877,0.04999864284234033
142: 1.0773093121613802,0.9224634441712813,0.6184828519751755,0.932910428869524,0.006273114946306417,0.06166741474578711
143: 1.0631249656748594,0.9640839876433018,0.5139503922036731,0.9329026649506675,0.04459577606389087,0.027984026488662623
144: 0.9951796288504055,1.0017940890778347,0.4817936605534199,0.9612921164529161,0.0419189056017636,0.010322680192298601
145: 0.981864838176309,1.0306163442922187,0.5629626834302939,1.0081174626657312,-0.04193612218390448,0.016908707719295042
146: 0.9624393011264138,1.0014793770939632,0.385807732585268,0.9609138128703901,-0.018731831704344934,0.029349820100634222
147: 1.0145583858341118,0.9541527571431289,0.3693610711938152,1.034062749861067,-0.09894902954166503,0.024799616817750354
148: 0.9455666287688663,1.0330656033279748,0.23231246883173565,0.9790817850253826,-0.0824908187543737,-0.013614590469513653
149: 0.9708193428803886,0.8352183475655343,0.20965497091852034,0.9316341026773954,0.013611866544774243,0.062329864536155646
150: 1.004213363823103,1.0068089799444557,0.23102375285546062,0.9133868342368892,0.03098208833408325,-0.0052252048525359834
151: 0.9068746143370996,0.9871238060988412,0.14039250068835085,0.9148337279378469,0.020904263200158472,-0.050578292858266746
152: 0.9762251270238791,0.8759028814490929,0.16669754222753397,0.9812919665617285,-0.00861079046563228,0.051122058810932625
153: 0.9567589117919657,1.0591696857199493,0.09885652683456479,1.036888662608615,0.02071336990230245,0.07442216015884238
154: 1.0282543758140188,1.007433791496072,0.0984044293499765,0.9111628546586108,0.04501141568390673,-0.05344638190970363
155: 0.9664169533274608,0.9486929495221238,0.100769156105344,1.025178732497492,0.02905075510617845,-0.019363388205548095
156: 0.891598667200135,1.0265568597220562,-0.0019835090860724353,1.0430197876837592,0.009223159296055586,-0.03092697299743407
157: 1.0305845397214188,0.9371045199175564,0.0632846051477605,0.945779536298421,0.06186793834421762,-0.057293024837077614
158: 0.9940404963636816,0.9535388504239609,0.06633416996499708,0.9811184584753437,0.013640738526141224,-0.001398701233063888
159: 0.9905665789934204,0.9639588511808156,0.05071640478332589,0.9953409143112741,-0.0543496072693192,-0.001401784061913488
160: 0.8895888549093416,0.9162586567925339,-0.01963477568128494,0.9567488282239909,-0.004033855168002306,-0.08470194693028027
161: 0.9848645812213748,0.9627122004195339,0.13696907089658264,0.9535540689204155,0.0901766749257676,0.052318805892286865
162: 0.9638463451056033,0.9534592812570809,-0.018800076093433912,0.9598664875943037,0.028048505975648067,0.011871983290278026
163: 0.9872474745727711,0.9334694974094441,0.12691283237169626,0.9966765796086989,-0.011280764921529622,-0.0013465327195643084
164: 1.0149966881081143,0.9998646850416484,0.01671500727559509,0.947464662037742,-0.011724447285023355,0.033990833422426175
165: 1.010437294913542,0.9246833026513677,0.07380601155441083,0.9655325120903632,-0.02719134736583148,-0.020404495150160584
166: 0.902143976185914,0.9639066345997419,0.049353106188752514,1.0440527883612634,0.01549252646780152,-0.009477802626155631
167: 0.9895862885909799,0.9767806454975081,-0.013282012269802829,0.9751798077327364,-0.019747596419872095,-0.05497255767454196
168: 1.0305510401342814,0.9893856421503965,0.02069082982968053,0.9536986944903526,0.052225995925123066,0.08715552096159769
169: 1.0627045802281536,0.9079213748546008,0.014195573970250442,0.9570460572391597,0.03318562190283127,-0.011978105434859172
170: 0.9176228905337571,1.0003567884530782,0.01581785859688741,0.9681159586734793,0.0213647230875971,0.040594586739002764
171: 0.975696358196223,0.9524967563173655,0.07456910406734979,0.9213923822781867,0.04837147530076788,-0.009636772125445945
172: 1.0045565521760638,0.9578335864765931,-0.026225817142030504,0.9820075756817513,-0.052078302862998846,0.03092566670693295
173: 0.94461699623952,0.9822923125818946,0.08554637770029011,0.9142231401257132,0.008811801123839998,0.03068003714739805
174: 1.0291913958604084,0.9524609798964264,0.016581315750292782,0.9780909938284146,-0.05305763561630133,-0.0010520202815891512
175: 0.9633443169919895,0.8899953520695536,-0.0032825242180043526,0.9197638288552468,0.04281845902702264,-0.030300244418752252
176: 1.0408603468526152,0.8679161788307995,0.03425756422702194,0.9824909018184543,-0.07262934541186794,-0.0010031093239004692
177: 0.9099428714505896,0.9757648809231497,0.07326587999217973,0.9272781044930505,-0.026318272208381066,0.06241687673286956
178: 0.993612017320151,0.8982378164156593,0.07150771619903312,0.910499557971677,-0.01070662670252235,-0.030776594665115814
179: 0.9333262428488331,0.8982322541738291,0.010300641416145293,0.9628200887463935,-0.038839296433494916,0.02943409684941727
180: 0.9760315354174671,0.9797027555725248,0.05176640147225086,0.9508169892467739,-0.024471253154118286,0.025888345289608476
181: 1.0252896105910028,0.9558355292738203,0.005388254131339528,0.943485814329995,0.026004789589862375,0.03283503133771667
182: 0.9933877132264611,0.9381361111445305,0.06681922560516149,0.9362544508049203,-0.02122906699798462,0.010003475342937797
183: 0.9380178225181885,0.9234748819429818,0.043250201242238995,0.983422383994276,0.04528418238454889,0.025160987260169337
184: 0.9790431971429866,0.9367906983906249,-0.012589566904025358,0.9914078475246249,0.02823277619234078,0.038916192499536234
185: 0.9305598285090622,0.8985030852492076,0.0281946759955369,0.9727488730298248,-0.03276247746963591,-0.009678077922026889
186: 1.010989263994697,0.8938387222611163,0.04930229686405325,1.0057386534252044,0.0353281163359557,0.027702613948678005
187: 0.9728288613033467,0.9741455576139293,-0.014945329704775384,1.0023706268219772,0.012435345127923155,0.04914978228118171
188: 0.9590343518044804,0.8884897788324319,0.02975265361370254,0.936037880414585,-0.020975685652333795,0.0701500647215381
189: 0.978909005680715,0.9396480436642345,0.0034189937275909132,0.9846992647755239,0.02234373206164806,0.04098439592276359
190: 1.0454437127078082,0.9057133507909093,0.0003958871279235131,0.9440216244663108,-0.03413506119379234,0.02846418986959969
191: 1.0022452328824902,0.9036909550532815,0.00598398811018856,0.9561040993306582,0.03740202714002053,-0.06820229634238936
192: 1.0020101819713518,0.9145471906577847,-0.010690758891078896,0.9462692533590288,0.06633041961077815,0.01222912759505582
193: 1.0065873005889248,0.902076550235668,-0.002413293404122307,0.950919620557041,0.016828480212586126,0.014573421264719172
194: 0.9923273077131837,0.9537747618699064,-0.005593443661990927,0.9670006361587681,0.03117189011365853,0.017898285727103024
195: 1.0228860744497086,0.9522713927603834,-0.01990371023341883,0.9625994969692672,0.0015746070105262149,0.00425446766738643
196: 0.9938733948304597,0.9280275909800099,0.0014896198332874505,0.9505941039235573,0.007457300609322674,-0.03894553159442027
197: 1.0003957107739896,0.8796166244015546,0.016085236104548255,0.9777225429048724,0.01121900428029255,0.01719812244191196
198: 0.9789989481635045,0.8898608870182508,0.004671990652535988,0.9477444985511805,-0.03912218610439323,0.01447717505561936
199: 1.0285015585610853,0.9164665562471677,0.015471162066215785,0.9625645704994812,-0.040023350117474175,0.02479921809398154
200: 0.9618646744465003,0.8986164709180398,0.047113106762833167,0.982405833701797,0.023701065719085153,0.01080434919412222
201: 0.9925926264175162,0.9107317547499963,0.0322442232059906,0.9611367426891403,0.052174534248858595,-0.008963039805991791
202: 1.0093220155984894,0.903730918008212,-0.009561525730687297,0.9759387462323106,0.04598671454243667,-0.010404763645166902
203: 0.9869024868138742,0.9026125951881405,-0.008914156026571758,0.9912898187282738,0.027671185136117694,-0.025721200767388954
204: 0.9592780616563492,0.9308057031896061,0.024977232253700445,1.0247144526772582,0.017077099452406954,-0.03170185151988357
205: 1.012586725472035,0.9258721441394218,-0.008587868030463724,0.9832261676931161,0.0223753444708485,-0.0394035838915792
206: 0.9674271644290972,0.8942731998024425,0.010806603822465781,0.994469555288406,-0.02412530474613136,0.011196342674654587
207: 0.9946897735594485,0.875958905322186,0.023228666631448923,0.9227160603897644,0.03867692716487374,0.031964123497800645
208: 0.9733421713411164,0.8774808384425881,0.01416574967818478,0.9891256059783862,-0.02187868520741834,-5.341274340025419e-05
209: 0.9692291390494637,0.8872069419188854,0.018008752139244667,1.0071517845404185,-0.017877205631410098,0.011568847925665237
210: 0.9817644909612887,0.899391698275871,-0.008322988610051419,0.9861638479518163,-0.017319967589278024,-0.010557627858795033
211: 0.982366128421322,0.922426774099254,0.032102414995695126,0.948750718633605,-0.02341362736169005,-0.019117915726777072
212: 0.9832837567276783,0.8931383954039769,0.01689437563072086,0.9733853105329426,-0.018010327875060517,-0.005770684191979529
213: 0.987006340256462,0.8453015276354308,0.020749174734668543,0.9906817218890439,0.020156921716378874,-0.01837824726118414
214: 1.001226580358454,0.8874728200940714,-0.006561961964709002,0.9821188962955618,-0.001927638568914901,-0.026800507618581312
215: 0.9961254495561336,0.8946400139361388,0.014301333508400883,0.9847380105067415,-0.042872905727977584,0.00912898306448294
216: 1.0335639061788564,0.8621895062320756,-0.005679093397565121,0.9329063743048905,0.0012215089708408778,-0.019633652067296174
217: 0.984015961093635,0.886613352519715,0.003907299692887726,0.9653411312559861,-0.009633523887612405,-0.01309217001449696
218: 1.0149615171157227,0.8675566907201682,0.02080945089372647,0.9759783444812453,-0.0025058912585165993,-0.02157314664046337
219: 1.0120539429877438,0.8676679559563103,0.009057782608466689,0.9905301963251828,0.0122452649044804,-0.043694223061664546
220: 1.0102475519602072,0.8749413026405523,-0.00048632515965152216,0.9638371699747648,-0.012318985779232048,0.0006011750384255104
221: 1.0060732979000766,0.8728086065739852,0.02831739765483273,0.965111396308753,-0.011469500113894426,-0.01820452506866508
222: 0.9816463285541407,0.8428880300582369,0.03144562422913577,0.9953339926554572,-0.0015909643715178142,-0.0014179639525585671
223: 0.9757264690820979,0.8473216078644915,0.005418887717538472,0.9558822345819226,0.008805239213485444,0.02118668408611811
224: 1.0200796037506583,0.8477128176550874,0.0015359953598630986,0.9483323416578446,-0.001991169367424668,-0.005136415641043128
225: 0.9757515135565037,0.8864517713757418,0.0289942984324313,0.9643253615065381,0.02423053263313211,-0.0034466809419178594
226: 0.9948472403691703,0.8356741174738208,0.018035058579734704,0.9471575759000034,0.02387793400190757,0.009360086910563694
227: 0.9963691163303342,0.8451000025223465,0.00327697817664752,0.9666193485353914,0.00462383474011962,-0.006194437821245822
228: 1.006353811969491,0.8405724898520598,-0.012707927387578102,0.9799150848120116,0.02108363960444836,0.005928858275514339
229: 0.9920672458471177,0.8401700736246007,0.009559832987599225,0.980818455690378,0.006709433249760971,0.00805809933040215
230: 1.0054988446786404,0.8305271175652783,0.0017518549089457162,0.9796272485469648,0.005780366364122906,0.021644497955545787
231: 0.9987338551176567,0.8394998352840476,0.009207260402537517,0.945619900781884,0.009404504286080594,0.005139862950638806
232: 0.9733021551258646,0.8172372047788137,0.0067321257454473855,0.961161137378186,-0.014681823255674523,0.021585389567110716
233: 0.9961676506933653,0.8345492199866191,0.01797319095831107,0.9761369640921946,0.019316245780098384,0.009475217808181589
234: 1.0042680122421876,0.8322362297410807,0.010939762173097323,0.97447351340343,0.007501845332792323,-0.012630630135366458
235: 0.9714781714334433,0.7899061370942663,0.007859598122101828,0.9852268763452094,0.007250026686394934,0.01506081240983396
236: 0.9954796457092938,0.8196224523099624,-0.0006721744433822122,0.9872205312404023,0.001882691474707933,0.022544590881778535
237: 0.9862815890487491,0.8124721252076792,0.007886533250367382,0.9827167599355704,-0.011710252573712948,-0.0014862515109364451
238: 1.0061348200585989,0.7694002406876281,-0.006166311991463074,0.9799673002511942,-0.004398612726063816,0.01834745591921687
239: 0.9716743257591474,0.7903810744453029,0.002014121202614618,0.9492103012789449,0.02511283532293535,-0.00010603896789358313
240: 0.9968603097982531,0.7613265935648647,-0.015146187767752162,0.9752572327154648,0.022046941516991457,0.002796111753517303
241: 1.0061422493808923,0.7962035465062703,0.01195145117603703,0.9689528268227436,0.001679669287537248,-0.013627594493236406
242: 0.9856142935507566,0.7705872500845236,-0.0015393669482101956,0.9980612744619047,0.010141506537209211,-0.014132981394103811
243: 1.0013121471162731,0.7616234103597863,0.02369442692289745,0.9827895091681565,-0.00043956390604339094,0.011024779207401875
244: 0.9879747043019383,0.7377746270162158,0.0008416682198465119,0.9690562401177473,0.0008651490294080745,0.00567184518068556
245: 1.0065917670998237,0.7399045170227375,0.02629600038554098,0.964684482309265,0.011348295151360415,0.017582931638174662
246: 0.9835307867977675,0.736870538359727,-0.019956988135133424,0.9780364310871336,-0.00457966502506618,0.002794321523692416
247: 0.9937422202035818,0.7037123026391134,0.005101545163156729,0.9675764047147133,-0.0014832827886117764,0.005505682615139788
248: 0.9805839991091705,0.7386593566679994,0.012456632281956473,0.9888455856322695,0.0012255578380480814,-0.009521991115156449
249: 0.9812672251926737,0.7233884722668064,-0.0064854727734746775,0.9970081009306577,0.003934143917319995,0.0194244933399354
250: 0.9915640590162894,0.705504828890644,-0.008172391705510824,0.9762347289594945,-0.005645273730841114,-0.011484273796506723
251: 0.9969297717143989,0.684720754210953,-0.00427806345050607,0.9888267959371492,0.020661360970241707,0.008296257756618568
252: 0.992307433833598,0.6874442588873425,0.013499203059250132,0.9926648538935063,0.009258856265769461,-0.0067408871255891685
253: 0.9724823242883774,0.674330687712119,0.007761932785004063,1.0113460046033842,0.012597493719855598,-0.000351753478389563
254: 0.9973759881105012,0.6690122496094454,0.006920062159381598,0.9615827693339599,-0.0031554022773386294,0.0059643670082039635
255: 0.9972692606730674,0.6560482615254131,0.013781138335951914,0.9983623724493987,-0.004608750783873791,-0.01744105659364185
256: 0.9964051032896788,0.6274370241896299,0.015678309233901688,0.9719899992439509,0.008287361810300865,0.0001319466250566544
257: 1.0006924656512795,0.6227636543056659,0.007180435529935516,0.971409183934392,-0.0020783112637604824,0.011138712591695358
258: 0.9943600596973301,0.626689542263545,0.005842647582524006,0.9722198491062745,-0.00034436585359950717,0.0021444810253395024
259: 0.9943011651657104,0.5839739743684813,-0.0010083171881919567,0.9886385816914192,0.015410199295045834,-0.004776630856050313
260: 1.0014461351176152,0.5848880394603121,-6.463421195240272e-05,0.9958788406992595,0.00609753623001227,-0.008933318532275617
261: 1.007548473706613,0.5635959547379741,-0.003460724991861874,0.9994469274854796,-0.0035512717940786344,0.0010036436667088936
262: 0.9905054375932547,0.5549841136074446,0.01999329259574219,0.9809500141782481,-0.007697411030094744,0.006809942978452902
263: 0.9961004593620862,0.5341724877313291,0.01406976412345209,0.979150904508399,0.0028373636696674602,0.006911305774134835
264: 0.9805899026327041,0.5050311811040832,0.015041128940287838,0.9935102223448808,0.004762894752691877,0.0013280006800104622
265: 1.0028610869677415,0.49588271518497135,-0.012758102496854173,0.9692847985420096,-0.001715473381374082,0.008112220500710718
266: 0.9738001509157705,0.47757546844495563,0.003350363254993399,0.9627194170542882,0.0005368652373092327,-0.00832358124986903
267: 0.9959111660721629,0.4496837748905934,-0.006816618781656823,0.9792107076107026,0.002152066925258427,-0.0031719858215681403
268: 1.0007127546594583,0.4347870143728245,-0.007158486244408468,0.9879514964469426,-0.017533288875902078,0.006090811398703962
269: 0.9887772544233979,0.4325118234906334,0.003976427363502642,0.9881763452003699,0.01323674381112036,0.005677881908041596
270: 0.9994247632686861,0.3767539551314829,-0.004471314369792055,0.9767198954174726,0.00356212038364457,0.0009826408458438233
271: 1.0082292256863137,0.35419939765719927,-0.0001968510033840405,0.9969580384010371,0.00725522577098114,-0.0012292643451117463
272: 0.9783272329149195,0.33920778886332337,0.00673005571375448,0.9826143296740827,0.0018972154411854346,0.00486988697517708
273: 0.9950884918387035,0.3182311838026654,0.0030785552317383305,0.9761642118735848,-0.00021837764468151093,-0.0030279207773554213
274: 0.9931049416422096,0.2914640202152662,-0.002257242453868452,0.9967903402731079,-0.014376442024586992,-0.003629202623421802
275: 0.9722654208817345,0.2722719142885726,0.00272906541475208,0.9838742120477543,-0.0018286643496337376,0.0021256819192856545
276: 0.9920550815965669,0.2483852199238127,-0.005662928532161144,0.9865144514383429,0.013410907584203402,-0.014348372859546654
277: 1.004520288661243,0.24014320314480686,0.007054061483511766,0.9723328497798678,0.01974323037861607,0.0010788475796512731
278: 0.9897163926362141,0.21346283332285249,0.010955769294833472,0.9831934628876075,0.00863398988690549,0.00568399876215911
279: 0.9953648779566664,0.18456158108343662,0.012799111720369356,1.0060329221108602,0.0034816508031140095,0.0026567576952327195
280: 0.9830609390443571,0.19385499279553617,0.0074752176791927725,0.9829453535421826,0.0007828072071727531,-0.008322512138239356
281: 0.9865128398778951,0.1585982405293818,0.002571636211932163,0.9793638707262233,0.0019281212779961468,0.005493054618330681
282: 0.9938692043375474,0.15976256638230393,0.005476676949996564,0.9818684130003094,0.008400871620441078,-0.003069094376693211
283: 0.9974000182118069,0.16335961483926045,0.007802884128877628,0.9799551626752837,-0.00035321452804472136,-0.001729987721128379
284: 0.9991141081767867,0.13281509211639908,0.011893337064948365,0.9836179321453781,0.004935912508325551,-0.020970415776391586
285: 0.9965498816254604,0.12381066888751327,0.004870391159071916,0.9816887831007508,-0.000624085327849337,0.001962010215478863
286: 0.9890234639524238,0.11478921415161923,-0.0034698928384529907,0.9791171012634543,0.005657868293717672,-0.005253471036513635
287: 0.992710590460948,0.11128579072413523,0.002038429181214259,0.9910728588625733,-0.012903842855216546,-4.678096727717997e-06
288: 0.9923373760190956,0.08902488188292146,0.010908682806781974,0.9807434974494802,0.003392826798719473,0.009138642248426808
289: 0.9966881392568647,0.09817498273781833,0.0022718750187228536,0.9852112568023712,-0.0006120798119950612,0.0077091174136189634
290: 0.993319655734962,0.08361866472763804,0.004911218925051164,1.0039083555306867,0.005657309654635593,-0.0012556902299191534
291: 0.9977465378898469,0.08575649555859349,0.011965495186973396,0.9825502024264354,-0.002707816202376907,0.0032376857905369524
292: 0.9995151195773566,0.07370361235331718,0.004221788778647102,0.987696743294793,0.007937277900988162,-0.003208537287014199
293: 0.9908354670444374,0.08085061735741786,0.0022654068601503,0.9863348260429847,-0.00025445696118767906,-0.006263547510684329
294: 1.0022448322217798,0.06744101141608143,0.0039207618629672454,0.9911988681593501,0.009026588446227838,-0.0038167079461629127
295: 1.0091129611254142,0.06768710064725135,0.009231207381194453,0.9767674057757858,-0.00310253543085678,0.0018248205573404826
296: 0.9968529034227478,0.056840787731388925,-0.007124100812620337,0.9940832809865412,0.006657525760203351,0.0072929849097824835
297: 1.0008116106526193,0.06417353931761871,-0.01067138671551827,0.9949565682601416,0.00729190372943188,0.0004541981964022153
298: 1.0038889852750945,0.05061905335573424,-0.0012656575673824656,0.9920539666513227,0.00797538532565458,-0.0016204629175423225
299: 1.0058595913373019,0.04797837529464223,0.007732567670560904,0.9797812697339677,-0.002958714911196642,0.0028952407812021155
300: 0.9844678075461166,0.04604871127768105,0.008598677233826613,0.9791613681506967,0.011668999456698494,-0.012455303787655303
301: 0.9998179423504336,0.04655457222124696,0.0018455676825541796,0.9831951569126375,0.00029414973289799235,-0.004335440200857737
302: 1.003555028601859,0.038121555389628664,0.0035618168778992214,0.9820914050754608,-0.010228827899331584,0.0010194592076496016
303: 0.9983746105601828,0.0332973502377924,0.007825014979087374,0.9777946675336325,-0.0020200235491597317,0.0006746973843865683
304: 1.0089187654147185,0.036728739013283815,0.001984765652411683,0.9802737208387136,-0.004341821188441166,-0.004995267616346615
305: 0.9943572474862253,0.039149645307888725,-0.002354128616755772,0.99437446110224,0.001789940390027362,0.00046285303865219976
306: 0.9984863069679247,0.03337442416325963,-0.0010763708273152741,0.9789195539526536,0.005474911264207559,-0.002221601852111309
307: 1.0003250548735727,0.03255397332681627,-0.0016173046372309381,0.9822351415248672,0.011042110194850527,8.492527684325494e-05
308: 0.9941219662300452,0.025968612105472286,7.60966487163648e-06,0.9898626225799223,0.007848634896006037,-0.0010436386991555537
309: 0.9951020841162351,0.038197983823146556,0.00012362989670239907,0.9897754170995259,0.005339568164341236,0.004930743142311615
310: 0.9904042840505819,0.029822544963253227,0.007334143204232349,0.9906965946643977,-0.00315464204934238,-0.006228394625206015
311: 0.9945896873755383,0.03212943185943346,0.00043177763544285713,0.9818958522114861,-0.0007591611705327962,0.008064437966165811
312: 0.9980444244590224,0.028875501026003024,0.008888229578025214,0.9850052017051537,0.0022524601560910845,0.0026896665891858506
313: 0.9936829891567469,0.031037776073176055,-6.853576525765867e-05,0.990813801297762,-0.0009983525668581547,0.0073324421821442404
314: 0.9897730989040828,0.030929225830948558,0.004066268987454578,0.9776660359686133,-0.0017393370609702237,0.0010176174234511179
315: 0.9968448860706567,0.029759711874866448,0.00946437061500523,0.9825337671771572,0.0059992979060621895,0.001714657732110183
316: 0.9961759021694845,0.029300519361843035,0.001607047091613684,0.9897894853108568,0.0038435090753783795,-0.0018824447179332797
317: 0.9946717282103021,0.03373415088415477,0.00650000702595966,0.9879989277530097,-0.0021745558729547943,-0.0011524325114734414
318: 0.9928699630087975,0.024506560361278455,0.0003903493125228326,0.9875784339927995,0.003424897814898531,0.0006228351143409978
319: 0.9914917410063062,0.028219774670570144,0.0010956760528306859,0.9886843807711796,0.006331602189306761,-0.001456664638530354
320: 0.9965775865471596,0.03125734595468328,0.003763134019641165,0.9838579825687463,0.002365342694616347,0.003471022831344368
321: 0.994188001253377,0.02158551468519492,0.0057995678370052674,0.9926117286261431,-0.002716787216633507,0.013902463899363697
322: 0.9958059818983379,0.024116663126230224,-0.004432188448233299,0.9885981275675412,0.002013302627067345,-0.002620197422827865
323: 0.9993807338761526,0.026551654883055394,0.009455532434061276,0.9886745783870045,0.003209431883613631,0.0012675275883474095
324: 1.0054389262560521,0.023995435234739255,0.0072402562112960905,0.9844378878081114,-0.00087375077259469,0.005995401486392206
325: 1.000511915236166,0.014115582635755027,0.0073365642902364255,0.9836205745344787,0.0012762648363383899,0.00205530536338603
326: 1.0001309601662731,0.01679345583872186,0.0037852064794414095,0.9894461782639921,0.003948118680128335,0.005261891688227991
327: 0.9959290939999561,0.020355726492543372,-0.0006008459051296748,0.9915635644764158,-0.004071452911390893,0.0009805115854860105
328: 0.9995556273772404,0.01738611953727158,0.00678039685849761,0.9906254955895559,-0.0004973391473396694,-0.003449023325847768
329: 0.9978021506420535,0.016978791498513748,-0.0008776312092202733,0.9884200656936847,-0.0001280668558624363,0.0007313948640381924
330: 0.9967932520705631,0.01980416981346362,0.005299749586712447,0.9884908218385355,0.002901278146513994,0.0011051919560977844
331: 0.9950997547927254,0.017813221681685032,-0.005315795021016937,0.9900692427483191,-0.005773543819517968,0.0032599061735165786
332: 0.9959767465057328,0.021958395302079613,-9.990840677190143e-05,0.9896419340598449,0.0014523647814015691,0.0012971300389259463
333: 0.9915126054607906,0.020254015145082294,0.002367763575377297,0.9896686303626014,-0.0015660060091080806,0.009956355304727896
334: 0.998009876187241,0.014075059728238191,-0.0025786485117787203,0.9867929993893375,0.0010864843477180527,-0.0046289702208670465
335: 0.9945812280848254,0.014514569592179737,0.002966796733052113,0.9897117785681848,0.00047021253175125914,0.004607141302275381
336: 0.9951099861550478,0.014453203842614278,-0.004523225888231734,0.9874350666403956,0.006650372614903691,0.00038252924394814375
337: 0.9983017711572902,0.017604677693107126,0.0005519334141965055,0.9883667660712248,-0.0008191303167167938,-0.0003199095359981924
338: 0.996321365232564,0.013634915476505775,0.001045092586015919,0.9869835574546545,0.002586862836777978,0.0003157227427706998
339: 0.9988909496209372,0.010652595412210641,0.0008113543743036623,0.9896398424316397,-0.0042772073949916105,-0.004709105250054559
340: 0.9976148253489375,0.018665137627665328,0.00022127956504071214,0.9870545257684648,-0.0024335618599457005,-0.0005435843791910394
341: 1.0004168306650627,0.017464135796963803,0.0030797579990419835,0.9856620663493529,-0.0007480763887061787,0.002804374989089933
342: 0.9960791366210665,0.013750194485092213,0.0001723594603265581,0.9866131856969281,0.0046470707416413305,0.001445167830581302
343: 0.9940181794734481,0.013833235614514147,0.0022295481872396288,0.9833509852002511,0.005360424581531806,0.00197768440116284
344: 1.0022620878535868,0.015573571830493956,0.005952693262552945,0.9869276337665689,0.0010365648551109758,0.001060588296842968
345: 0.9980003845566734,0.01279225452246398,0.00034624698658222426,0.9886318519565214,8.805568948169295e-05,0.00325070876213326
346: 0.9935136084889948,0.010717599224945848,0.0034137989626138185,0.9874472737487501,0.005611081775866875,0.001483205849867828
347: 0.9983870236564025,0.0097378064718954,0.0018956521282954206,0.9904312503033159,9.397525481086495e-05,0.0038220226490967672
348: 1.0038610585803696,0.012840895398641215,-0.0029058024655126344,0.986644094701854,0.00035527579314719566,0.0030361408042493374
349: 0.9925235906647019,0.009986715323169228,0.0004665135618565851,0.9861543624090621,-0.0008237635562048803,0.0016399573670547946
350: 1.001717156535191,0.012996869805587346,0.0023276278029458683,0.9860629837352353,0.0011722170664830223,-0.001565903481104448
351: 0.9973478787492942,0.010145062437029315,0.004890121320745795,0.989093105313807,0.00194177551189556,0.003226814420199872
352: 0.9969046050997517,0.007308819963099227,-0.002717315920569156,0.988419466349462,0.005206062426552515,0.0011292819043199225
353: 1.0010605639050054,0.011467640197775967,0.004487249271373386,0.9908825351485996,0.0009321552794736424,-0.000755056218536763
354: 0.9978627005883111,0.005024685929097417,0.00020322014653190862,0.9859454316673126,0.0012433121180581133,0.00018986171588410324
355: 0.9997711256565956,0.01291163616362041,0.00021634218593317533,0.9828386132671251,0.0014959916571442625,0.0025833460841296835
356: 0.9959414855124236,0.008944286508185425,0.0019232627313593778,0.9854613159118782,0.0024534920756357726,-0.002129589813447818
357: 0.9939138580207336,0.008728345190810154,0.0008903397649574034,0.9929250039692297,0.0015086670693291947,-0.0010749391095000714
358: 0.9972158763393073,0.011202969455679897,-0.002220578160657554,0.9885405304916393,0.0009421906343765811,0.004095017884840204
359: 0.9969179856866086,0.013306025450910513,-0.0005803377993330648,0.9881942320868663,0.0013135308417428914,0.0015454486084578228
360: 0.9992525750665782,0.012111436513061898,0.0013507902147825244,0.9894297623038947,0.0020933604617937016,0.00161738610620081
361: 0.9935973302554635,0.010844451686833697,0.003634327481284139,0.9914982665155146,-0.0035671339890244232,-0.0027991401076974086
362: 0.9959893478525021,0.007937752971069837,-0.00025615294491217406,0.9880014552002347,0.00041457188732056,0.0009275071959866964
363: 0.9994648376662515,0.005130331673298462,-0.0019200130763590544,0.9860082480794495,0.002637226706586837,0.0006932314605191284
364: 0.9965258745075746,0.008599026243469528,0.004038954830727918,0.9876190622733199,0.0026440990427799554,9.968740111649852e-05
365: 1.0001646759820984,0.007402449031566843,0.0019285787858624559,0.9858716141952801,0.0038574268869036917,0.0014537486719340945
366: 0.9984401864323109,0.005705852813954833,0.004289016786089492,0.9840701161498933,0.000818308391681434,0.0012883015710391744
367: 0.9965341294809066,0.010683999557561935,-0.0004007832413326154,0.989164262973574,0.0014081701649163033,-0.0003181279558808392
368: 0.9953708919148778,0.005148500674653812,0.0020697906642858713,0.9877151799268645,0.0013288331691926366,0.0021416205539469724
369: 0.9999709322272019,0.009182878669170235,0.0029802976966031795,0.9861660464881967,0.0009100988549537891,0.0008997718780883764
370: 0.9939821046448966,0.007303130571790372,0.0015131462282004528,0.9870934358189741,0.0020061321041301644,0.0014879389068320995
371: 0.997139416044129,0.0068225781648165625,0.0025344684531143948,0.9850759513404141,0.00017446789592066012,-0.00044149114285816065
372: 0.9987742058386493,0.008919511842054535,0.0023500480623142726,0.9864408725249828,0.0035391860380311504,-8.96278429028583e-05
373: 0.9986933205400989,0.008319912040495588,0.00247806625543517,0.9849632050702655,-0.0027668921445597053,0.0004999905210974892
374: 0.9956326655988694,0.00715520996247366,0.0012788867928688605,0.9851338729776945,0.0002116003704949309,0.0007490756222429694
375: 0.9951809100516684,0.005933120449882236,0.0014737345960874585,0.9865611702552698,0.003102011526934631,-0.002552723732955655
376: 0.99606860279587,0.005429736053608757,0.0015590239338096892,0.9888338601869877,0.0018911097715152213,0.002482607067333365
377: 0.9993383459050751,0.008620338577060623,0.003610626304243735,0.9877579581160115,-0.0016236892595873028,0.00034859160844562893
378: 0.9982246984924323,0.005806217074778036,-0.0015291092468132745,0.9867110656213502,0.0001336189535553244,0.0022465021619220045
379: 0.9968872794988064,0.007981958346004696,0.003239821622515315,0.98556846161632,0.002259624850447341,-0.0006346318262559433
380: 0.9962143904133958,0.007366499081615117,0.0021484034059996607,0.9867590900197525,0.00017423219487143634,0.0015148455995118936
381: 0.996398976271602,0.005795400608321164,0.0017229133088656069,0.9864545240533207,0.0017645271856769245,-4.727034763950689e-05
382: 0.9982155985399556,0.0081486566304592,0.003525333895221908,0.9853233297689119,0.00023768338437315465,0.0005989834934627394
383: 0.9973928988865332,0.007351677129906039,0.002468776894370486,0.9857356731244244,0.001362610098297702,0.00016238078261676778
384: 0.9974654988336501,0.006732772218114182,0.003938906981099304,0.9864150185484241,0.0021194210280515123,-0.0010832652047980144
385: 0.9987314722602045,0.004524892043250636,0.004110694317796945,0.984960000143442,0.0022068519565977005,0.001563606072329194
386: 0.9970121136781901,0.0067389553626657816,0.0033159184686984713,0.9839305513087745,0.0017684431958582374,0.004324444273021885
387: 0.9962378083274638,0.005463820243065708,0.0024440738117194752,0.9858165745315313,-0.0005524223121085754,0.0006110854609193951
388: 0.9977897662843408,0.0061195375849819635,0.0024715605222500768,0.9862975897823388,0.0016962734714468539,0.0010292413088950924
389: 0.9984406259525008,0.004983321360994204,0.002200527559592931,0.9872391113414909,0.003154361936559149,-0.0012647332876961981
390: 0.9955486855835413,0.005501982662365402,-0.00047961812084837104,0.9881044078885182,0.0009165788170839215,0.0010661669197250415
391: 0.9966671777405055,0.005573754980094615,0.003501454179308966,0.9843647785242448,0.0008602254858079887,0.0017500044711668736
392: 0.9991929261241819,0.005432436097207374,0.00042689747138397404,0.9829705441694867,0.0017139153997427932,0.0003812423021958397
393: 0.9977761206183265,0.004800435425556304,0.0003605321235985561,0.983593399540868,-0.0017535005802787502,0.0020497976268810353
394: 0.9970095246911393,0.006487185460191793,0.00445094453966384,0.9845175424300903,0.0032441306137053596,0.0023268409999753197
395: 0.9982444453330858,0.005548410808098317,0.002361275309742071,0.9845927041635892,-0.001059205482501204,0.001977615057761847
396: 0.9978635738352791,0.005376691929166714,0.003576725763783377,0.9828690857681913,-0.0002574606291905323,0.002282837725432186
397: 0.9976156850925233,0.004331972030570402,0.002274824369325181,0.9854671911356098,0.0015310154532899836,0.002440845005884368
398: 0.9951182925783066,0.005205728830253087,0.0007283763398520567,0.9852468941710316,0.0016108486000064074,0.0013349195828568626
399: 0.9968242087957806,0.005352105229416152,0.00102095947225533,0.986240431152279,-0.00026176217188291916,0.0006377838803944865
400: 0.9978095941077173,0.00467329280418079,0.0011832521054460712,0.9831914392096208,0.0007435790330789301,0.0007435182524075625
401: 0.9986094952688227,0.005937790132959868,0.002398154463177851,0.9818542188642884,-0.00035454034979824525,0.0008239705459452485
402: 0.9963046828501024,0.005574969267457469,0.0023072966867760444,0.9817481798149816,0.0024419752595651835,0.0023329740784404328
403: 1.0002716589147116,0.005764087893997039,0.0014034082385788668,0.9827357027041951,0.0013818057548201676,0.0021778262571145813
404: 0.9971585035612243,0.005639911323833159,0.0023962789868875933,0.9848318146918559,0.002431005751442852,0.0013427818231928198
405: 0.9976456551135926,0.005768159340820653,0.0025425229582831063,0.9830111522780469,0.0017245658187830324,0.0008035668694495214
406: 0.9996090111976215,0.005248623302125919,0.00037842605593668547,0.984918529416965,0.0014054535472115418,0.001581802032519696
407: 0.9978302224533724,0.00446755608964708,0.0024377322784469415,0.9856411808655987,0.0021610409418825003,0.0015843289050108912
408: 0.9977487963878005,0.006557917690942389,0.0008138758595523371,0.9826342931514379,0.0012273291333252773,0.0014122586049530412
409: 0.9999747853405728,0.004257178084901031,5.758644681272667e-05,0.9819538787711595,0.001878357806336106,0.0020267470245417737
410: 0.9987440987943715,0.004295334950780459,0.0020130014253863624,0.9800047414783057,0.0008302107278363149,0.001433674749532422
411: 0.9985309212572563,0.00633205056319433,0.0014884062212677466,0.9829461727495736,0.002297344400929836,0.001940916782577675
412: 0.9984667926760684,0.00528047967017689,0.0022022870779404512,0.9818866513959948,0.0010934855171788934,0.0002286553774463869
413: 0.9994331473488366,0.0048746209311961095,0.001420910337079841,0.983455312225014,0.000909821019008012,0.001778492219199036
414: 0.9993584291038011,0.0038570028769103347,0.0016548065253478301,0.9815451219625992,0.0017837260874608613,0.0008998770413933327
415: 0.9974679460362088,0.004987552580195561,0.0012937330689661401,0.9813727183392968,0.0010752844274865608,0.002330440383274037
416: 0.997656975173323,0.0038552840839713317,0.0020645996761321115,0.9807445330030252,0.0006241951802447918,0.0013300727749495157
417: 0.9993212478702539,0.0032505246390940315,0.002560416305535665,0.9815923524402356,0.0016287602418914408,-5.354554711824839e-05
418: 0.998442802923109,0.0035116327562537647,0.00015875928879218013,0.9815733021736208,0.0037830921219160593,0.0016670040502292844
419: 0.9995027800419415,0.004746596286761571,0.001435973268529985,0.978528301628033,0.0008805980782455478,0.002498861875929002
420: 0.9981317051376736,0.00472657366427026,0.0015078833911136493,0.9803876781977615,0.002198039303083378,0.0011836528426733617
421: 0.9975609413716509,0.0028904347206151343,0.001586045903778585,0.9774705328150424,0.002975934479538002,0.002235402979090401
422: 0.9956117746794153,0.0025578161100712846,0.0018906801796483156,0.9803240051579062,0.0005344122488689525,0.0010444369210826825
423: 0.9991813787818007,0.004367112494859255,0.0031723598667067424,0.9792288667259506,0.0018991008880083983,0.0006386737490067821
424: 0.998112881528226,0.0037426174949875984,0.002487317254013216,0.978262061257695,0.0017399727024435836,0.0011529489526915146
425: 0.9976363101179576,0.0028860822613693956,0.0009622108799582754,0.9783929455368036,-0.000648917079789544,0.0007390965497900441
426: 0.9980413774966248,0.004891000563766243,0.0020945088634886817,0.9777537858108334,-0.00023504907822937196,0.0013498459318218876
427: 0.998837501262247,0.004214392683119517,0.0019632833139999013,0.9772463992350509,0.0018018130549065287,0.00022920598788776444
428: 0.9970639606257934,0.004091472095328819,0.0025834904869532615,0.9774890885496854,0.0007296943187546018,0.00030086823634474784
429: 0.9990593214613943,0.004094980588985564,0.00021089120060071372,0.9761039125044844,-0.0005969263391433608,0.0007968351226774063
430: 0.9981663342942537,0.0034100379918116878,0.0018446716176095312,0.9761591504241094,0.001058076007442194,0.000400161668851737
431: 0.9996474996639042,0.004390933949163607,0.0009424179537346343,0.9761013214777324,0.0009543952088231416,0.001229295378950751
432: 0.9975237638659733,0.002992902832721531,0.0018559241658389859,0.9763304745169972,0.0010488710203722957,0.0011821741233305184
433: 0.9970443060055325,0.003129637419112639,0.0005269803365762006,0.9762371758762015,-7.102896363290166e-05,0.001312361075675121
434: 0.9978663617901503,0.003372760926306681,0.001753269180682294,0.9746215480051497,0.0012675850913583021,0.0022323807013863175
435: 0.9986802487877999,0.00457531272763201,-0.0002388871054097711,0.9730159723763616,0.000724538035350519,-5.256273560324924e-07
436: 0.9971646750192272,0.00275105635394384,0.0011643203735131522,0.9737609522422044,0.00026097857972112997,0.001279494525555873
437: 0.9980303405009869,0.004127988629143897,0.001624285209749073,0.9724037017876775,0.0012831205949063416,0.0006744748418841388
438: 0.998895869748394,0.003445998764192032,0.0014346719300748216,0.972553165787801,0.0015523768311767128,0.0010332831327454798
439: 0.9980023446663017,0.003601738668509062,0.0003797475368522167,0.9720193694413795,0.0004235027018804335,0.0009817559063054107
440: 0.9975105327425969,0.001514031980029233,0.002123155420903298,0.9717934055704907,0.001055738330616262,0.0009135712803586334
441: 0.9985799614135832,0.0036170422561109775,0.001474243817325847,0.9689924681778981,0.0008970455650215898,0.0005084040324307719
442: 0.9989952008118579,0.0033436991488041425,0.0014781333848699599,0.9702981929479324,0.0011016354943300343,0.001825842517019331
443: 0.9974154478259504,0.0029542212513898086,0.0012269371403705093,0.9690284021838563,0.0009587779232109273,0.0014323724144660187
444: 0.9983040910555367,0.003873797206703695,0.0022268450914890167,0.968909334100061,0.0009447568267482892,0.0014148414808670805
445: 0.9982083500738002,0.0028256609199779166,0.0008780350485280792,0.967200494928422,0.0013564272133512038,0.00251349244699332
446: 0.9991216579614549,0.003996898688849842,0.0023576067843326777,0.9666874330526234,-7.671553721972214e-05,4.916647603904359e-05
447: 0.9990942387048377,0.004286393271905869,0.0008986995951139336,0.9654213269854173,0.0018395537549642997,0.00011619630209442917
448: 0.9987912199373683,0.0026725355301985085,0.001201904543194368,0.9640851526115806,0.0006058068776615042,0.0019898477687908195
449: 0.9977629462233016,0.004235554677325379,0.0019294973832487813,0.9631128947596872,0.001142316522591256,0.0014347954312058822
450: 0.998729569560351,0.003765948012296216,0.000806594397357891,0.9616116588499883,4.208834403766871e-05,0.0012704151914999266
451: 0.997371263046889,0.00354146212714042,0.0008755391985198602,0.9611014934876205,0.0016771392482474992,0.0006376191607338467
452: 0.9977643394187865,0.003093986246990603,0.0011713024202069033,0.9576318491822303,0.0008125761329401637,0.0015426179779933521
453: 0.9988668222003667,0.003273301165247313,0.001530116754054044,0.9579680434254855,0.0003195412679815781,0.0007968423056356474
454: 0.9979770508119794,0.0017239523837879432,0.0007480353741258711,0.9563026136025311,0.0010575606178262434,0.0009374704223377314
455: 0.9984906016752145,0.00473798323622027,0.0019129438838269622,0.9551826339334976,0.0010367870390419682,0.0008017098546134044
456: 0.9978812467234826,0.0026989094806019855,0.0009714255650807814,0.9531486376371473,0.0012225062830166474,0.0009525933014576468
457: 0.9984651771652295,0.0033589756459583365,0.001414195853170198,0.9519115824933501,0.0008587339624188459,0.0007967561726166199
458: 0.9985522078206099,0.0024404642902575587,0.00141227696548483,0.9484810048108988,0.0008892028937212268,0.000580994049637153
459: 0.9979280744344694,0.003571514893332864,0.001794660667101602,0.9464018510289405,0.0005271036836612142,0.0011176364296058726
460: 0.9990493643930939,0.0034043923699285093,0.0019506031360949881,0.9454642566353745,0.00025102673259191986,0.0011679518940798975
461: 0.9985399900151176,0.002279645057674194,0.002141777158063341,0.9420695352020375,0.0007424520953764322,0.0012518605339468945
462: 0.9976695760863837,0.002575508444489134,0.0007799999848378282,0.9393132834864508,0.0015848251043824612,0.0003320558240178654
463: 0.9986777377595125,0.0028740170156862,0.0015401992138575093,0.9375259652944533,0.0006472628649993756,0.001176031263060724
464: 0.999613351602115,0.0030613514673920395,0.001618154270842653,0.9334486376203691,0.0011482569536999995,0.000669219924208869
465: 0.998013583900106,0.0032064342241010964,0.001938861629770668,0.930877482908894,0.0008412367725780205,0.0009486425816634494
466: 0.998145467401968,0.0027889920965054353,0.0014442388580606722,0.9263718516059828,0.00069383615014866,0.00117366688496386
467: 0.9978324327987061,0.002698553998680424,0.001008847536669266,0.9226854145375291,0.000948557411013921,0.00039217764646549855
468: 0.9987024279128545,0.0030763853003300677,0.0008751337459427615,0.9187056689062106,0.000698374295267965,0.0007493692827934013
469: 0.9990070922823205,0.003062425992422604,0.000727663892624249,0.9132608674677174,0.0009128480877914744,0.000729707121104651
470: 0.9976266061147935,0.00227829536420713,0.0009271132502977312,0.9078371249027646,0.0010884513715113723,0.00109055557853606
471: 0.9985173273490869,0.0028086725546580885,0.001567860610354222,0.9015918625226849,0.0004573096458479413,0.0007254896496764933
472: 0.9995482808015884,0.003034586451883846,0.0020391590979354866,0.8956026647577783,0.0014625603868188035,0.0008329188266407776
473: 0.998864552978041,0.002917055042093954,0.00039207633809648017,0.8884018982297468,0.000395939426693098,0.0007591089685115675
474: 0.9984245130913089,0.002479679754697354,0.0010485952351187093,0.880594727770953,0.001276923258593585,0.000826020457613774
475: 0.9995569264926925,0.002607856185156469,0.0011635368884828448,0.8711486392245044,0.00038949016117279764,0.0010967748999428592
476: 0.9987798721886667,0.002432966888377854,0.0009698208726864581,0.8617948647251712,0.001294163100774368,0.00039481802929823784
477: 0.9981162284960238,0.0020602659120252617,0.0012696154110768889,0.8522108996383005,0.0007504056726572841,0.00023423427421410742
478: 0.9988715522650775,0.002651453885777013,0.0010031085457591496,0.840922557323193,0.000540563332801908,0.0006113570086783999
479: 0.9987903952641921,0.002518733233603308,0.0006227853916779401,0.8283138704390566,0.0003844510712817582,0.0007005185870281437
480: 0.9984226835689574,0.0023882365203586743,0.0013798354721212076,0.8137142072906254,0.000758955017603013,0.0010794824869519565
481: 0.998499080922992,0.003140317732379348,0.0008871067941039414,0.7973437465931345,0.0009152068295738468,0.0006981424215730116
482: 0.998736937810982,0.0027344642222056283,0.0016067932615730191,0.7781712023586818,0.0009780144877984545,0.0008621075343836864
483: 0.9987446405868524,0.0028056094932580196,0.0015333882564494842,0.7582008767757198,0.000582862213593715,0.0011259978998576898
484: 0.9984265962994597,0.0021896167940112362,0.001144381226875337,0.7357947622070199,0.0007629459388959289,0.0005622712027076712
485: 0.998729787942151,0.0028884801551851045,0.0013553728672597912,0.7139012443737531,0.0006640359139028205,0.0011415205554602208
486: 0.9984830317770383,0.002420242193926421,0.0010887433327731195,0.6872242342129208,0.0005635794403049654,0.0007675141146161581
487: 0.9982730198772046,0.0025922086506120503,0.0008512931788009358,0.6612154877894592,0.0002801335978122726,0.0011751609771096382
488: 0.9984232668752389,0.0028507378132379127,0.0010799354764781683,0.6335583727590908,0.0004374472302859587,0.0010760267863435243
489: 0.9982125208319345,0.002394013259079965,0.0016351512787076848,0.604687092627335,0.00012349180214933598,0.0009748041768226643
490: 0.9983953534589162,0.002308893593358883,0.001330196640541456,0.5769985445935101,0.0007269307365782685,0.000554183498772007
491: 0.9990775383522752,0.0022779654202549145,0.0014632929820230422,0.5476905339303364,0.0006183038782822986,0.0011481653063403299
492: 0.9984343774402229,0.002400820989390489,0.0014674187759019235,0.5179459489943159,0.0016445468807411595,0.000628214093430192
493: 0.9990664455103905,0.002003399210851641,0.0013474439874970562,0.49130725194623,0.0008627409808047209,0.0006785232802206116
494: 0.9983835245848989,0.002694089533749823,0.0012951489685421858,0.465899156389898,0.0010813105535368533,0.0010290642082935737
495: 0.9981136990456713,0.0023783864230529825,0.001480170751503061,0.4394297039557374,0.0007405651491102882,0.0006891312934075217
496: 0.9984266505537619,0.0027049694299542517,0.001216443631041641,0.41776430066237596,0.001129777286900695,0.0007314601710892829
497: 0.9985095930692166,0.0021653964052152433,0.0013320389777881395,0.3943053713347003,0.0010965676964221596,0.000989948921325749
498: 0.9988727914637423,0.002807943664105122,0.0013363112788409741,0.37564000666552894,0.0010897426297734013,0.0004636855511249576
499: 0.9983541538147406,0.0020102300071541744,0.00099317455286659,0.35454992103614935,0.0010790625565896062,0.0006556578795779079
500: 0.9985300483925231,0.0020812262394221603,0.001553691732219779,0.3391831792933685,0.0010493621291438055,0.00044969040259852525
501: 0.9981273983853512,0.002574738580550436,0.001319938981308957,0.32218872721526287,0.0009515192023432267,0.0004163758109766299
502: 0.998611301383915,0.0023147317644389214,0.0008722706650772737,0.304005898879692,0.0007597383269853899,0.001373232203739722
503: 0.9983989111209621,0.0024561427736043474,0.0012372916003598367,0.290030941852954,0.001103101315971342,0.0006359305418663722
504: 0.9986477952175118,0.002571452602662278,0.0009544146141142625,0.2762014507652056,0.00011355751451537087,0.0008516456482444429
505: 0.9985240844600397,0.002442733617019232,0.0013020373323088912,0.2628753055524579,0.0003652778856910322,0.000683058207114599
506: 0.9989646089455193,0.0028105758023262016,0.0011821401797923185,0.25232420283735646,0.0010396274554114145,0.0007854295569504979
507: 0.9986584124236897,0.0023283139503586917,0.0015651144408548342,0.24056386840674757,0.0007153486712814991,0.000938032456703241
508: 0.9990872820912609,0.0021390681350825767,0.0012051653018931784,0.23134549614970376,0.0010244496320905132,0.0008603394149402715
509: 0.9988451892504472,0.002601884575529146,0.001354442909081995,0.22217088914584476,0.0006399730751178874,0.0009432574945586269
510: 0.9987592321651149,0.0023769782392549775,0.000806960158015721,0.21231969862078803,0.0003601221919729374,0.0007842889689585308
511: 0.9985079369740968,0.0021354763835676484,0.0013551870367112453,0.20552797689479946,0.0010084589604547806,0.0007086259066765713
512: 0.9989223663587642,0.0024178146681943366,0.0011896251794733573,0.1984696329107849,0.0006879016305417007,0.001008034946432003
513: 0.9984930462659745,0.0017776093777283068,0.0014051921913914443,0.19062499835700805,0.0007135439232583316,0.000745244363590179
514: 0.998740676265312,0.0026099783158703713,0.0010221075501448283,0.18484406316011723,0.0011711571180206752,0.0007864084014588251
515: 0.9987174795678964,0.0023554813743765814,0.0012711776458789222,0.1758986646589082,0.00020065792472344346,0.0004503392878485974
516: 0.9987233132629895,0.0024872123941611698,0.0011712084519110105,0.16970739489572303,0.0009009543824166273,0.0007046863066114898
517: 0.9985546088604902,0.0022989493255599906,0.001160364983077163,0.16358027285207954,0.0007992327831797585,0.0007900792990805992
518: 0.9985811235400106,0.00222688704572271,0.001239253933916553,0.1582271234613008,0.0004976986486785212,0.0006767004168137046
519: 0.9985180017567317,0.002607870167794842,0.0012949878996665403,0.15284968781348393,0.000513334949713178,0.00070110434562427
520: 0.998960480591471,0.001809980660399391,0.0011792070388630467,0.14759935805940172,0.00048823870836444647,0.0010223283358254396
521: 0.998587909580635,0.0024239594413157793,0.0008922128741595056,0.144415942234584,0.0005999986016923046,0.0007023731364982017
522: 0.9988257413637771,0.0024144485112944326,0.0012767391509492644,0.13788422952698345,0.001002090056635859,0.0004444698680265889
523: 0.9983978974531016,0.0022571896200054755,0.0012288925680545258,0.13376410601022787,0.0009568682698452243,0.0006586349979384239
524: 0.9984100167637843,0.002156623021506321,0.001087060186210877,0.1302762868882692,0.000542129324473607,0.0009041604007898482
525: 0.9988047698314872,0.0022963902413374133,0.0009991358397101215,0.12676983505494477,0.0007809211088112423,0.0008940598189754404
526: 0.9985016732435006,0.0025117708205104716,0.0012356160173485305,0.12248535327031229,0.000560419687015527,0.0008376871620521644
527: 0.998338842779593,0.0021779564106741106,0.0012833079154160002,0.1191920686914697,0.0007806194200838237,0.000865755890711697
528: 0.9986817445503371,0.0024967878984435473,0.0014012866564843051,0.11649610195184493,0.0005930160888090017,0.0009663219294816894
529: 0.9990396494511489,0.0024250872927732486,0.0010174182485753957,0.11271535695349123,0.0005823640986162711,0.0007156287213020032
530: 0.9986868304376184,0.0025353191128052455,0.0010573531219427125,0.10950160025532697,0.0006051127863224705,0.0009490485648305702
531: 0.9986500306688124,0.002483902998038144,0.0013720871830013364,0.10628943727164199,0.0006512033236653098,0.0007289657105050344
532: 0.998584891679633,0.002204899981297309,0.001137256505238218,0.10304808269366149,0.0006075815353305127,0.0006690406010040546
533: 0.9986334836008712,0.0021953863001265444,0.0011735099850848567,0.10022085691274751,0.0005943580127126976,0.0003950968646792328
534: 0.998769562909,0.0024850702529537016,0.0013618517793723367,0.0978851493112153,0.0008149043260946651,0.0010402924136144135
535: 0.9985095289585438,0.0022879687371996824,0.001151501111771925,0.09426864549838566,0.0005202900488178815,0.0004979278175857324
536: 0.9986072564428483,0.002290266960322328,0.0009989543057897332,0.09227947362402608,0.0009233754488911278,0.0008044071995607512
537: 0.9986944745483047,0.0024126652761636167,0.0012727567721800917,0.08990700317183871,0.00036243946305404085,0.0007607556329572563
538: 0.9987592025545614,0.0022823781038845683,0.001293355331810256,0.08735827054926405,0.0008175941506776149,0.0008654685773233392
539: 0.9986959711764328,0.0020922295056770976,0.001297060071698555,0.08503567831038009,0.0007673673518727313,0.0006221150173870319
540: 0.9988129283888317,0.002122061888726842,0.001190503290440727,0.08381898186971982,0.0008650797981457116,0.0007251292001561374
541: 0.9988876759901704,0.002166847116914543,0.0011552233179898353,0.08161455578386444,0.000788851527487153,0.0007530927388606215
542: 0.9986811303834129,0.002292380952791078,0.001074245104135647,0.07953174514649164,0.0008646561219312298,0.0010180529727488784
543: 0.9986207229855248,0.002286614726858298,0.0013119282047443061,0.07732307804274419,0.0007922406896252589,0.0008703702156240788
544: 0.9985893128672113,0.0021696134709593305,0.0012030408996705074,0.07551844354992633,0.0006496838960653795,0.0006477437434429351
545: 0.9987331482057048,0.002283734775394849,0.001048575636657069,0.07386084339890724,0.0007193722123433526,0.000711258204164496
546: 0.9986106359447677,0.002479559540090676,0.0014145423390623125,0.07231034485887147,0.0007407285096108547,0.0006140902797270936
547: 0.9986753042205749,0.002081261483158108,0.0013128726595532467,0.07033302550341948,0.0006388521634506577,0.000756371951806865
548: 0.9987338562005773,0.0018656608617799247,0.0012437162850256463,0.06971302436151733,0.0007854017609922588,0.0007294856613598071
549: 0.9987521962617972,0.002062526375942917,0.0013027693045520588,0.06840315853065179,0.0006719104121647363,0.0007781872679426085
550: 0.9987567063388516,0.0020577281322694953,0.00135224820670644,0.06654812133081915,0.0007047348518103199,0.0005553870516670097
551: 0.9986090343620513,0.0021314979221785393,0.0013305932877187788,0.06514067456154973,0.0006397019902844573,0.0006200869414693879
552: 0.9985242809828377,0.002203264060663956,0.0013184025415692428,0.0635780813800061,0.0006305470128218529,0.0008545953996518362
553: 0.99856359654916,0.0021545874065674485,0.0010336461836601806,0.0623562986440172,0.0007717868928811949,0.0011407002607596935
554: 0.9988480837190271,0.0022720477913506123,0.0012102356824301712,0.06094535433421246,0.0007900480811013173,0.0008905139565970708
555: 0.9987790589407902,0.002063291718171362,0.0011959130073382175,0.059676477124503906,0.0007755225118122918,0.000816625024458462
556: 0.9987832394281039,0.002226675290372229,0.001220864003470612,0.05875006446661305,0.0009298785953536854,0.0007222716505609478
557: 0.998649265754122,0.0021047733557207613,0.001216511742671392,0.05693521086674958,0.0007433926296484795,0.0008251932635813506
558: 0.998574355009424,0.0022248265769731004,0.00105005361730125,0.056190723313233076,0.0007178971809490798,0.0007070318840691377
559: 0.998781701647785,0.0022560703889332855,0.0012993430219275853,0.05482194449870628,0.0007256633812603423,0.0005182619949144976
560: 0.9985447367307109,0.0022674722932539016,0.0011269376380636045,0.05380350182528569,0.0007266650829815546,0.0008775068884937108
561: 0.9984488132754967,0.0022166328610881505,0.001227211935902954,0.0528014095712221,0.0008396549502499764,0.0007903438326713638
562: 0.9987672293458953,0.0021172046605295856,0.001254136504869744,0.051776714601710176,0.0007961199989218918,0.0008314243078808913
563: 0.9986320451311472,0.0021522225899602227,0.0011535231631931574,0.05066472909755244,0.0007880967721183361,0.0008592215027648511
564: 0.9984470180879538,0.0021016022048362805,0.0012810149686644518,0.04955232311370983,0.0007840933304200634,0.0008529221159846841
565: 0.9986207487241998,0.002167142758636237,0.001167435652383527,0.04872382880800001,0.0008277539386371492,0.0008361937260011685
566: 0.9984496147586087,0.002222643499778734,0.0013318315846732418,0.04762333545021737,0.000792376014692574,0.0007468768003225168
567: 0.9987028518489544,0.0022698484198932127,0.0012417937905533723,0.046915698386989786,0.0007572469304500217,0.0007932015465612964
568: 0.9985584987007681,0.0021563659764710684,0.0010652801016531278,0.045841049954265224,0.0005778642076382336,0.0007403173243442745
569: 0.998770987954576,0.002130561498262697,0.0012099517032693823,0.045282769391845584,0.000643903214998665,0.000754554432168045
570: 0.9986723463348853,0.002058128415511967,0.0012771037818578017,0.044586395807048505,0.0009349904235351677,0.0007499698097388704
571: 0.9987325422951256,0.0020753135065404026,0.0011408897931234415,0.044077941800417124,0.0008538674132571859,0.0009182274407930493
572: 0.9986789759840637,0.0022242749680630677,0.0011795349632667497,0.04321584936564958,0.0007097798786985077,0.0007235883012419253
573: 0.9988170806114948,0.002004178174452947,0.0013002323699954424,0.04207551447115425,0.0008494582709051398,0.0007376572582893169
574: 0.9987700643076705,0.002157601506396493,0.0012835429096857162,0.04155682870879557,0.0008458364176242468,0.0006579155866341442
575: 0.9985725208848509,0.0021219623096609733,0.001280700334585906,0.040552440184159703,0.0007253140822640254,0.0008212816523182484
576: 0.9987182358282982,0.0021666386847024174,0.0012460701716437087,0.039770738370421034,0.0008312810586959739,0.0007497849203104903
577: 0.9984334980602996,0.0021602594971917868,0.001286870128772707,0.03909861332385541,0.0007052414896836323,0.0006743661597722537
578: 0.9986900313258571,0.0021498286163298503,0.0013832499310307226,0.03836270069337052,0.0007178690554334328,0.000777885761269152
579: 0.9987172775076023,0.001977539710238557,0.0011316644468576072,0.03777132598048378,0.0008355330937988069,0.0008422462112966536
580: 0.9986913228725686,0.002197720058384263,0.0011900542866513431,0.03745529917590002,0.000792531488368424,0.0008432081181522622
581: 0.9985647090358579,0.001959403610803955,0.0012165561368502713,0.036572804634875125,0.0008195589108080746,0.0006971879466550539
582: 0.9986807742015463,0.0021594516887285704,0.0012029417487526399,0.03625395382958054,0.0008209944478926642,0.0007813612536870976
583: 0.9986833601150497,0.0019398113460763887,0.0012448517344175198,0.03554984379795689,0.0007908039449395234,0.0007755034739658385
584: 0.9986013953150753,0.0021761654984673224,0.0012606279824838452,0.035055530522600326,0.0009622281382458924,0.000720844219034521
585: 0.9987730889305828,0.002201176248263527,0.0012318561574377806,0.034222609288858355,0.0009137947526386093,0.000734344403675304
586: 0.998606978532367,0.0021632628733546577,0.001255645607696965,0.03374227422991544,0.0008613500240812272,0.000735814317310973
587: 0.9985995451239272,0.0021701838135659915,0.0011891152645488437,0.0331050637698189,0.0007199429936455967,0.0008367550480211398
588: 0.998561814156843,0.0020478558993689004,0.0012579517997672416,0.03249121980395556,0.0007570164819519269,0.0007391463359073503
589: 0.998786524646242,0.0021210285053651335,0.0011469978655718196,0.032143467946193494,0.0007424669449223615,0.0008347326824025215
590: 0.9986299809045968,0.002191033746012031,0.0013350632293331528,0.03151881914645783,0.0007311019500785233,0.0008319019884737649
591: 0.9986997549780516,0.00212711226769337,0.0012187620451047582,0.03095961723352444,0.0007824834517234014,0.0007634936086966888
592: 0.9987061833391054,0.0020544755921131762,0.0013092111304318233,0.03061948293725154,0.000802122578389809,0.0007694445781098073
593: 0.9986785899372832,0.0019624190298814332,0.001329417633709367,0.030229906034017175,0.0007932167124404857,0.0007410750102468678
594: 0.9986194266853418,0.0021389831457532507,0.0012683334291294682,0.029591518645529894,0.00095608153499216,0.0007615615126409488
595: 0.9986681236200539,0.002179674209256305,0.0013752813180497722,0.029056780907176172,0.0009278330333450885,0.0007946791196744409
596: 0.9986550870597344,0.0021227496461253864,0.001182517375615357,0.02869318301005428,0.0008556831775141893,0.000787732461633013
597: 0.9986292679800565,0.0020860635549429926,0.0012131598643720376,0.028291210613098697,0.0008283239846320928,0.0008006171538828024
598: 0.9987024023027993,0.002165817036908268,0.0011857947476415463,0.027974447611355303,0.0008477156837173342,0.0008073054071220134
599: 0.9986538431791141,0.002020091284694388,0.0013027499618475076,0.027408940314954142,0.0008237694618072102,0.0007287334566163288
600: 0.9986190912002932,0.00211476072161661,0.0012729474291551565,0.027308485061253208,0.0008243749167113096,0.0007466424733556856
601: 0.9986078177342281,0.0020605683674904765,0.0012627613325141775,0.026797713218172738,0.0008647985980106634,0.0007874363231670122
602: 0.9987121865429991,0.0021149215026748797,0.0012748589663283665,0.026355509014659325,0.0007773858442889731,0.0008074684144271279
603: 0.9986996818328543,0.001975306312825,0.001383747549224632,0.025968481302501317,0.0008370891488894106,0.0008152851292616
604: 0.9986774745844352,0.002161282211855234,0.0012985396874761943,0.02572434582324548,0.0008681650783772853,0.0007722132959626098
605: 0.9985236684063262,0.00215133256386967,0.0011939139689653181,0.025219252253414592,0.0008162671362242164,0.0008050874316659483
606: 0.9987133775119401,0.002117797729454515,0.0012504653588382125,0.02492996824506359,0.0007934237973334222,0.0008244453982183674
607: 0.9985946867493997,0.0020842898717660474,0.0013532862353774172,0.024493519221028746,0.0007895706091959856,0.0007961715920335616
608: 0.998688301016735,0.002048151777485619,0.001273828519910613,0.02432729435964729,0.0008036612732444561,0.0008472433580319533
609: 0.9986096173587032,0.0022320237747251274,0.0013678429521653144,0.023927626582867144,0.0008163217305307072,0.0007416681658972355
610: 0.998575671530442,0.002003918043252222,0.0012444059222404174,0.023374529486511246,0.0007481114084021043,0.0007304110851655559
611: 0.9985861048680454,0.002048240697159585,0.0012668020126361118,0.023449324187624708,0.0008480896101406347,0.0007457611897528352
612: 0.9986366911004307,0.002061010406147237,0.001312815779401281,0.02313723221639664,0.0008179424323510446,0.0007802432470300412
613: 0.998616277767049,0.0021553647855647117,0.0012537464464976334,0.022721257925840725,0.0007758748427147994,0.0007849202242947811
614: 0.9986452002579047,0.0020622530743470454,0.0012634720285850957,0.022281634830725632,0.0008857918839693533,0.0007058888762601799
615: 0.9986967015122143,0.002100307213039935,0.0013366667764333432,0.022185955656784384,0.0008990556746847631,0.0007497258682062398
616: 0.9986181498565204,0.0019917056034043147,0.0013042659706490023,0.02181068087549583,0.000838804886402217,0.0007651158230722098
617: 0.9986523883678734,0.0020716716800858715,0.0013279322468036556,0.021642021432389226,0.0008243704136723345,0.000765371221288531
618: 0.9986464850533325,0.002104695888219468,0.0013348832318551662,0.021439210101164834,0.0008062058068918135,0.0007837395445425623
619: 0.9986554366365012,0.0020068526817393893,0.0012747695274650816,0.021030496489594163,0.0008125546619054049,0.000756188926654648
620: 0.9986024939132999,0.0021465194432816336,0.0012981827816183357,0.02088297035897277,0.0007916153469383437,0.0008115472864578668
621: 0.9986425937528015,0.002072788668079236,0.001270246603185168,0.020454748429683645,0.0007479780663424937,0.0006550392681238228
622: 0.9986479488469299,0.002159523829188161,0.0013034750210746422,0.020388322176380303,0.0008462610802874108,0.0007765407172727379
623: 0.9986179790785477,0.0019959040544821997,0.0013221907119404578,0.020052725235478,0.0007886588008144941,0.000750767070894059
624: 0.9985877558493651,0.002046845655676983,0.0013451770126556213,0.01994903654408788,0.0008087885500230508,0.0007638077316048006
625: 0.9985961858556518,0.002046269646295218,0.0012213196970756511,0.01962956388752346,0.000845718562443207,0.0007533637840764618
626: 0.9986083843956907,0.0020243116656495828,0.0012848507551886882,0.0194634247514604,0.0008214177808311612,0.0007407713934449038
627: 0.9986794696560994,0.0020956877359659823,0.001245968168598146,0.0191977404927676,0.0008721048635161789,0.0008211589628048868
628: 0.998631244195065,0.002083026477096154,0.0012308877899633113,0.01895787717878689,0.0008806375518926073,0.00079426377876696
629: 0.9986744153066691,0.0020278194470638327,0.001281025865571302,0.01876190751308729,0.0008332994341140649,0.0007912065235391732
630: 0.9985808877959693,0.0020692683106086312,0.0012921168190366645,0.018493240094169174,0.0008305174030401493,0.0007943598792206177
631: 0.9985654257177542,0.0020855618130619126,0.001253536653739366,0.018258848176947624,0.0008287011507956276,0.0007826619567640482
632: 0.9985719936168093,0.002068425079888654,0.0012679507925687636,0.018036129905786066,0.0008846075313015274,0.0008076466764135491
633: 0.9986431431379319,0.0020132892791885587,0.0012805805678577746,0.01794868574361822,0.0008740804625802825,0.0008082909671598527
634: 0.9986256193356394,0.0020927521571110436,0.0013168819120419552,0.01765503642381345,0.0007841559432800061,0.0007844273776959676
635: 0.9985808606229231,0.002027355114003954,0.0012665952350530308,0.01748905602432344,0.0008527304129691204,0.0008037081597991454
636: 0.9986769962697415,0.0020956858120422775,0.001228295929767161,0.017246315301063176,0.0008282476146683097,0.0007852403090324047
637: 0.998648391527256,0.0021296806088100134,0.001309430662011789,0.017030811237747592,0.0007447708505864898,0.0008071215060168246
638: 0.9986247295926538,0.0020866658763769416,0.001231629570583942,0.016752503695430757,0.0008289774440716063,0.0007296446973401878
639: 0.9986737382145078,0.002079964879185535,0.0011740648778711792,0.016638076132799783,0.000792967052013766,0.0007961528906868004
640: 0.998622325562287,0.002090941472534848,0.0013196665723092067,0.01643809625427578,0.0008074012435650896,0.0007782300240566604
641: 0.9985480321188471,0.0020531334105063546,0.0012800243555943296,0.01617186508693874,0.0008372324489134415,0.0007356533468220845
642: 0.9985846335285271,0.002063859979754167,0.001298601898862083,0.016012401600321906,0.0007891035666953986,0.0007759517394321271
643: 0.9986056941816861,0.0020696023820254003,0.0012784044511784565,0.015731007836324622,0.0008449868244327205,0.0007048034090467783
644: 0.9986198614882364,0.0021069958642400987,0.0012952209418545752,0.015473380076605299,0.0008597070837351742,0.0007689370538618902
645: 0.9986603567393624,0.002026831657214953,0.0012180088341263134,0.015278835624019728,0.0007429805490694769,0.0007473626412353117
646: 0.9986035421456817,0.002112812238517083,0.0012204726088697513,0.015107902960070141,0.0008325510198954727,0.0007319663288948341
647: 0.9985934270353859,0.0021076996056984525,0.0012681502781490086,0.01484202996720667,0.0008224107477240312,0.0007861791519726105
648: 0.9985897498318571,0.0020137817557664074,0.00123077177971217,0.014630802248368801,0.000835483411454266,0.0008064219183723948
649: 0.9985659224937128,0.0020522122565624495,0.0012771939560871457,0.01452917094472849,0.0008761060878922422,0.000737064586619514
650: 0.9986118440193569,0.0020759791417979414,0.0012974355397972728,0.014288785768942823,0.0008254731317115159,0.0007740600268560912
651: 0.998618462973483,0.0020446089059704617,0.0012321144734171387,0.014059921120269192,0.0008505373793795391,0.0007565927174525021
652: 0.9985935652410816,0.002022258493658931,0.0012677117929923755,0.013780269493524289,0.0008619604140485729,0.0007066315350618486
653: 0.9986154495822946,0.002030803833719901,0.0012492604952821832,0.01351945202401443,0.0008271629227441175,0.0007755238174151412
654: 0.9985662440733674,0.002017565605450942,0.0012163398081571585,0.013255684653128865,0.0007973405126209407,0.0007501675565707646
655: 0.9985738207441833,0.0020378252791931027,0.0012314875386418215,0.012972743366283365,0.0007802516759778421,0.0007741889473617309
656: 0.9985493807819585,0.0020008284373061566,0.0012905884339553214,0.012706570550250977,0.0008514525804896049,0.0007906712521697091
657: 0.9985864998837615,0.001998720083550528,0.0012265540377140308,0.01257196938803965,0.000802021190754174,0.0007757671784073988
658: 0.9985896773095941,0.0020060601887197213,0.0012111056569321529,0.012389452519973788,0.0008518407770659353,0.0007776725305503739
659: 0.9985804325469314,0.0020532930839679475,0.001237452669079284,0.012221493451247538,0.0008540167446666673,0.0007798483612554468
660: 0.9986359792009506,0.002037418156175205,0.0012329144407081472,0.011968229159348483,0.0008338032589483742,0.0008049631701962625