1: 0.46138256697226687,0.34426809227630534,0.5487423316735631,-0.9043502752050465,0.14405207793207997 | 464.52
2: -0.23451192198278703,1.5199282901884263,0.09931834678054763,0.23066083622070255,0.8810740112742574 | 433.35
3: 1.048279607269092,0.5561007343373173,-0.0884670480248192,-0.07988765208876558,-0.25727007293423276 | 427.73
4: 0.19909678042329199,-0.3529270326537658,0.814102501889824,1.3477255153438037,1.0109305794745755 | 323.32
5: 0.07105518506070568,0.13502028960001,0.4252001090213212,0.5568675286618241,0.6067365971992603 | 323.32
6: 0.07977825536254085,0.6669397133632929,0.084314360218461,0.8433794101249279,-0.33431204037278084 | 405.96
7: 0.40328928839448225,-0.28713998116951256,0.44623847044407916,0.9049566617403381,0.05190658597854675 | 248.03
8: 0.8525408622067855,0.34758188820346386,1.171010995212881,0.23542566942068938,0.10678138085547023 | 464.52
9: 0.8965312645649501,0.19427493644200694,-0.061538046094955945,0.8853018355037183,0.742496031493994 | 468.77
10: -0.24024112874771364,0.20963612533185677,0.6151390907188844,0.6782936963796201,0.728715639930809 | 323.32
11: 0.6524895406388544,1.0144792477964175,0.4845132905975579,0.942542902890372,0.9193002950294611 | 473.09
12: 1.0399691821272594,0.35727354882977147,-0.049295920482090194,0.9164618505891686,0.3429538502445644 | 468.77
13: 0.7262794634040297,0.7329841978035794,0.39927479788347264,1.1344784994249861,1.1380040313325512 | 473.09
14: 0.017177889290576842,0.5971452608208162,1.0764113395992039,0.27957375627843084,0.80983152856684 | 490.7
15: 0.13784743631060903,1.3521268461787064,0.42423642457590394,1.4744793854925136,0.11777825630752403 | 405.96
16: 0.9849097934588701,-0.30893071583537834,0.38149959926949106,0.3140290865620208,0.898178090409776 | 335.55
17: 0.48181994761599545,0.5656389381114787,0.573755095581668,1.2935231858969711,0.934920062131475 | 473.09
18: 1.0521174899999401,0.6768301577959253,0.8146325593492707,0.8609062416813222,1.0943617964177388 | 473.09
19: 0.45579087869180446,-0.012328256993374143,-0.5040867497917507,0.7090308216946406,0.13315224485777305 | 468.77
20: -0.11194305777114866,0.09390916603460853,0.27364320276009985,0.5699502479400135,0.4844576951132458 | 323.32
21: 0.3931327879984801,0.45168059305354974,0.08906722634834102,-0.0013000114424852605,0.9097086198940149 | 463.05
22: 0.1972056109590143,0.6521797593004346,0.5015120704578807,-0.022212035423474275,0.6373206705886554 | 490.7
23: 0.5059914581518943,0.05312110446864543,0.3953881575076563,0.5274984530705905,0.22761836629198418 | 248.03
24: 0.7714015311870906,0.6849849056526242,-0.8173339311723555,0.8926332544230094,0.6077941882832287 | 473.09
25: 0.5749518791578718,-0.05585676750059532,1.2436097190648443,-0.24129329439363179,0.7720663146882356 | 331.43
26: 0.9065495345360632,-0.035815048151218165,0.5947741574323651,0.8046505445249308,0.8348725102757111 | 335.55
27: 1.1946067374217062,0.47578095681415333,0.2187343601720939,0.8307022497208489,0.060013108995729425 | 465.74
28: 1.0014174718058475,0.05969032067402413,0.5652093837289517,0.0898363920921697,1.1453458982626747 | 335.55
29: 1.1027615251207008,-0.024367568815165552,0.3504162281953549,0.6642552643091426,1.46325160550929 | 335.55
30: 1.2490650696520254,0.5758416669099524,0.7096290122152505,0.28962459777302263,0.320404750762881 | 464.52
31: 0.8383202259177656,0.019766177465357193,0.5359910929023777,0.4203941667718104,-0.1444033969520594 | 428.73
32: 0.3173573970497141,0.5556069223159535,0.3410896481136817,1.010186906928967,1.0979315240554375 | 473.09
33: 0.5686167044330851,0.5322878682400864,0.8653158335320874,0.6683838854040218,0.07284803428113656 | 486.52
34: 0.22929869420201454,0.837110426755326,0.8219274290489404,0.2868234626632952,0.15295902366679226 | 503.06
35: -0.2217671513789895,0.18845812272006063,0.3811939802926327,0.4510669526337897,0.43225735969700274 | 323.32
36: 0.4229217991928236,0.6714714738466094,0.20697848137695168,0.03890727347831702,0.4393703906733836 | 472.17
37: 0.02189587377147545,0.210426940472284,0.2554030888832416,0.14905312245804603,0.5015024454241882 | 490.7
38: 0.2423604815925624,-0.08004690913388868,1.3646919810286802,0.4921805743834299,0.45171920981506514 | 341.98
39: 1.3831574828717392,0.6199342885377317,0.20908201823941813,-0.07294729032699743,0.28867769786384667 | 427.73
40: 0.3768371602727234,0.6272430962640771,0.0633738230988341,0.6400437434055384,-0.0006161320032040951 | 405.96
41: 0.2885484184714988,0.19728487500441705,0.7189002923308315,0.08451732014941005,0.7759014254447862 | 331.43
42: 0.7795738160778781,0.5288103370053382,1.0227117979295433,0.4084286792604706,0.5076404988030528 | 464.52
43: 0.7092476172462291,0.6667676273633767,0.0841726219297626,1.1160873301603145,-0.09090601386127306 | 465.74
44: 0.3717622305269078,0.92788821526822,0.6803269919874306,0.18733474282132717,0.40003979987151317 | 503.06
45: 0.6791624234753513,0.7507790295858772,0.09994712558392227,0.7250148138347654,0.3786062283822482 | 473.09
46: 0.3391287321331158,0.5327968644664052,0.011817951258495385,0.48285181867383165,0.5140570771029555 | 473.09
47: 0.4400171661534893,0.3252097278410507,0.4493662447072181,0.6464824095707081,0.9256124470519775 | 473.09
48: 0.6412203830263865,0.43019966370515816,0.3679338770573484,0.7456898530732317,1.1933731002158647 | 473.09
49: 1.0252482730484664,0.5231294133721464,0.9525694313832231,-0.004904090383243909,0.9565047045531598 | 331.43
50: 0.7043968505812398,0.7563642437565534,0.4747093441478805,0.8167612554785364,0.39618933209448115 | 473.09
51: 0.17441695134079416,0.9192898188566896,0.17775472833889405,0.46454444559469693,0.8305017559656478 | 433.35
52: 0.9056765072823751,0.23408132031650397,0.8763815131333255,0.3265549795511351,0.6158475478555052 | 331.43
53: 0.6724373661316818,0.47405580728104024,-0.07313758754572797,0.5738896813613292,1.067545926639082 | 468.77
54: 0.7605559482552712,1.0112392331979012,0.4550410413205963,0.44825644105198664,0.6452885613756234 | 472.17
55: -0.12703909938799351,0.8337637983519622,0.3546407979653794,0.4520704984490185,0.7330322005395898 | 433.35
56: 0.18402539115092725,0.017753508430082388,0.7448918041859198,-0.2881170655197016,0.023611088809809333 | 496.62
57: 0.5818082056617446,1.0713925464010878,0.29847303922850277,0.7474744181160136,0.4196239012094387 | 473.09
58: 0.612188120678633,-0.3450021107313318,0.291699021469928,0.5910022112450665,0.3028845064786063 | 468.77
59: 0.3924142205265406,0.8402112814095957,0.97639906050667,0.3807810067943373,0.6252405207762439 | 503.06
60: 0.5340452724149735,0.2351071551005253,0.621722276735345,0.7145750106813238,0.6987261606160782 | 323.32
61: 0.6384980500026703,0.32042518415868126,0.4293253550495575,0.2247010614491638,0.8923935407033656 | 335.55
62: 0.693986492279008,0.8696483506420687,0.9052294268643297,0.5010203976941878,1.030872770885567 | 473.09
63: 0.7592972638854592,0.26132242174544795,0.49100271896443537,0.480019233047663,0.4436599920320367 | 335.55
64: 0.26427368209688384,0.06412370411495916,0.6364738334656868,0.26926537599599565,0.1346093166299438 | 341.98
65: 0.9242786821086684,0.3390921233373853,-0.12355556804879408,0.4101142171432266,0.162521531111619 | 465.74
66: -0.10744180185072005,0.6007069138538756,0.22187758411073727,0.42520207749670524,0.5374988421281558 | 433.35
67: -0.3353098411336576,0.5574527854199132,0.49839956194117635,0.8682558028405283,0.8070088229411889 | 473.09
68: 0.910220001889127,0.5829139334269142,-0.001138717476738993,0.346134395156637,0.006356688745836614 | 427.73
69: -0.1609835427461157,0.8629942321099162,0.8657074826027701,0.33047928805345506,0.5301509750071126 | 490.7
70: 0.4021715290595393,0.06461048688205223,0.49025465199860835,0.29093348880309366,0.2758286353459286 | 341.98
71: 0.6806414759381483,0.63810892799969,0.2939926452344292,0.8160468034654145,0.4289547843726192 | 473.09
72: 0.591673852563487,0.6117949292629737,0.24937266243284473,0.6737582204622804,0.4834969559093952 | 473.09
73: 0.317975276728802,0.5342382955831332,0.4549153348957645,0.5213012734955773,0.6940851462271223 | 473.09
74: 0.21320186241765288,0.40742775279327076,0.6121015132083966,0.19636067298077658,1.084246589380276 | 490.7
75: 0.6405131549371345,0.5321225621861931,0.44731856495995176,0.5908585671771668,0.5576352317444561 | 473.09
76: 0.5980309567977431,0.7708901890787008,0.19700995930018828,0.4753579649294447,0.6986146377487229 | 473.09
77: 0.7036436934858075,0.25726061553919577,0.4083709342093307,0.582160487734462,0.5197394757896551 | 468.77
78: 0.78846717071686,0.5229649943724074,0.41388716986070334,0.701657651149528,0.31592868486009584 | 465.74
79: 0.2203985853879395,0.27086674057317883,0.41755168039889123,0.29274272925335276,0.8268083081676175 | 453.37
80: 0.8998970198642406,0.6540513436051941,0.6461311043232111,0.33528081042813335,0.19829424672030294 | 464.52
81: 0.16568122046723965,0.5651496245965657,0.5851328463178564,0.2707621439078933,0.6985534663055938 | 490.7
82: 1.0446161023971925,0.7046110618174095,0.5385397460951803,0.5012784321852645,0.3020525020810553 | 465.74
83: 0.383126081594787,0.23402227528153818,0.874396507159062,0.5565732514251429,0.457787983679767 | 341.98
84: 0.23449502260106242,0.6089774333982879,0.6284758895755521,0.2189082900999416,0.9974882814826271 | 453.37
85: 0.11802221652751693,0.5138800369551992,0.03846012765948387,0.6817722701245881,0.42805715709538383 | 473.09
86: 0.41759449185564534,0.9025369463389914,0.5457647287809096,0.7201942944709534,0.973423087052214 | 473.09
87: 0.17181010772328137,0.8398794510716573,0.2592466024622282,0.612480098667036,0.43597619767224405 | 473.09
88: 0.6411141556399251,0.6164214248583368,0.3820203339150759,0.29029185339399843,0.6141737270984272 | 472.17
89: 0.5313137458592341,0.5142549941124774,0.31716944627431115,0.6291713266967641,0.2971131771227017 | 473.09
90: 0.2778025204147138,0.45522052286217785,0.6578635059073805,0.6969764096470483,0.23420242010949505 | 486.52
91: 0.4456300409321639,0.8778678670073442,0.5705005923303136,0.3133651459879038,0.5952713631821029 | 472.17
92: 0.6843970318460151,0.3627643008668191,0.33741485803179283,0.6750623491710066,0.3588059222550656 | 465.74
93: 0.7891046551339074,0.7848462839293805,0.6080395028561794,0.3728787933391906,0.8948929540576949 | 473.09
94: 0.6769517979886561,1.0383571440764212,0.841113786411889,0.27506905455716035,0.5914060680391585 | 472.17
95: 0.643913315788127,0.7213007127185275,0.5022013169488216,-0.012163451227253763,0.6225305504470547 | 472.17
96: 0.7472195371456916,0.7249283204017666,0.7031001434756552,0.1659356629378703,0.5414895836092967 | 464.52
97: 0.7854755214511344,1.0135551492011408,0.44934116576450267,0.20719337180975256,0.925123611717737 | 472.17
98: 0.5995536010259608,0.8472984941848013,0.5412564417214234,0.296884053946347,0.9686304207574351 | 472.17
99: 0.7847423568943561,0.7764639244029767,0.9619597697671893,0.16622411326042716,0.9793024965517128 | 464.52
100: 0.9707845368899521,0.7297174218649185,0.8222095606870947,0.5934171523950279,0.4415964567529186 | 486.52
101: 0.45507079917151894,0.6948964981109125,0.7515969876086362,0.30308663356832466,0.7133024015531746 | 490.7
102: 0.4825567102727657,0.5283274777086436,0.9527580011190855,0.6004143948684557,0.8404615120294826 | 453.37
103: 0.7482179374279349,0.5020305803505938,0.5402347365732411,0.30170404908762455,0.7177669500772653 | 473.09
104: 0.2822408577832457,0.6631376909353205,0.6149939247395353,0.5951014746769683,0.8328751923997674 | 473.09
105: 0.9144055707421179,0.8884916692839174,0.6939374561396529,0.7399536854240514,0.5962812416197699 | 473.09
106: 0.7022886665653809,0.6382013855889651,0.6163242909205335,0.3920506554690517,0.6341788000731061 | 473.09
107: 0.557786719425343,0.7134455256829696,0.6880083366835212,0.5327097560471368,0.2388933336517915 | 486.52
108: 0.5204289014521496,0.49375306728795026,0.6645030978990327,0.5059863323683823,0.3678655027661332 | 486.52
109: 0.34711079662829514,0.5727117665710562,1.0492226382930208,0.164675226316905,0.4253430649979981 | 503.06
110: 0.4804397785415426,0.86666569765086,0.5879374881011372,0.7622906258847902,0.913881133230732 | 473.09
111: 0.37464683440098046,0.5818262383728804,0.35496912681710036,0.6726332597823375,0.6609404884803727 | 473.09
112: 0.5089736370160479,0.8034007035712518,0.5279142993053652,0.48446519833719176,0.44144303631445464 | 473.09
113: 0.8606716464609884,0.6576472993970185,0.5673616751463899,0.5401016061255359,0.7366704425626722 | 473.09
114: 0.5153501512670213,0.6533679035829452,0.43682761189389474,0.4235060383258983,0.655206090848137 | 473.09
115: 0.36014901615936906,0.4372033048944284,0.5605047121103056,0.38587915373480985,0.5017594349361305 | 473.09
116: 0.2437370640040395,0.5672786171089278,0.6812264672447608,0.4845873950855841,0.4096141419023067 | 503.06
117: 0.45433395260787546,0.4251144940351562,0.570216062530498,0.49318408494223487,0.502611031397965 | 473.09
118: 0.7022472612211296,0.7397671872600731,0.6499120413784347,0.4243285466185451,0.5504283590253121 | 473.09
119: 0.6407200821624957,0.6695570579248228,0.5664285536482241,0.6697630476446801,0.6955602765056861 | 473.09
120: 0.37832267874896286,0.30945158873101686,0.5603504048974691,0.4706012956541723,0.3252220525157302 | 486.52
121: 0.39932702480786925,0.5223857127487924,0.8262601359479931,0.6334778536249337,0.5123282364086881 | 486.52
122: 0.5929852292538341,0.16900360917756496,0.6541066200561018,0.3447319025812122,0.38918264118100776 | 446.89
123: 0.5713786484491462,0.630882897559613,0.43606123873815683,0.8212229922982348,0.46610050579206846 | 473.09
124: 0.34769081464832113,0.47887618060069287,0.6030064438355747,0.4782649874014475,0.445691727942543 | 473.09
125: 0.15463980960486162,0.5596973931642671,0.41295805364379823,0.5548385639412382,0.733408324748942 | 473.09
126: 0.6513038748261563,0.6645368573269135,0.5179589558450522,0.5506190212331032,0.7653253075706256 | 473.09
127: 0.45276807723282475,0.31909952808149794,0.6012493180106111,0.5863117613682359,0.5943415992217386 | 446.89
128: 0.3677641968617806,0.43971109945021325,0.47385900806253645,0.4132681255378081,0.3963932868348735 | 473.09
129: 0.6583642120182401,0.5577242322533381,0.5447847323831922,0.5219908296033914,0.3762070148465063 | 473.09
130: 0.5916706301049447,0.41893044405518914,0.7081277686698959,0.7558673107451006,0.4677979096623913 | 446.89
131: 0.534248055776294,0.4953281989771109,0.5586368336307704,0.3449362976320239,0.5954781022174934 | 473.09
132: 0.6977199703635327,0.33677935932791225,0.4648719812772136,0.6805062297836563,0.6949839145197096 | 473.09
133: 0.7356635581917854,0.5128076131529771,0.8625612392903824,0.5947128922832678,0.6870218060272919 | 446.89
134: 0.3141679240284594,0.6865139512374254,0.718888938405423,0.6815637826271668,0.7316483039524077 | 473.09
135: 0.5255451289151206,0.535931771716691,0.7761923506721076,0.5612882879972743,0.269686304298694 | 486.52
136: 0.5455277398955316,0.5437798355596504,0.4436561502537979,0.6436985421629047,0.4860212322668283 | 473.09
137: 0.7555608027342718,0.6079924161418839,0.7488108901179554,0.47003382741362737,0.3602484941668834 | 486.52
138: 0.6748002793461993,0.6846803173118734,0.3454769720893655,0.6709093422763786,0.5554376245804076 | 473.09
139: 0.2636479291617292,0.3203267663524675,0.46832774476280714,0.4116441919496794,0.41172947145048744 | 473.09
140: 0.508365981893405,0.542976574322126,0.4263510274981548,0.5850720749383087,0.5171049684574631 | 473.09
141: 0.433636226031769,0.4190412523670233,0.47555393894178505,0.4203687175341292,0.5761513509081492 | 473.09
142: 0.37912211935217355,0.5764018211025398,0.5412230157827731,0.7127383887050234,0.5121855672767651 | 473.09
143: 0.5119571161215003,0.4288940158229531,0.4884726654852923,0.2814678903349692,0.4843094441850536 | 446.89
144: 0.7200759503234737,0.4737888716863221,0.4731975588678001,0.5212041594867086,0.8867988338159255 | 473.09
145: 0.520514600091865,0.950249653891981,0.5568012251060451,0.3529412916874326,0.615936281421445 | 472.17
146: 0.5123379933256994,0.40213684401030914,0.4883594282095406,0.4313191038987749,0.47987292027548956 | 446.89
147: 0.4910041441504593,0.563580280022969,0.5035661245850351,0.5148511095692688,0.48819635433179936 | 473.09
148: 0.39178893433555684,0.5181131193206762,0.5589455163614947,0.6176397781111435,0.44513607795787513 | 473.09
149: 0.736305271169387,0.7355245231956669,0.4477121702228515,0.5184121414631182,0.6765420177556427 | 473.09
150: 0.7053032619880419,0.502375788504412,0.5424074692482573,0.44876459555220394,0.6887835924655978 | 473.09
151: 0.31070415060693096,0.4411703135757813,0.44905776775773987,0.4515525327503625,0.6939859997949609 | 453.37
152: 0.6253038291271513,0.3982028417220219,0.39353648641792505,0.45541333209367835,0.5735766475982759 | 473.09
153: 0.633488546766541,0.5618241917634161,0.4283177110406904,0.4752542175918589,0.7599127936228612 | 473.09
154: 0.6838287172960215,0.6336910406876219,0.3742308339479376,0.32241596802069683,0.44840182873558115 | 472.17
155: 0.5940419888070032,0.4945295573098037,0.6505928595344556,0.7369650398265961,0.5161620992995647 | 473.09
156: 0.5629121401290474,0.49391718424655245,0.43963545605721144,0.30233144408638846,0.35049702714567693 | 473.09
157: 0.3531340087442939,0.47878185179097554,0.4523977998362151,0.6932543141309293,0.2956772861981947 | 473.09
158: 0.5550501502386813,0.6598746832826206,0.13691790275671778,0.5139857473023454,0.535780681163106 | 473.09
159: 0.5335179472108993,0.37054586063838363,0.39352968895666335,0.5700030051904841,0.5899783051719247 | 473.09
160: 0.44851252625985266,0.4751076980355147,0.26842073791741805,0.3712895045091408,0.5362870910840802 | 473.09
161: 0.4921086003504212,0.35951342669415737,0.4451929094503764,0.6802403559662684,0.5332108306851905 | 473.09
162: 0.5590212729485176,0.5374068593256659,0.5662429715532952,0.4251857888335,0.30692981420991816 | 486.52
163: 0.6853034333100115,0.37979925462299624,0.4522506359252505,0.45775716530716415,0.3047098776003771 | 446.89
164: 0.43415138841100714,0.6624767227279726,0.39442305165676994,0.5436122079470315,0.605114976633412 | 473.09
165: 0.5303900949590417,0.5784467039148323,0.5554701529317059,0.4626782669155626,0.6609897415799274 | 473.09
166: 0.5649497376681745,0.5121470967619699,0.6108052560192974,0.5412790290810621,0.6278595398177234 | 473.09
167: 0.43282494654535414,0.3605289600915932,0.668060307006508,0.4444358376525965,0.46730908671047366 | 446.89
168: 0.3758430819614188,0.6246618619250455,0.4614994552505356,0.4646911495886999,0.40014878175617563 | 473.09
169: 0.6912497763458672,0.4954514984303578,0.546418045044728,0.41878193063470287,0.6441494662727657 | 446.89
170: 0.5184864849035122,0.48987969817825927,0.5116753202561793,0.42373570397578775,0.6232767305968264 | 473.09
171: 0.44445044066795425,0.5684207819122081,0.5510239818923851,0.3030465745637976,0.5890996290049167 | 473.09
172: 0.7070234599075738,0.5226150343980462,0.5175587174347179,0.5781216738665168,0.400729507212668 | 473.09
173: 0.45053632056133674,0.6542549889875254,0.41606558501826596,0.45902449173807197,0.4157976590220857 | 473.09
174: 0.5688420024733895,0.6328175191493159,0.4533009468138928,0.2604488373634758,0.5715183574502875 | 472.17
175: 0.5818347026278211,0.5810928822777136,0.604202177923193,0.5270507242055813,0.5296127297298938 | 473.09
176: 0.5438547017218116,0.6598703257423256,0.4945515396138219,0.45842608461620116,0.4218276704904281 | 473.09
177: 0.4372902034461157,0.6090051259356093,0.4967811199655301,0.3194928183030252,0.5394068868809466 | 473.09
178: 0.5434537233132675,0.6244110613783732,0.44008784519270144,0.5545374286291855,0.5421801353457603 | 473.09
179: 0.5060775856930506,0.4839949731832382,0.45709592418022715,0.3693218682201341,0.5532566355455331 | 473.09
180: 0.3889617698264759,0.3718973517181715,0.5352541396388206,0.5391814837285115,0.6012938576321303 | 473.09
181: 0.5656583944676962,0.6598095474257232,0.4971205552843747,0.34711395047019244,0.5231648343826177 | 473.09
182: 0.5830770923753014,0.5636087097812801,0.653494672396198,0.5432355853850857,0.4602031778184274 | 473.09
183: 0.559657377260202,0.515930128836644,0.4957421772222563,0.3969526247081411,0.4526086843279327 | 473.09
184: 0.5375115878173852,0.6232388994249909,0.430853114936718,0.46135231674454064,0.3578154519963834 | 473.09
185: 0.6035094763582743,0.6317750568762759,0.4196971664351394,0.5181029536031752,0.5800236170164351 | 473.09
186: 0.523223931469001,0.6051934285293223,0.5122024625919939,0.3976309848552925,0.4917829815761848 | 473.09
187: 0.5917888066309689,0.5222084879019997,0.4735284981281481,0.44688992073109135,0.4936809677809137 | 473.09
188: 0.47865816324083205,0.4902821662491534,0.3194024705004319,0.493355250907819,0.5202105099412611 | 473.09
189: 0.5435546833724665,0.5052666129164828,0.45775864273492894,0.3951111248664452,0.5532899769552502 | 473.09
190: 0.5730049431077835,0.5683539456896436,0.5407459214479934,0.5231147529005031,0.4341088782519058 | 473.09
191: 0.4604797925679568,0.5968957812530966,0.5768188217164296,0.4340358948003365,0.5697844860408277 | 473.09
192: 0.5366269691255302,0.5384685445790034,0.530434762754151,0.3484805629758244,0.5415205545867979 | 473.09
193: 0.38555443885205865,0.5149970918982203,0.41299662086040795,0.5687006642573202,0.6141739703472449 | 473.09
194: 0.4032331382327514,0.510848258816802,0.46206697466882496,0.4649002339066485,0.5184464643595399 | 473.09
195: 0.44493062115727383,0.6766358449755285,0.6269601501731853,0.47510166743344806,0.5228845080492405 | 473.09
196: 0.5978205059182579,0.5905947724871097,0.4858686090928202,0.5701149092190797,0.40239696644567957 | 473.09
197: 0.6212793600083569,0.5444116909232306,0.5859727783057936,0.502405819672314,0.46230338644192187 | 473.09
198: 0.6054099964588603,0.5390587689910415,0.4173832702901574,0.4575869926268032,0.538984269734288 | 473.09
199: 0.45756291965918944,0.39180380473712273,0.5529430158404335,0.4777021841319993,0.5430889807649697 | 473.09
200: 0.5418339218353518,0.4694587165028616,0.5218064924751176,0.4853497572991057,0.5758305852703155 | 473.09
201: 0.5196207555193723,0.5054815411527864,0.5160869709539366,0.40525560557987583,0.45494398556224724 | 473.09
202: 0.5542851011657034,0.46949530977242415,0.5258439590065093,0.4644171031105971,0.5607397106337747 | 473.09
203: 0.5386656917868621,0.5583676123835942,0.4453811649466832,0.4845551614628701,0.6655835516442381 | 473.09
204: 0.5089074206887676,0.5846920853113012,0.5912973701831699,0.48839939643982755,0.6888560733753686 | 473.09
205: 0.48405056935655905,0.7081778392548038,0.4734830830277398,0.5858429979299296,0.5432882604263892 | 473.09
206: 0.6172786623525548,0.6491889151741653,0.4772846724403141,0.6093005816030201,0.6549833680455066 | 473.09
207: 0.48728849484476544,0.560994736880071,0.5490578896645838,0.4547716845646759,0.43370747078505156 | 473.09
208: 0.49228494256345934,0.548590805170008,0.5965780296358116,0.4612878424772619,0.5571546479482197 | 473.09
209: 0.5618194177305644,0.46061586459707066,0.45345184294684704,0.4184446743889515,0.5489586984484873 | 473.09
210: 0.48232955961489027,0.516075093717053,0.46390950380238993,0.5063003563817737,0.49100340875171516 | 473.09
211: 0.6535625943286177,0.5625753442981786,0.45815499575556917,0.4321691405281335,0.5657843296481664 | 473.09
212: 0.49861504203683876,0.6651466200634922,0.4895470942262803,0.4389492270432608,0.5905915567538813 | 473.09
213: 0.4856694462765413,0.5550019969929287,0.4491016929738808,0.5636880798588045,0.6894621281889463 | 473.09
214: 0.4658282903805535,0.5559344665514733,0.5353052128486329,0.5547456333916794,0.5031396109186491 | 473.09
215: 0.588267428812783,0.6153962460058238,0.5841881037259739,0.47889796182733435,0.5763551269947418 | 473.09
216: 0.6649365378606666,0.5869038899002309,0.6113599071834517,0.4601755843106684,0.42966798921063126 | 446.89
217: 0.5129395811677535,0.5603029370330396,0.5130826119142605,0.49959117380826484,0.6173106358636653 | 473.09
218: 0.6574484205249531,0.5123800405923706,0.45812774194487377,0.5363274684227568,0.5860261919809819 | 473.09
219: 0.43107128403630046,0.5568417718983114,0.5029544022181729,0.4365868918980918,0.5581939351256816 | 473.09
220: 0.603369107129328,0.60782893162996,0.5749500105216623,0.44520412741152376,0.5501083032587466 | 473.09
221: 0.4900404700610533,0.6138329732558615,0.5285772323827551,0.5728885905891993,0.48695172227257355 | 473.09
222: 0.49740956443877843,0.49536852344938936,0.47120449984423196,0.4631102632749158,0.5947497906394748 | 473.09
223: 0.4974696520085749,0.5285086379736016,0.523565039051242,0.5869951073418018,0.5606747150374346 | 473.09
224: 0.5495902057911818,0.6248345719600422,0.509904553794925,0.49156968360955544,0.4833802015840334 | 473.09
225: 0.5268827178842616,0.5799983174089928,0.4929460588761352,0.49184511674967074,0.5195610941391384 | 473.09
226: 0.5212446153692112,0.6840961429766373,0.5347278451186616,0.5193619805738254,0.5010162228780333 | 473.09
227: 0.4631197506356259,0.6037187681961004,0.4844281381551198,0.5513944518258267,0.502460051824044 | 473.09
228: 0.43452896773287003,0.602468387249415,0.47168454232102147,0.5515814347290104,0.47038181328702183 | 473.09
229: 0.5375293480886355,0.6256063423283285,0.4336514896167122,0.47988690572248616,0.5367947600826483 | 473.09
230: 0.5115818577891952,0.5127197426268334,0.4377658149332107,0.4957206798950767,0.532485710665032 | 473.09
231: 0.537431642317458,0.5328705515504065,0.5089759320304791,0.4216272781915359,0.4870115053266624 | 473.09
232: 0.47561501280963203,0.613080536686477,0.4801790580896115,0.5594133445642193,0.45567912156633456 | 473.09
233: 0.5320389031320982,0.6753062981402644,0.4483686968149656,0.42528076278505894,0.6313012971561571 | 473.09
234: 0.5817681018260553,0.621621530626216,0.5078840831047424,0.5015133466384029,0.6380206336558127 | 473.09
235: 0.5059064019966519,0.5864688945400983,0.560225137125912,0.5143846137506417,0.6448077882267078 | 473.09
236: 0.4916929683590451,0.6163371743988537,0.5310897194518809,0.5254219502885333,0.5884659661343007 | 473.09
237: 0.527081561036681,0.5548421273650399,0.5162049900525822,0.38011538857303,0.5069022712124356 | 473.09
238: 0.5686368059060832,0.578502356800041,0.47178851831412766,0.5446610531523953,0.5630451217915506 | 473.09
239: 0.5477799303330176,0.5018848495937087,0.5697913919325278,0.4862354755686766,0.49226213110305383 | 473.09
240: 0.5761420002145091,0.5016610320996222,0.5069611877359023,0.5708638935404357,0.4543885531932863 | 473.09
241: 0.5321944221010271,0.5434731336638767,0.4941273197908588,0.47296443269731514,0.51714401016167 | 473.09
242: 0.5088782169662055,0.6352840369976732,0.5299748124086727,0.49292502157304985,0.5479332815369591 | 473.09
243: 0.43229997560932615,0.6231214803805878,0.5367875524145082,0.5166798640291604,0.5306129197844663 | 473.09
244: 0.5700350053932567,0.6083564506634684,0.38994458934386883,0.5562166434989029,0.5471620438127673 | 473.09
245: 0.5850894104589882,0.6121541663825896,0.46766072780460705,0.5507216609356712,0.5019369931468217 | 473.09
246: 0.551834453202533,0.6481724746674241,0.47584142927519696,0.4635578406952759,0.5543806518929763 | 473.09
247: 0.4821848927570585,0.6237637081069041,0.5337980457465046,0.5763559299699045,0.6040391264769291 | 473.09
248: 0.5425173388879354,0.6895593639347204,0.4915219212468741,0.5728616544487733,0.5182812226555576 | 473.09
249: 0.5752601376876697,0.5360077288412113,0.5211839498727259,0.513109117951578,0.5635729325881929 | 473.09
250: 0.48152800162072085,0.6390061591920587,0.4922882024538903,0.42900368926360777,0.595572926131617 | 473.09
251: 0.49960126432260477,0.6537103736042862,0.509219669215229,0.5091150343703357,0.5854312605976526 | 473.09
252: 0.5230178236961365,0.6025722026824951,0.4989060163497925,0.5164552330970764,0.5420567989349365 | 473.09
253: 0.527934193611145,0.5970270037651062,0.4950966536998749,0.506446123123169,0.5369580388069153 | 473.09
254: 0.522541344165802,0.6064258217811584,0.511458158493042,0.525214672088623,0.5501059889793396 | 473.09
255: 0.518882691860199,0.6131312251091003,0.5216134190559387,0.5354786515235901,0.5580615997314453 | 473.09
256: 0.5224305987358093,0.6204186677932739,0.5179288983345032,0.5279980897903442,0.5515483021736145 | 473.09
257: 0.5224345326423645,0.615952730178833,0.5091547966003418,0.5201608538627625,0.5454704165458679 | 473.09
258: 0.5220419764518738,0.6130574941635132,0.5052459836006165,0.5158845782279968,0.5445058345794678 | 473.09
259: 0.5118371844291687,0.6153842210769653,0.509478747844696,0.5223448872566223,0.5447512269020081 | 473.09
260: 0.48965129256248474,0.617952287197113,0.5262484550476074,0.5518852472305298,0.5576752424240112 | 473.09
261: 0.48311662673950195,0.6130731701850891,0.5289818048477173,0.5636981725692749,0.5593485236167908 | 473.09
262: 0.48603981733322144,0.6217133402824402,0.5277137756347656,0.5639933943748474,0.5587024092674255 | 473.09
263: 0.49252429604530334,0.657424807548523,0.5201465487480164,0.5679967403411865,0.5658152103424072 | 473.09
264: 0.5087780356407166,0.6551458239555359,0.503741979598999,0.5484887361526489,0.5535966753959656 | 473.09
265: 0.5087146162986755,0.649131178855896,0.5050265789031982,0.5529053211212158,0.5577152371406555 | 473.09
266: 0.5054184794425964,0.618570864200592,0.5096944570541382,0.5495871305465698,0.5526970624923706 | 473.09
267: 0.503290057182312,0.5932645797729492,0.5117244720458984,0.5459854006767273,0.5495421290397644 | 473.09
268: 0.5023886561393738,0.5887619256973267,0.5172418355941772,0.5468421578407288,0.5494992136955261 | 473.09
269: 0.5051185488700867,0.5922497510910034,0.5170059204101562,0.5453974008560181,0.5483732223510742 | 473.09
270: 0.5054689645767212,0.59626704454422,0.5174804925918579,0.5458818078041077,0.5478205680847168 | 473.09
271: 0.5019615292549133,0.6056143641471863,0.5230370163917542,0.5552619695663452,0.5530247688293457 | 473.09
272: 0.5092095136642456,0.6086820960044861,0.5155408382415771,0.5390159487724304,0.5476068258285522 | 473.09
273: 0.5140653252601624,0.6107752323150635,0.5154768824577332,0.5300407409667969,0.5461504459381104 | 473.09
274: 0.515923023223877,0.6171941757202148,0.5155805945396423,0.524255633354187,0.5479219555854797 | 473.09
275: 0.5142108798027039,0.6262711882591248,0.5192936062812805,0.5281890034675598,0.5513219833374023 | 473.09
276: 0.5247030854225159,0.6245844960212708,0.5057835578918457,0.5095093846321106,0.541562020778656 | 473.09
277: 0.5131601095199585,0.6339535117149353,0.5122122168540955,0.5323444604873657,0.551748514175415 | 473.09
278: 0.5126345157623291,0.6300866603851318,0.5052849054336548,0.5310848355293274,0.5501256585121155 | 473.09
279: 0.5081605911254883,0.6275119781494141,0.502634584903717,0.5376648902893066,0.5511091947555542 | 473.09
280: 0.5147201418876648,0.6173246502876282,0.49326613545417786,0.5276690125465393,0.5439156889915466 | 473.09
281: 0.5105400085449219,0.6182941198348999,0.49852627515792847,0.5378134846687317,0.5471081733703613 | 473.09
282: 0.5112013816833496,0.6153959035873413,0.4974684715270996,0.537605881690979,0.5474066138267517 | 473.09
283: 0.5130229592323303,0.6123968362808228,0.49663129448890686,0.5344284176826477,0.5455081462860107 | 473.09
284: 0.5062294006347656,0.619452178478241,0.5075328350067139,0.5480486750602722,0.5490473508834839 | 473.09
285: 0.518363893032074,0.6125571727752686,0.49522292613983154,0.5271319150924683,0.5430372357368469 | 473.09
286: 0.5161906480789185,0.6162185668945312,0.4994504451751709,0.5359891653060913,0.5471341609954834 | 473.09
287: 0.5060199499130249,0.6235730051994324,0.5123486518859863,0.5578559637069702,0.5562017560005188 | 473.09
288: 0.5067014098167419,0.6212561130523682,0.509776771068573,0.5546712875366211,0.5554280877113342 | 473.09
289: 0.5035695433616638,0.6226608157157898,0.5133258104324341,0.556066632270813,0.5543465614318848 | 473.09
290: 0.5134778618812561,0.6150532364845276,0.5023507475852966,0.533424437046051,0.5454758405685425 | 473.09
291: 0.5236473679542542,0.611309289932251,0.4931906759738922,0.5114151835441589,0.536936342716217 | 473.09
292: 0.5415295362472534,0.6004637479782104,0.480987012386322,0.47796592116355896,0.5260512232780457 | 473.09
293: 0.534019410610199,0.60593181848526,0.4910932183265686,0.48977890610694885,0.5309165716171265 | 473.09
294: 0.5280085802078247,0.6093716621398926,0.4922923147678375,0.5000636577606201,0.5354401469230652 | 473.09
295: 0.5157131552696228,0.6148235201835632,0.4995720386505127,0.5195444822311401,0.5402058362960815 | 473.09
296: 0.5160908699035645,0.6157674193382263,0.4953872859477997,0.5177558660507202,0.5388879776000977 | 473.09
297: 0.5202580690383911,0.6180289387702942,0.4892568290233612,0.5098904967308044,0.5350816249847412 | 473.09
298: 0.5131873488426208,0.626828134059906,0.4970862567424774,0.5257819294929504,0.5419562458992004 | 473.09
299: 0.5116100907325745,0.6301233172416687,0.5016137361526489,0.5341677069664001,0.5449653267860413 | 473.09
300: 0.5095828175544739,0.6332982778549194,0.5062470436096191,0.5441036224365234,0.548643171787262 | 473.09
301: 0.5068230032920837,0.6296771764755249,0.5089820027351379,0.5459972023963928,0.5476531386375427 | 473.09
302: 0.4961966276168823,0.6284542083740234,0.5185142755508423,0.5582085847854614,0.5536548495292664 | 473.09
303: 0.5035648345947266,0.6168643832206726,0.5093403458595276,0.5345696210861206,0.5455660820007324 | 473.09
304: 0.5129802227020264,0.6210132837295532,0.5057501196861267,0.5308579802513123,0.5502457022666931 | 473.09
305: 0.5311546325683594,0.6249221563339233,0.49842366576194763,0.5240882635116577,0.5564736723899841 | 473.09
306: 0.5391495823860168,0.6428822875022888,0.4868023991584778,0.527152419090271,0.5592570304870605 | 473.09
307: 0.5352675318717957,0.6434948444366455,0.47089338302612305,0.5241435766220093,0.5489841103553772 | 473.09
308: 0.5175281167030334,0.6464803218841553,0.4837937355041504,0.544557511806488,0.5529163479804993 | 473.09
309: 0.5063188672065735,0.6420186758041382,0.49502527713775635,0.5533689260482788,0.5561890602111816 | 473.09
310: 0.49583664536476135,0.6208767294883728,0.5049042105674744,0.5552235841751099,0.553702175617218 | 473.09
311: 0.49347805976867676,0.5981627106666565,0.5069866180419922,0.5471316576004028,0.5475683212280273 | 473.09
312: 0.4964215159416199,0.5873150825500488,0.5049446821212769,0.5356389880180359,0.5420627593994141 | 473.09
313: 0.5013459324836731,0.5951039791107178,0.5015017986297607,0.5265635848045349,0.5419084429740906 | 473.09
314: 0.5079233050346375,0.6081860661506653,0.5048607587814331,0.5223636031150818,0.5435211658477783 | 473.09
315: 0.507437527179718,0.619957685470581,0.5109739899635315,0.5266003012657166,0.5485777258872986 | 473.09
316: 0.5098007321357727,0.6233565807342529,0.5103380084037781,0.5242446064949036,0.5492647290229797 | 473.09
317: 0.5040671229362488,0.633451521396637,0.5159860849380493,0.5380316376686096,0.5544002652168274 | 473.09
318: 0.5049192309379578,0.6327643990516663,0.5134754776954651,0.5387667417526245,0.5543694496154785 | 473.09
319: 0.5030789375305176,0.6322053074836731,0.5129960179328918,0.5436704158782959,0.5556203126907349 | 473.09
320: 0.5048378109931946,0.6260418891906738,0.5135455131530762,0.5447484254837036,0.5567290782928467 | 473.09
321: 0.5064107775688171,0.6207846999168396,0.5152645111083984,0.544511616230011,0.5572687983512878 | 473.09
322: 0.5040868520736694,0.6206971406936646,0.5188052654266357,0.5485897660255432,0.5595185160636902 | 473.09
323: 0.5074461698532104,0.6267315745353699,0.5122932195663452,0.541073203086853,0.556601881980896 | 473.09
324: 0.5062053203582764,0.6321901679039001,0.5075360536575317,0.5426955819129944,0.5543856620788574 | 473.09
325: 0.5098759531974792,0.6308799982070923,0.5007455348968506,0.5364016890525818,0.5516290664672852 | 473.09
326: 0.514472246170044,0.6260606646537781,0.49444830417633057,0.5295957922935486,0.5479789972305298 | 473.09
327: 0.4939752221107483,0.6412039399147034,0.5035662055015564,0.5711124539375305,0.5597228407859802 | 473.09
328: 0.4930723309516907,0.6396572589874268,0.5102419853210449,0.5823848843574524,0.566017210483551 | 473.09
329: 0.48467302322387695,0.6441038846969604,0.5218663811683655,0.5992012023925781,0.5728597640991211 | 473.09
330: 0.49135515093803406,0.640175998210907,0.5166650414466858,0.5837045311927795,0.5682946443557739 | 473.09
331: 0.49067917466163635,0.6390320062637329,0.5165160298347473,0.5806216597557068,0.5663953423500061 | 473.09
332: 0.501136302947998,0.6309370994567871,0.5072636604309082,0.5573785901069641,0.5577277541160583 | 473.09
333: 0.5022969841957092,0.6269584894180298,0.5034562945365906,0.5520927309989929,0.5541574954986572 | 473.09
334: 0.4935274124145508,0.6332945227622986,0.50786954164505,0.5652913451194763,0.5585253834724426 | 473.09
335: 0.49082720279693604,0.6434764266014099,0.5128079652786255,0.5698071122169495,0.5625067949295044 | 473.09
336: 0.49257802963256836,0.6504985094070435,0.5143347978591919,0.5654329061508179,0.5643108487129211 | 473.09
337: 0.49395230412483215,0.6470423936843872,0.5190854668617249,0.5637850165367126,0.5675289034843445 | 473.09
338: 0.5038689374923706,0.6386495232582092,0.5154848098754883,0.5490929484367371,0.5640885829925537 | 473.09
339: 0.5027414560317993,0.638640284538269,0.5148133635520935,0.5538478493690491,0.5636924505233765 | 473.09
340: 0.4976476728916168,0.6451264023780823,0.5151888132095337,0.5637323260307312,0.5659724473953247 | 473.09
341: 0.4983147084712982,0.6460400819778442,0.5107808113098145,0.5617603063583374,0.5636565089225769 | 473.09
342: 0.5055620074272156,0.6437204480171204,0.5001734495162964,0.5460197329521179,0.5577899217605591 | 473.09
343: 0.5029371380805969,0.6465229392051697,0.49931371212005615,0.5506337881088257,0.5575092434883118 | 473.09
344: 0.4996771514415741,0.6469452381134033,0.5016523003578186,0.5576027631759644,0.559922993183136 | 473.09
345: 0.4996781051158905,0.6474785208702087,0.504345178604126,0.5590342879295349,0.5602943301200867 | 473.09
346: 0.4973222017288208,0.6420921683311462,0.5116386413574219,0.5640332102775574,0.5626349449157715 | 473.09
347: 0.4886992275714874,0.6475439667701721,0.5196437239646912,0.5800390839576721,0.5681422352790833 | 473.09
348: 0.4919675886631012,0.6413882970809937,0.5148633718490601,0.5698722004890442,0.5644488334655762 | 473.09
349: 0.4924223721027374,0.6366108059883118,0.5117400288581848,0.5648269653320312,0.5609033703804016 | 473.09
350: 0.4940735399723053,0.6382376551628113,0.5094469785690308,0.5615096092224121,0.5611853003501892 | 473.09
351: 0.48560816049575806,0.6363544464111328,0.5135098695755005,0.5748669505119324,0.5603355765342712 | 473.09
352: 0.4857413172721863,0.6395856142044067,0.5115352869033813,0.5740411281585693,0.5624993443489075 | 473.09
353: 0.49256405234336853,0.6431958675384521,0.5142770409584045,0.5666830539703369,0.5644989609718323 | 473.09
354: 0.4981820285320282,0.6444324254989624,0.5137894153594971,0.5568875074386597,0.5659820437431335 | 473.09
355: 0.49989643692970276,0.6416166424751282,0.510546863079071,0.5511003732681274,0.5638057589530945 | 473.09
356: 0.5048101544380188,0.6344903111457825,0.5048105120658875,0.5383594632148743,0.5570303797721863 | 473.09
357: 0.5044085383415222,0.6311091184616089,0.5018512010574341,0.5393677353858948,0.5560833215713501 | 473.09
358: 0.5002903342247009,0.6324423551559448,0.5034255385398865,0.5497364401817322,0.5575225353240967 | 473.09
359: 0.5042190551757812,0.636330246925354,0.5020694136619568,0.5466213226318359,0.5604827404022217 | 473.09
360: 0.5062093734741211,0.6401339769363403,0.5034805536270142,0.5463127493858337,0.5642829537391663 | 473.09
361: 0.5006650686264038,0.6432522535324097,0.5085146427154541,0.559732973575592,0.5682240724563599 | 473.09
362: 0.5028219223022461,0.640249490737915,0.509809672832489,0.55730801820755,0.5672864317893982 | 473.09
363: 0.5106700658798218,0.6393486857414246,0.5059973001480103,0.5419571995735168,0.5678754448890686 | 473.09
364: 0.5078044533729553,0.6430991888046265,0.5083362460136414,0.5457993745803833,0.5707513093948364 | 473.09
365: 0.5074622631072998,0.6456664800643921,0.5092946887016296,0.5483048558235168,0.5740435123443604 | 473.09
366: 0.5051827430725098,0.646528422832489,0.5129330158233643,0.5562129020690918,0.5760615468025208 | 473.09
367: 0.4948681592941284,0.6480773091316223,0.5190199017524719,0.5768448114395142,0.5785062313079834 | 473.09
368: 0.4976866543292999,0.6489759087562561,0.5180401802062988,0.5734473466873169,0.5815834999084473 | 473.09
369: 0.4908924102783203,0.6464347243309021,0.5224384665489197,0.5853589177131653,0.5818241834640503 | 473.09
370: 0.4868304133415222,0.6414291858673096,0.52531898021698,0.5922430157661438,0.5800233483314514 | 473.09
371: 0.48422133922576904,0.6355410218238831,0.527039647102356,0.5976633429527283,0.5771187543869019 | 473.09
372: 0.48374831676483154,0.6414828300476074,0.5346181392669678,0.6151832938194275,0.5828291177749634 | 473.09
373: 0.5101475715637207,0.6456845998764038,0.5249598026275635,0.5788446664810181,0.5896510481834412 | 473.09
374: 0.5214462280273438,0.6415080428123474,0.5251389145851135,0.5584471821784973,0.5918563008308411 | 473.09
375: 0.5231459736824036,0.6408642530441284,0.5258007049560547,0.5531538724899292,0.5920873284339905 | 473.09
376: 0.5260643362998962,0.6435039639472961,0.5219661593437195,0.544748842716217,0.5946013331413269 | 473.09
377: 0.5360620617866516,0.6511964201927185,0.5152541995048523,0.5226013660430908,0.5993694067001343 | 473.09
378: 0.5355324149131775,0.6574093103408813,0.5139663219451904,0.5211053490638733,0.6004994511604309 | 473.09
379: 0.5135543346405029,0.6526932120323181,0.5187403559684753,0.5504451990127563,0.593808650970459 | 473.09
380: 0.5053274035453796,0.6549795269966125,0.520664393901825,0.5617684125900269,0.5941605567932129 | 473.09
381: 0.5010188221931458,0.6580921411514282,0.5238872766494751,0.5707687139511108,0.5958479046821594 | 473.09
382: 0.48870062828063965,0.6568744778633118,0.5307660102844238,0.5937725901603699,0.5946919918060303 | 473.09
383: 0.48221465945243835,0.6591221690177917,0.5344751477241516,0.6060851216316223,0.5958606004714966 | 473.09
384: 0.4942668378353119,0.6712296605110168,0.5327497124671936,0.585763692855835,0.6056078672409058 | 473.09
385: 0.5015317797660828,0.6820868849754333,0.532132625579834,0.5744681358337402,0.6137244701385498 | 473.09
386: 0.5031099319458008,0.6823278069496155,0.5310404896736145,0.5717490315437317,0.613190770149231 | 473.09
387: 0.5000084638595581,0.6757509112358093,0.5297192931175232,0.5750002861022949,0.607207715511322 | 473.09
388: 0.4961925745010376,0.6665967106819153,0.5279349088668823,0.5789426565170288,0.6002902388572693 | 473.09
389: 0.49412208795547485,0.6575208306312561,0.5311213135719299,0.5832557678222656,0.5970046520233154 | 473.09
390: 0.48813751339912415,0.6560243368148804,0.5378648638725281,0.5979539155960083,0.5981299877166748 | 473.09
391: 0.4842033386230469,0.662830114364624,0.5383802652359009,0.6072347164154053,0.6013951301574707 | 473.09
392: 0.4802949130535126,0.6703461408615112,0.5387396216392517,0.6136968731880188,0.6039830446243286 | 473.09
393: 0.47710755467414856,0.6760119795799255,0.537822961807251,0.617607593536377,0.6054234504699707 | 473.09
394: 0.4575587809085846,0.6755704879760742,0.5417476296424866,0.649736225605011,0.5992192625999451 | 473.09
395: 0.4405966103076935,0.6703115701675415,0.545401930809021,0.6769603490829468,0.5908990502357483 | 473.09
396: 0.4468259811401367,0.6699768900871277,0.5429590344429016,0.6689239144325256,0.5934714674949646 | 473.09
397: 0.4531441330909729,0.6681820750236511,0.5423539280891418,0.6577101945877075,0.5958669185638428 | 473.09
398: 0.4627550542354584,0.6641998887062073,0.5401303768157959,0.6404327750205994,0.5968750715255737 | 473.09
399: 0.4629741311073303,0.6621786952018738,0.540550172328949,0.6384937763214111,0.5967397093772888 | 473.09
400: 0.4703812003135681,0.6647935509681702,0.5398003458976746,0.6272614598274231,0.6012116074562073 | 473.09
401: 0.4999537467956543,0.6897294521331787,0.5426017045974731,0.6234534978866577,0.6268000602722168 | 473.09
402: 0.5126256942749023,0.7008739709854126,0.5419130325317383,0.6217459440231323,0.6377173662185669 | 473.09
403: 0.5120592713356018,0.6976706981658936,0.5446198582649231,0.6160046458244324,0.6369549632072449 | 473.09
404: 0.5121704339981079,0.6922807693481445,0.5448267459869385,0.6011956334114075,0.6358934640884399 | 473.09
405: 0.5074308514595032,0.6817610859870911,0.5463131070137024,0.5928393602371216,0.6300586462020874 | 473.09
406: 0.5037482380867004,0.6778627634048462,0.5504615306854248,0.5892778038978577,0.6279823184013367 | 473.09
407: 0.4984518587589264,0.6764465570449829,0.5558582544326782,0.5962219834327698,0.6260796189308167 | 473.09
408: 0.49829670786857605,0.67753005027771,0.5578425526618958,0.5926734805107117,0.6283459067344666 | 473.09
409: 0.49774572253227234,0.6775391101837158,0.5577309727668762,0.5922530293464661,0.6290249824523926 | 473.09
410: 0.49934569001197815,0.6759200096130371,0.556287407875061,0.5870985388755798,0.6286761164665222 | 473.09
411: 0.49977028369903564,0.6743811964988708,0.5548463463783264,0.5858891010284424,0.6278340816497803 | 473.09
412: 0.49359840154647827,0.6684063673019409,0.555431067943573,0.597100555896759,0.6235647201538086 | 473.09
413: 0.49517714977264404,0.6666818261146545,0.5535937547683716,0.5923065543174744,0.6234538555145264 | 473.09
414: 0.48710373044013977,0.6642517447471619,0.5538924932479858,0.602185070514679,0.6198291182518005 | 473.09
415: 0.4724714756011963,0.6697462797164917,0.5583400130271912,0.6322224140167236,0.6197618246078491 | 473.09
416: 0.47031816840171814,0.6737684011459351,0.5613061189651489,0.6392586827278137,0.6228604316711426 | 473.09
417: 0.4691419005393982,0.6714121699333191,0.5634199976921082,0.6450885534286499,0.6219615340232849 | 473.09
418: 0.47469690442085266,0.6693844199180603,0.5625928640365601,0.6376194357872009,0.6227942109107971 | 473.09
419: 0.4766625165939331,0.6673183441162109,0.5631144046783447,0.636021077632904,0.6229697465896606 | 473.09
420: 0.48234617710113525,0.6694718599319458,0.562400221824646,0.6241175532341003,0.626826822757721 | 473.09
421: 0.4851793944835663,0.6714167594909668,0.5625051856040955,0.6220042109489441,0.6290761232376099 | 473.09
422: 0.4846372902393341,0.6717710494995117,0.564100444316864,0.624607264995575,0.6305716633796692 | 473.09
423: 0.48624712228775024,0.6738780736923218,0.5646910667419434,0.6231216192245483,0.6336076259613037 | 473.09
424: 0.48416465520858765,0.6853318810462952,0.56606125831604,0.6284071803092957,0.6376106142997742 | 473.09
425: 0.4890870451927185,0.6873865127563477,0.5629242658615112,0.6169594526290894,0.6393340229988098 | 473.09
426: 0.48934999108314514,0.6841904520988464,0.561677098274231,0.616486668586731,0.6376672983169556 | 473.09
427: 0.4912727475166321,0.681298553943634,0.5604673027992249,0.6138899326324463,0.6373819708824158 | 473.09
428: 0.4918614327907562,0.6799031496047974,0.560847818851471,0.616173505783081,0.6385383605957031 | 473.09
429: 0.49060526490211487,0.6792014837265015,0.5617754459381104,0.621306836605072,0.6394541263580322 | 473.09
430: 0.48914581537246704,0.679323673248291,0.5640643239021301,0.6276576519012451,0.6397667527198792 | 473.09
431: 0.49443575739860535,0.6810010671615601,0.5634676218032837,0.6208589673042297,0.6435000896453857 | 473.09
432: 0.49115049839019775,0.6782271862030029,0.5667674541473389,0.6282389163970947,0.6426653265953064 | 473.09
433: 0.49373435974121094,0.6833174824714661,0.5677312016487122,0.6259255409240723,0.6476630568504333 | 473.09
434: 0.4890480637550354,0.6863275170326233,0.5710129141807556,0.6345365643501282,0.6499199867248535 | 473.09
435: 0.48311254382133484,0.6878570318222046,0.5747026801109314,0.6478381752967834,0.6501030325889587 | 473.09
436: 0.48441776633262634,0.6932094693183899,0.5753152966499329,0.6442978978157043,0.6535627841949463 | 473.09
437: 0.48590323328971863,0.6932321786880493,0.5729280710220337,0.6392567157745361,0.6540310978889465 | 473.09
438: 0.48635566234588623,0.690470278263092,0.5715206861495972,0.6364020705223083,0.6522777080535889 | 473.09
439: 0.48372286558151245,0.6867766380310059,0.5720378756523132,0.6388987898826599,0.6497029066085815 | 473.09
440: 0.4864964187145233,0.687477707862854,0.5719252228736877,0.6363833546638489,0.6508147120475769 | 473.09
441: 0.48786917328834534,0.6870618462562561,0.5723024606704712,0.6362572908401489,0.6518751978874207 | 473.09
442: 0.4851438105106354,0.6866378784179688,0.5743115544319153,0.6440579891204834,0.6510426998138428 | 473.09
443: 0.4906144440174103,0.6923960447311401,0.5724318027496338,0.6353048086166382,0.6564909219741821 | 473.09
444: 0.4857851564884186,0.6939960718154907,0.5745234489440918,0.6432886123657227,0.6570026278495789 | 473.09
445: 0.48701050877571106,0.696300208568573,0.5739200115203857,0.6436458826065063,0.6586151123046875 | 473.09
446: 0.48673176765441895,0.6969021558761597,0.5735968947410583,0.6437252759933472,0.6585633158683777 | 473.09
447: 0.48406150937080383,0.6933236122131348,0.5730440020561218,0.645007312297821,0.6555252075195312 | 473.09
448: 0.48313769698143005,0.6940151453018188,0.5730767250061035,0.6465181708335876,0.6553210616111755 | 473.09
449: 0.48135077953338623,0.6952177882194519,0.5740745663642883,0.6502686142921448,0.6556802988052368 | 473.09
450: 0.48340409994125366,0.6973336338996887,0.573632001876831,0.6478754878044128,0.6577073931694031 | 473.09
451: 0.48631200194358826,0.6955355405807495,0.5720659494400024,0.6428681015968323,0.6579872965812683 | 473.09
452: 0.4819270372390747,0.6865902543067932,0.572672426700592,0.6492480635643005,0.6524834632873535 | 473.09
453: 0.4750840365886688,0.6786870956420898,0.5756500363349915,0.6589732766151428,0.6474588513374329 | 473.09
454: 0.4786050319671631,0.6828261613845825,0.5767931342124939,0.655427098274231,0.6525300741195679 | 473.09
455: 0.4797026515007019,0.686630129814148,0.5781984925270081,0.6551543474197388,0.6573008894920349 | 473.09
456: 0.48283854126930237,0.692792534828186,0.5791656970977783,0.6518779397010803,0.6634069085121155 | 473.09
457: 0.4841197431087494,0.6978281736373901,0.580493152141571,0.6515703797340393,0.6682401299476624 | 473.09
458: 0.4796411991119385,0.6994814872741699,0.5847294330596924,0.6602352261543274,0.6697264909744263 | 473.09
459: 0.4822983741760254,0.7032277584075928,0.5851698517799377,0.658452033996582,0.6731985807418823 | 473.09
460: 0.47912856936454773,0.6975142955780029,0.5855072140693665,0.6604663133621216,0.6691131591796875 | 473.09
461: 0.48556268215179443,0.6969075798988342,0.581949770450592,0.6495479941368103,0.669880211353302 | 473.09
462: 0.4862770736217499,0.6970322132110596,0.5819053053855896,0.6482117176055908,0.6706101894378662 | 473.09
463: 0.48542678356170654,0.6995264887809753,0.5835819840431213,0.6520028710365295,0.6725962162017822 | 473.09
464: 0.4831518530845642,0.7025406360626221,0.5856571793556213,0.6576297283172607,0.6751145124435425 | 473.09
465: 0.4838007092475891,0.7062765955924988,0.5858519077301025,0.6581568121910095,0.6785680055618286 | 473.09
466: 0.4813813269138336,0.7046270370483398,0.5866581797599792,0.6593148112297058,0.6788130402565002 | 473.09
467: 0.47809866070747375,0.7001772522926331,0.587183952331543,0.6607989072799683,0.676367998123169 | 473.09
468: 0.4738907217979431,0.6943225860595703,0.586435079574585,0.6625477075576782,0.6732155680656433 | 473.09
469: 0.47404220700263977,0.6932384371757507,0.5856480002403259,0.6605193018913269,0.6736178398132324 | 473.09
470: 0.473174512386322,0.6909937858581543,0.5848018527030945,0.6597810387611389,0.6735551953315735 | 473.09
471: 0.469593346118927,0.6912994384765625,0.5880671739578247,0.6655986905097961,0.6755324006080627 | 473.09
472: 0.47226935625076294,0.6968653202056885,0.5898534655570984,0.6658051609992981,0.6808454394340515 | 473.09
473: 0.47805580496788025,0.7029145956039429,0.5901557803153992,0.6621726155281067,0.6855679750442505 | 473.09
474: 0.47381165623664856,0.7000084519386292,0.5932562947273254,0.6708154678344727,0.6836932301521301 | 473.09
475: 0.47543200850486755,0.7010349631309509,0.593618631362915,0.6706076860427856,0.6845273375511169 | 473.09
476: 0.476234495639801,0.6994820833206177,0.5934441089630127,0.6702070832252502,0.6830348372459412 | 473.09
477: 0.47762569785118103,0.700114905834198,0.5936195850372314,0.6679595708847046,0.6838823556900024 | 473.09
478: 0.4796730577945709,0.7021288871765137,0.5938882231712341,0.6649535894393921,0.6852988600730896 | 473.09
479: 0.48058634996414185,0.7049710154533386,0.595422625541687,0.6658944487571716,0.6877575516700745 | 473.09
480: 0.4767930507659912,0.7019721269607544,0.5968325734138489,0.6709876656532288,0.6860408186912537 | 473.09
481: 0.47933992743492126,0.7030255198478699,0.5949509143829346,0.6675646901130676,0.6869106888771057 | 473.09
482: 0.47591856122016907,0.6992140412330627,0.5942493677139282,0.6684359908103943,0.6856290102005005 | 473.09
483: 0.47675275802612305,0.6983595490455627,0.5924677848815918,0.6649198532104492,0.6862261295318604 | 473.09
484: 0.4744032919406891,0.6979893445968628,0.5938725471496582,0.6676008701324463,0.687038004398346 | 473.09
485: 0.4761076867580414,0.7028632164001465,0.5956544876098633,0.6687192320823669,0.6905678510665894 | 473.09
486: 0.4736991226673126,0.708206057548523,0.5998710989952087,0.6743173599243164,0.6952090859413147 | 473.09
487: 0.4675996005535126,0.7085296511650085,0.6050960421562195,0.6843446493148804,0.6967355012893677 | 473.09
488: 0.4648910164833069,0.7083004713058472,0.6085321307182312,0.6900299787521362,0.6986149549484253 | 473.09
489: 0.4681801199913025,0.7195749878883362,0.6082034111022949,0.6920905709266663,0.7039983868598938 | 473.09
490: 0.46895116567611694,0.7112067341804504,0.6026569604873657,0.6836271286010742,0.6962306499481201 | 473.09
491: 0.4714983403682709,0.6906396150588989,0.5925590991973877,0.6661155819892883,0.680042028427124 | 473.09
492: 0.47186052799224854,0.6812074780464172,0.5884337425231934,0.6585313677787781,0.6741058826446533 | 473.09
493: 0.4765230119228363,0.6890448927879333,0.5887501835823059,0.6588289141654968,0.6806655526161194 | 473.09
494: 0.47381556034088135,0.6988691687583923,0.5945531725883484,0.6713641285896301,0.6907312273979187 | 473.09
495: 0.47514215111732483,0.7105888724327087,0.5981063842773438,0.6777324080467224,0.7010486125946045 | 473.09
496: 0.47590944170951843,0.7145228385925293,0.5993465781211853,0.6801349520683289,0.7059382796287537 | 473.09
497: 0.4697847366333008,0.7100945115089417,0.6019299030303955,0.6854655146598816,0.7053055763244629 | 473.09
498: 0.4655475914478302,0.7077294588088989,0.6043829321861267,0.6889466047286987,0.706264317035675 | 473.09
499: 0.46515896916389465,0.7158029675483704,0.6071804761886597,0.6943309307098389,0.7133902907371521 | 473.09
500: 0.47088736295700073,0.7231716513633728,0.6060534715652466,0.6921404600143433,0.7181520462036133 | 473.09
501: 0.47239047288894653,0.7171539068222046,0.603333592414856,0.6882087588310242,0.7137088775634766 | 473.09
502: 0.46776676177978516,0.7031974196434021,0.6013292670249939,0.6859955191612244,0.7053288221359253 | 473.09
503: 0.457400381565094,0.6836645603179932,0.6015888452529907,0.6916109323501587,0.696561336517334 | 473.09
504: 0.45126768946647644,0.6748775839805603,0.6033750772476196,0.6977360248565674,0.6944659352302551 | 473.09
505: 0.4489348530769348,0.6727480292320251,0.605111837387085,0.7018424272537231,0.6954085826873779 | 473.09
506: 0.4465864300727844,0.6731729507446289,0.6085580587387085,0.706773579120636,0.6976642608642578 | 473.09
507: 0.4508083760738373,0.6806272864341736,0.6112455725669861,0.7079717516899109,0.7028079032897949 | 473.09
508: 0.4552324712276459,0.6885679960250854,0.6137651205062866,0.7095250487327576,0.708463191986084 | 473.09
509: 0.4629136323928833,0.6973888874053955,0.6140244603157043,0.70631343126297,0.7133388519287109 | 473.09
510: 0.46694493293762207,0.700365424156189,0.6128363609313965,0.7029474377632141,0.7151813507080078 | 473.09
511: 0.4776659607887268,0.7002723813056946,0.605245053768158,0.6884215474128723,0.7134515643119812 | 473.09
512: 0.47781434655189514,0.6947569251060486,0.6025744080543518,0.6835154294967651,0.7105827927589417 | 473.09
513: 0.47272324562072754,0.6928409934043884,0.6060799360275269,0.6911134719848633,0.7123510837554932 | 473.09
514: 0.4699723422527313,0.6944894790649414,0.6105427145957947,0.6980490684509277,0.7159155607223511 | 473.09
515: 0.47114041447639465,0.6988539099693298,0.6141034364700317,0.7016153335571289,0.7199627161026001 | 473.09
516: 0.4673383831977844,0.6986543536186218,0.6188681721687317,0.7079098224639893,0.7224271297454834 | 473.09
517: 0.4653894603252411,0.7266197204589844,0.6266524791717529,0.7245038747787476,0.7375329732894897 | 473.09
518: 0.46014145016670227,0.7449536919593811,0.6322219967842102,0.7371708750724792,0.7471880912780762 | 473.09
519: 0.4604678452014923,0.7168505191802979,0.6201582551002502,0.7148592472076416,0.7248400449752808 | 473.09
520: 0.4674666225910187,0.6911706924438477,0.6066727638244629,0.689044713973999,0.7031688690185547 | 473.09
521: 0.4673174321651459,0.6731083393096924,0.6010199189186096,0.6781392693519592,0.6918455958366394 | 473.09
522: 0.4557410776615143,0.6675431132316589,0.6069807410240173,0.6933668851852417,0.696814239025116 | 473.09
523: 0.45798009634017944,0.6720819473266602,0.6116494536399841,0.7002133131027222,0.7049329280853271 | 473.09
524: 0.45978203415870667,0.6769280433654785,0.617087185382843,0.7071139216423035,0.712361752986908 | 473.09
525: 0.46836572885513306,0.6870890259742737,0.6210261583328247,0.7089782357215881,0.7204033136367798 | 473.09
526: 0.47222718596458435,0.6928653717041016,0.6250486373901367,0.7110251784324646,0.7255857586860657 | 473.09
527: 0.4738505184650421,0.6961284875869751,0.6283893585205078,0.712033748626709,0.7289688587188721 | 473.09
528: 0.47524550557136536,0.7024418115615845,0.6332395672798157,0.7144968509674072,0.7353538870811462 | 473.09
529: 0.48258283734321594,0.7216629981994629,0.6395556330680847,0.7195204496383667,0.7487502694129944 | 473.09
530: 0.49423959851264954,0.7269771099090576,0.6365019679069519,0.7110462784767151,0.7488967776298523 | 473.09
531: 0.4918849468231201,0.711138904094696,0.6302376389503479,0.7026122212409973,0.7373031973838806 | 473.09
532: 0.48213085532188416,0.6874595880508423,0.6231023073196411,0.6942849159240723,0.7220873236656189 | 473.09
533: 0.4811255633831024,0.6735271215438843,0.617654025554657,0.6857557892799377,0.7122836112976074 | 473.09
534: 0.4931107759475708,0.679149866104126,0.6170175671577454,0.6806365847587585,0.7133522629737854 | 473.09
535: 0.49539846181869507,0.7051910161972046,0.6356227397918701,0.705886721611023,0.7361844182014465 | 473.09
536: 0.5042579174041748,0.712994396686554,0.6412279605865479,0.7094653248786926,0.7408967018127441 | 473.09
537: 0.49966779351234436,0.7032858729362488,0.6408292055130005,0.7088086605072021,0.7365015149116516 | 473.09
538: 0.4978499412536621,0.6951746344566345,0.6373651623725891,0.703463613986969,0.7307957410812378 | 473.09
539: 0.48990488052368164,0.6879992485046387,0.6385678648948669,0.7090824246406555,0.7300251126289368 | 473.09
540: 0.48243677616119385,0.6816791892051697,0.6394777894020081,0.7146785259246826,0.7290488481521606 | 473.09
541: 0.4878057539463043,0.6967915892601013,0.6498703360557556,0.7269605398178101,0.7420072555541992 | 473.09
542: 0.4897207021713257,0.7197781205177307,0.67127525806427,0.7507771849632263,0.7656163573265076 | 473.09
543: 0.4948401153087616,0.7179638743400574,0.6764015555381775,0.7512483596801758,0.7663804888725281 | 473.09
544: 0.49533504247665405,0.6982535719871521,0.6626312136650085,0.730761706829071,0.7473363876342773 | 473.09
545: 0.4916510283946991,0.6770756244659424,0.6441864371299744,0.7057838439941406,0.7242206931114197 | 473.09
546: 0.48477888107299805,0.6678059697151184,0.6337238550186157,0.694658100605011,0.7138784527778625 | 473.09
547: 0.47494447231292725,0.6729987859725952,0.6355340480804443,0.7025120258331299,0.7205017805099487 | 473.09
548: 0.47841450572013855,0.6889557838439941,0.641339898109436,0.7122827768325806,0.7339449524879456 | 473.09
549: 0.4956080913543701,0.7099019885063171,0.6508300304412842,0.7260346412658691,0.7534015774726868 | 473.09
550: 0.4973987936973572,0.716718852519989,0.6571298241615295,0.7385991811752319,0.7635791897773743 | 473.09
551: 0.4947897493839264,0.7161855101585388,0.6574890613555908,0.7434085607528687,0.7646077275276184 | 473.09
552: 0.49445202946662903,0.7141376733779907,0.6554725766181946,0.7419630885124207,0.7616761326789856 | 473.09
553: 0.48862549662590027,0.7064839601516724,0.6531054377555847,0.7389480471611023,0.7556259036064148 | 473.09
554: 0.4843490719795227,0.700664758682251,0.6506058573722839,0.736670732498169,0.7504109144210815 | 473.09
555: 0.4792647361755371,0.6939542889595032,0.6492173075675964,0.7345148324966431,0.7459381222724915 | 473.09
556: 0.4767615497112274,0.6915044188499451,0.651168167591095,0.7360378503799438,0.7466394901275635 | 473.09
557: 0.48128893971443176,0.7033493518829346,0.6585476994514465,0.7412611842155457,0.7547410130500793 | 473.09
558: 0.48271694779396057,0.7133886814117432,0.6622076630592346,0.7448985576629639,0.7602084875106812 | 473.09
559: 0.482632577419281,0.7072300910949707,0.6561712026596069,0.736298143863678,0.7526321411132812 | 473.09
560: 0.4881408214569092,0.699400007724762,0.6480035781860352,0.7227903008460999,0.7426491379737854 | 473.09
561: 0.48467904329299927,0.6926895976066589,0.6468060612678528,0.7225806713104248,0.7401278018951416 | 473.09
562: 0.4887341856956482,0.6967081427574158,0.6484410762786865,0.7261768579483032,0.7441840171813965 | 473.09
563: 0.49039363861083984,0.7016334533691406,0.6514986753463745,0.7312775254249573,0.749645471572876 | 473.09
564: 0.49297747015953064,0.7071471214294434,0.653326690196991,0.7336809039115906,0.7539584040641785 | 473.09
565: 0.49399498105049133,0.7099553346633911,0.6532669067382812,0.7348827123641968,0.7558249831199646 | 473.09
566: 0.4891071319580078,0.7087492942810059,0.6529244780540466,0.7367871403694153,0.755728006362915 | 473.09
567: 0.48641589283943176,0.706427276134491,0.6518043279647827,0.7371315360069275,0.7545126080513 | 473.09
568: 0.4860955774784088,0.6976211667060852,0.6481457352638245,0.7335564494132996,0.7495023012161255 | 473.09
569: 0.4842807352542877,0.6879046559333801,0.6468372941017151,0.7328416705131531,0.7460634112358093 | 473.09
570: 0.4913480281829834,0.6887359619140625,0.6489503979682922,0.734025776386261,0.7483385801315308 | 473.09
571: 0.49773555994033813,0.6932573318481445,0.6524362564086914,0.7369862198829651,0.7528313994407654 | 473.09
572: 0.49083030223846436,0.6931294798851013,0.6605655550956726,0.7471963763237,0.7597813606262207 | 473.09
573: 0.4905945062637329,0.6954099535942078,0.663645327091217,0.7514669299125671,0.762805700302124 | 473.09
574: 0.48555710911750793,0.694744884967804,0.6667134761810303,0.756641149520874,0.7640554904937744 | 473.09
575: 0.4887565076351166,0.7047572731971741,0.671466588973999,0.7632813453674316,0.7701943516731262 | 473.09
576: 0.487860769033432,0.7117343544960022,0.6778509616851807,0.7712435722351074,0.7771374583244324 | 473.09
577: 0.48735690116882324,0.715514600276947,0.6798287630081177,0.7739773392677307,0.7804843187332153 | 473.09
578: 0.4878760874271393,0.7107074856758118,0.6733313202857971,0.7662758827209473,0.7747007608413696 | 473.09
579: 0.4876432418823242,0.695925772190094,0.6687891483306885,0.7547237277030945,0.7649095058441162 | 473.09
580: 0.4835972785949707,0.6932727098464966,0.6739973425865173,0.7566839456558228,0.7673125267028809 | 473.09
581: 0.48477423191070557,0.6960870623588562,0.6766322255134583,0.7582263946533203,0.7699341177940369 | 473.09
582: 0.49176135659217834,0.7053118944168091,0.6715676784515381,0.7548970580101013,0.7699536681175232 | 473.09
583: 0.49785006046295166,0.7149481177330017,0.6624841094017029,0.7465580701828003,0.7665433883666992 | 473.09
584: 0.5066735148429871,0.7205754518508911,0.6510688066482544,0.7326961755752563,0.7596458196640015 | 473.09
585: 0.5159331560134888,0.7292730808258057,0.6508703231811523,0.7339283227920532,0.7656484246253967 | 473.09
586: 0.5119308829307556,0.7227256894111633,0.6518442034721375,0.7345119118690491,0.7644068002700806 | 473.09
587: 0.509196400642395,0.7166046500205994,0.6540128588676453,0.7353269457817078,0.7642256617546082 | 473.09
588: 0.5093576908111572,0.7147525548934937,0.6560981273651123,0.7370238304138184,0.7658336758613586 | 473.09
589: 0.5075838565826416,0.7173974514007568,0.6604862213134766,0.7429741024971008,0.7717792987823486 | 473.09
590: 0.5040013790130615,0.719868540763855,0.6609739065170288,0.7470709085464478,0.7755516171455383 | 473.09
591: 0.4966448247432709,0.7172109484672546,0.654815673828125,0.7461289167404175,0.772287905216217 | 473.09
592: 0.4909220039844513,0.7164267897605896,0.6500564813613892,0.7473268508911133,0.7715272903442383 | 473.09
593: 0.490964412689209,0.7169830799102783,0.6438647508621216,0.7455524802207947,0.7691991329193115 | 473.09
594: 0.4889701306819916,0.7173768877983093,0.6465398073196411,0.74878990650177,0.7714828848838806 | 473.09
595: 0.48437780141830444,0.7220322489738464,0.65651535987854,0.7586669921875,0.7805529236793518 | 473.09
596: 0.48161354660987854,0.7267779111862183,0.6590086221694946,0.7619457840919495,0.7848483324050903 | 473.09
597: 0.4744473099708557,0.7263096570968628,0.6587435007095337,0.7633850574493408,0.7852715253829956 | 473.09
598: 0.4730568826198578,0.7155048847198486,0.6483055353164673,0.7507984638214111,0.7726382613182068 | 473.09
599: 0.4729541540145874,0.7037403583526611,0.6388964653015137,0.7387794256210327,0.7609552145004272 | 473.09
600: 0.47729387879371643,0.7008190155029297,0.6367706060409546,0.734784722328186,0.7582967877388 | 473.09
601: 0.4733566641807556,0.700026273727417,0.6409891247749329,0.7410988807678223,0.7626529932022095 | 473.09
602: 0.47992444038391113,0.7017402052879333,0.6419071555137634,0.741560697555542,0.7642391324043274 | 473.09
603: 0.47673216462135315,0.6975891590118408,0.6439378261566162,0.7439518570899963,0.7652087807655334 | 473.09
604: 0.47062233090400696,0.6939862966537476,0.6468323469161987,0.7458069324493408,0.7666165232658386 | 473.09
605: 0.4637047350406647,0.6921723484992981,0.6515726447105408,0.7492759227752686,0.7696271538734436 | 473.09
606: 0.46972307562828064,0.6921879649162292,0.6487576961517334,0.7437267303466797,0.7668343782424927 | 473.09
607: 0.466778963804245,0.6909493803977966,0.6530619263648987,0.7464021444320679,0.7692272663116455 | 473.09
608: 0.4742715656757355,0.6971127986907959,0.656481146812439,0.7500777840614319,0.7742455005645752 | 473.09
609: 0.4693184792995453,0.6975838541984558,0.6654807329177856,0.7599278688430786,0.7818819284439087 | 473.09
610: 0.4701550006866455,0.696082353591919,0.6659635901451111,0.7614968419075012,0.783365786075592 | 473.09