1: 0.4137458322023492,0.13655720886340145,0.7456234965119685,0.13268204508015258,0.08669495389699389,-0.11688784978591138
2: 0.6281756120348849,0.715598779344812,-0.2511468732872244,1.489064000562478,0.8802179664320173,1.2042962747536505
3: 1.0428679868186375,1.357487705719292,0.8991621799564242,-0.047716792985708745,0.5622142341818683,1.0912746219717768
4: 0.9389438505477903,0.286082749639976,0.08223367325578063,1.1626233856067238,-0.07705607731541053,0.2750663118966844
5: 0.6614033035877059,1.2477309715492173,0.14141502977632414,0.721590989707101,1.3140292619242833,0.316429810451495
6: 1.2999902489235673,-0.05481776344619638,-0.46296286235283013,-0.09186815650414026,1.0197705082423811,0.46173434968430904
7: 0.31442279327769973,0.9411606058925651,0.7056708708386352,0.3946861296966227,0.6561960720629246,0.6379089199194825
8: 0.15913777575577526,-0.13671377890661207,0.7374907212292748,0.9086101632115238,0.1448847664972811,1.2240973652726868
9: 0.9721433332825835,0.2158070781325012,-0.34257603269271886,0.5106543934997875,0.8146144619196227,1.2182670922545347
10: 0.7320202565689627,0.3548259667232897,0.49768837620951095,0.6304024299912566,0.0017197238040611573,0.1828580196436046
11: 0.7831672447562815,0.8503547541390154,0.3816692083324882,-0.24819854362911642,0.48114741357993923,0.1815048447133949
12: 0.3411144955332216,0.4403940281984922,0.9990709610861734,0.035862603939719406,1.2501733447208454,0.5997559596885335
13: 1.5302872738327662,0.4932260384237107,0.7032154453535829,-0.01961697024595932,0.31614393400253293,1.1887393224998188
14: 0.327758519793343,0.9457195516250763,0.8542355007409144,0.8431838796357009,0.8880754203670921,1.0917891830153317
15: 0.10073596454820227,0.20506335551815208,-0.01118398068815496,0.8783620682583237,0.4989152217105039,0.49155853608936767
16: 0.8767660161457993,0.6992017625282543,1.110950892094308,-0.03944890103050658,0.48284719046346436,0.12821528919723935
17: 0.45382743851377766,0.42007719097747687,1.0110682281082823,1.111236790255505,0.7521723450266024,0.4682484344385918
18: -0.06294623796007137,0.04437405162685698,1.0406789664898495,0.592484829064147,0.7767543927576535,1.1305171263493228
19: 0.3002673218229469,1.0288268273668306,1.1971177945402642,0.25593129583463936,0.15470174906496414,0.25447826067846563
20: 0.9703774193209209,0.626202638890126,0.6067242711911884,-0.1589305648100502,0.3754956323079248,0.788083998705384
21: 0.5579239908320737,0.2588710187734392,-0.008847731239284062,0.6842617511597084,0.3632455684306398,-0.09391072172531922
22: 0.12080201514811001,0.3319627551379719,0.2409096499140151,0.7033663430577974,0.31138189046207454,0.7091787252334543
23: 1.2233186300401595,0.8834642571506215,-0.04739244761740302,0.628402804099714,0.37375568470334675,0.3448493905026693
24: 1.2756360544063283,0.7205740085199402,0.5545434742941928,0.24021879172123667,-0.11972201593072174,0.2981482422316024
25: 0.5416282932978442,0.4065176797807865,0.5859989580434376,0.8990755818432006,0.7354205824457429,0.7935151901012831
26: 0.3012591397265355,1.023931037174779,1.0669095056046356,0.007314934186634647,0.9333497667118336,0.9562404832298261
27: 1.2045514420513617,0.08822248548362921,0.6133043758307861,0.9596165533606118,0.41181014940106586,0.42002808842362505
28: -0.016532598550936473,0.2961289370728311,0.773896724110757,0.7378301729119934,0.819978483962275,0.23402940234696074
29: 0.31342190516607593,0.16312289386688394,0.3456956328809425,0.5920960196525308,0.8675888088974953,0.48746102746536063
30: 0.8738785151535111,0.49558969004906034,0.860459837571965,0.5380070265467118,0.6037670335460626,0.5007510110186146
31: 0.5542103815331977,0.7461431965095651,0.6734527959871563,0.049118766875803854,0.02675945198666485,0.20969056971204197
32: 0.45322617544875243,0.6111581517231064,0.7041584790871334,0.1731149711814935,0.4344296728497564,0.7235959606224284
33: 0.5802046504908835,0.11848392219298848,0.5907088577557286,0.8199573039750996,1.031637468530644,0.7280042771530537
34: 0.5334759921943291,0.4251570906033942,0.45610713963546556,0.8196478532930718,0.05748719298560878,0.599082721138795
35: 0.7293003559852926,1.149116367302413,0.6477614967036966,0.7739429258165037,0.46618302513788157,1.2165865579228048
36: 0.5591874773546657,0.4523404228279875,0.5346148059615163,0.3902096923797729,0.6030134271150642,0.5429839332583218
37: 0.16619557657465894,0.22333399110795954,0.6351374090647308,0.8517643384892619,0.8697794409473257,0.5719294152239266
38: 0.40912454133090015,0.13502189557655636,0.6454088484194027,0.7425357915150836,0.3031315571308283,1.077536477996281
39: 0.39246281121961873,0.3928267894624964,0.493736089647442,0.673871307481621,0.8152935248024251,0.7288920262625511
40: 0.5340915533654265,0.7401987531332779,0.2688832889797449,0.37750961733496435,0.2904956332149823,0.4568770570562603
41: 0.8839687995358991,0.3632386183586293,0.5617538370830337,0.5667157819695894,0.713351972915466,0.5130563293991023
42: -0.26543602264625665,0.8616287599438976,0.19489132534067966,0.5119736319543332,0.4859755774583882,0.3006955166468031
43: 0.8995344234114364,-0.5637373562850949,0.1758278386385257,0.41380510170080287,0.585726666024181,0.23986956218447353
44: 0.8231124317180318,0.5517202460738999,0.474450703691964,0.9268460664293647,0.8709915706003624,0.6363453906230555
45: 1.085240747755944,0.18438002876114995,0.42129364054754226,0.46835574919825157,0.932451037805853,0.058578365686266065
46: 0.391329270721845,0.50686187644507,0.5177312467557398,0.5881306994428935,0.5066605399382343,0.6033470688632205
47: 0.7961711161945171,0.5052648834458021,0.5869495509608899,0.40815969380177364,0.7947732988806562,0.6825449772343544
48: 0.5240923157668728,0.13866139796601268,0.9703545537119846,0.07479161181812155,0.8540849056871127,0.5994357658955491
49: 0.60057084528694,0.4677395298848265,0.6960506070701743,0.1893532477914665,0.5603598172911511,0.25438574526822966
50: 0.5009032876040642,0.3179156201335906,0.513633606049971,0.03786120462639675,0.4938362299684473,0.8154124103368892
51: 0.2771211762365454,0.01327423832682495,0.31997590163457607,0.6702092107353947,0.601526570950589,0.6473163440582685
52: 0.33792005910419814,0.7112537203343151,0.5849415566455881,0.35051590408092537,0.0957642209594689,0.4994432245386816
53: 0.32297402648989626,0.6818903389944266,0.7033121138027071,0.8199461713104046,0.42597465348580565,0.6292463336114472
54: 0.41567276383538043,0.4655167652432647,0.706775300169687,0.5556746980359736,0.5287027651261933,0.5049026302606553
55: 1.0618757657112823,0.44511442783989746,0.4731060029400205,0.554555986520966,0.9457118442799837,0.4972673513993868
56: 0.29273375905151666,0.29633726246698067,0.5634194501391254,0.23886718552293867,0.32613869852330474,0.594886510586201
57: 0.8490179405690957,0.14777815950653522,0.6337240927401634,0.7653021358036256,0.24707337604691154,0.5951181779099217
58: 0.5983656162499026,0.5514910740942083,0.7287384268186254,0.2286625549827149,0.41102479769867667,0.7520644598051154
59: 0.465959159451773,0.5591443300206922,0.9006903303873174,0.49956199109976734,0.903621364654046,0.5096694871685173
60: 0.21856012951277382,0.4211258560119974,0.6381184415638091,0.43780992049574846,0.3466068881915628,0.35575345594618357
61: 0.8753824822798675,0.34468624969460343,0.5071744644596096,0.7103325921232148,0.5942069670397793,0.46433436587973315
62: 0.386643163282527,0.7854644300122287,0.5723094474706115,0.4037617302450686,0.6383113129878224,0.4697175559941193
63: 0.6804142447726705,0.4968506800375237,0.8580984926893017,0.687691925863531,0.8958249153610548,0.2671844913675138
64: 0.6445074717009991,0.7627441840990242,0.5657352030761029,0.45357862300916685,0.6704157375905422,0.8331785505616948
65: 0.7040904319590525,0.8231706729880159,0.648455956207311,0.47600323300249436,0.9284024572067939,0.5729793325892145
66: 1.0032958841394204,0.5175312871918396,0.7901438510821204,0.1606670594327052,0.569770815411215,0.6860756803223439
67: 0.7414861256860479,0.9511380549407369,0.51838756934714,0.5841528944556318,0.9293925124420466,0.5344097917174958
68: 0.7025475559344234,0.7254074669264683,0.7923042633965147,0.5877615158748456,0.4991317821300595,0.8389102657221877
69: 0.9797588289609818,0.4644940999454502,0.7336112458976407,0.9806613884457651,0.8310111209132294,0.8855424049425894
70: 1.0529435803682154,0.7282901310145544,0.850260079880046,0.5565396261632211,0.5381138176073216,0.3294262692121759
71: 0.9452123758821722,0.8301234142429388,0.9879447763114553,0.5972376261150788,0.701459563866542,0.7141947522662665
72: 0.8860267511645783,0.8563358018898143,0.9875942248327626,0.5662086202885903,0.7185449218016632,0.33981799569331395
73: 0.9610023378021487,0.9792888767591439,0.8076819731374747,0.8333194988714417,0.9705960052756215,0.6314575276237031
74: 0.7997507907321695,0.6099344302347902,0.9713049942564473,0.7672107810964975,0.8554482462108748,0.5780007599267798
75: 0.8615797873601495,0.9973147428769061,1.130730903698373,0.6414462422956653,0.6272462919481936,0.9849082350440548
76: 0.6250020902237474,0.6257718215025168,0.7315770966575521,0.7506242425081113,0.9387463552179044,0.7621748843855353
77: 0.9001953682164263,1.151883634935337,0.8731762528650489,0.7468009852058536,0.9686108494653145,0.7247298117517106
78: 0.9035483363896567,1.150972022269697,0.7929540906775253,0.728633425077663,1.0704643178830118,0.6856811883979219
79: 1.0493127787589143,0.7990640983040993,0.8764113594205132,0.6539632464690328,1.0205343103351683,0.9031393124040638
80: 1.2199961901113328,0.8395602820956046,1.0663717456834008,0.8832322424808737,0.8089141495304338,1.0817234421048916
81: 1.0334647703668425,1.2937957798660902,0.8036469391559862,0.8776749007382582,0.7239301647291604,0.664900507765676
82: 0.8314609331516346,0.7140976517848994,0.9548782531649604,0.6776469306977655,0.7390375557223477,0.9641414499598763
83: 1.1455866180230967,0.8056441431003136,0.8382172162681245,0.8041029727309427,0.7549125957121711,0.9555423962199413
84: 0.7716263270557692,0.9615976351308019,0.8829411647831706,0.6307925628184365,0.9950788381058546,1.0128372058804214
85: 0.7980654157199065,0.932544437296773,0.6262377859342928,0.509345348444804,1.0239300739950599,0.8026252398813027
86: 1.0358158578761825,0.985419417905389,0.5615351917845972,0.8470899087465514,1.0759124786223198,0.8224245015279741
87: 0.9154695505161694,0.8724130597107143,0.7678935492103209,1.0037238111747304,0.9607093405132278,1.1105262286324715
88: 0.8319389148428487,0.901679030943751,0.7895440365546985,0.9702710877881335,0.9824141140593959,0.9493334642064291
89: 1.039533388967902,1.0004082239705732,1.083106699392006,1.042754005506987,0.9054533681604348,0.7678956598979816
90: 1.013862126344253,0.9413842190243217,1.0073253477799526,0.9524051203759356,1.106226696819562,0.7761393841747398
91: 0.8850720198639905,1.019700990642216,0.7000266981572686,0.9339837001051566,1.035584700841333,0.816895541173305
92: 0.8926499419740075,0.952668837175649,0.8497444055614962,0.7914246064994486,0.7884995728882843,0.9872413409313896
93: 0.9119451867957781,0.8591033890940055,0.9390514696268645,0.7087166525154059,0.7024465270132565,0.993073851989905
94: 1.0657548490140898,0.7350778340507365,1.0535354490119135,0.5842090732826797,1.046856010133041,0.9500740372408331
95: 1.0351409766288255,0.9592139410330422,1.1113080790408192,0.6754920356010969,0.9800820397250696,0.847037760907251
96: 0.8586424281544363,1.0603765666352025,1.0554032065143708,0.9652736099880067,1.018069527395076,1.1164433684011557
97: 0.9920833917488158,0.9163961082827458,0.9906658136370865,1.2098773960894147,0.9772989822830189,0.8686688799390478
98: 1.1401159377035472,1.0057779050278606,1.027853720264732,0.6531470842452844,1.0152640218770084,0.9853172571309298
99: 0.9389690346858294,0.9425282467822658,1.0272193289030398,0.9474520624510314,0.9171867005509579,0.8546163897361395
100: 0.8475694257106303,0.846875732716168,0.8508299769903138,0.8988613088837235,0.8835276709921304,0.9663071612016141
101: 0.8269192167756361,1.0429290363315658,0.9716501298000921,0.6928868116920539,0.9160812723921862,1.0376025550617016
102: 0.9076747977462543,0.8910162331103385,0.9499329797141423,0.8199793773370555,1.3502277709253154,0.9209401901831802
103: 1.0444738065817174,1.1505226924123253,1.0802383430688485,0.7996493969619081,0.8660473445987518,1.0540260618663415
104: 0.96936702653917,1.0543487371870741,0.9436023900945532,0.9436811517088153,0.9307894088060149,0.9048130255563862
105: 0.9760147263156217,1.03084494098145,0.920317258014,0.8335004277200664,1.1062355775820416,0.8519925714886608
106: 1.0181704536013947,0.9426152830542859,0.8398103316134777,0.9155545356047288,0.8516863359146146,1.0759333713210548
107: 1.0214450859445374,0.9349881748511764,0.8732212060807918,1.0330539254962265,0.9342173608256066,0.7472154026492823
108: 1.1267746350657015,1.0495622338912816,0.8854294129813651,0.9887282994998263,0.8000980185070887,0.7520535162732243
109: 0.9631748852673699,0.9389542371906542,0.8101132752874991,1.0005188052144178,0.9331140721844731,0.7989042983395853
110: 0.8897949787183024,0.9219618517680019,0.911632108972513,0.8775111839176788,0.8776344965980664,0.905930243591211
111: 0.9252859628819473,1.0369080471567553,1.2215926829877035,1.0611425638754393,1.099646905685693,0.9503819517471163
112: 1.0443459568097837,1.1586141294275711,1.0759428278313223,0.9603905421343497,0.969187303779961,0.9421153317892317
113: 0.8763541981640494,0.9686163789003405,0.9729542473729718,1.0593098020893343,1.0391838350591502,0.9739937706936905
114: 1.0470425450834477,1.1992382448844163,1.012026886844843,0.9357586131545139,0.8927770918972004,0.8901163660880022
115: 0.8968222307837301,1.1294708328022647,1.0593714570783914,0.7967024983847497,0.9317074896509536,0.9579086945950366
116: 1.089252689615606,0.9806234735090931,0.8527637353863561,0.901825273401004,0.967313022592405,0.9897887954416308
117: 1.1082787506225866,1.0087714010265982,1.0463405522137312,1.035397012038486,0.8440123366304698,0.9210404027337831
118: 0.9457642973074023,0.9981158753159929,0.8738161927597567,1.0691059123747402,0.7564999465258844,0.9428325248705022
119: 1.1212559336396075,0.8959163961190392,1.0862242399740114,0.9496346403095444,0.867287880408905,0.9377827420968489
120: 1.0020067035142317,0.876967526217184,1.146565926828445,0.8845759026321405,1.0114858058881873,0.9667599106401179
121: 0.9507451582443166,0.9856605752059623,0.9193926721595415,0.8814932017028152,0.8951870495210812,0.9758994879150228
122: 1.0445500418993627,0.9173922631363269,1.0044203255277926,0.8941011840371451,0.9804761633411162,0.8981888786506576
123: 0.9931445237623795,0.9232287384572437,1.0004391606782113,0.9431411215994043,0.8171351690343848,0.9720817511404876
124: 1.0671786911198409,1.028341680306988,0.9258031550424758,0.9034246069197992,0.9399562388622026,1.104859788721169
125: 0.8496299750628433,0.9749244638497846,0.9700951363430005,0.9350540179076985,0.9800625166045244,1.0818114090685382
126: 1.0360471350296303,0.9369162847016932,0.9407185625274964,1.055285415080195,0.9532274446427816,0.8920114713179541
127: 1.0910746772006192,1.0207721512183838,1.0530105599291284,1.0704424009162206,0.9335898940546592,1.069292566035294
128: 1.0640767161861704,0.8111495215181747,0.8932045542000336,0.9263855118514754,1.0273667696669675,0.9303362683616213
129: 0.9641550167306638,1.0200950291832158,1.0655250796860904,0.962545684241191,0.942967580545089,0.8861061371513421
130: 0.9719437768819477,1.0538127895342764,0.9644423721682679,1.0563849925049433,1.051703094497586,1.012583811886137
131: 1.034189877372572,1.0673208191909678,0.8699138034754738,0.7865230050645728,0.9129284560758456,0.9209955493611848
132: 1.0564133044654638,0.9878581822654418,1.0399453803709695,1.0112656504996183,0.959339330331852,0.9880680700543282
133: 0.9498855916677847,1.036411617359293,1.0637159133702359,0.8955361670949953,0.9261254987781875,0.8238028678858123
134: 1.084656318255798,0.9449427436270864,1.0122822181587305,1.0125143670780459,1.0330672246580477,0.9616000373234954
135: 0.9821096564794088,0.9570929145955682,0.9885925498329408,1.0431799463723617,0.8924873543772884,1.0807818526660866
136: 0.9620175415208192,1.0538989498049292,1.0716601026113919,1.0302943569734855,0.9008301621732744,0.9752770820618807
137: 0.9582770877331215,0.8930062295712332,0.9939553233355053,0.909778936802988,1.005365571967977,0.9054540687972977
138: 0.949915377237725,1.032339967774742,0.9001693823651495,0.9353223568293138,0.9275093336548895,1.0627673656497842
139: 0.9893471960353984,1.0295825292393435,1.0402600508831463,0.9121100803094004,0.9733144824111649,0.8737537138459094
140: 0.9341408931906804,1.0290316597585643,0.9291483344784516,0.9331829102509133,0.8522601219265754,0.9549505040881383
141: 1.094776173277999,1.0043595058167076,0.9952353900804831,0.9990283999964252,0.9863333567021726,1.01098661281259
142: 1.001226597608432,1.0014969720608058,0.9115999682855229,0.9165045624340454,0.8706944818642285,0.9868005954290218
143: 1.0370221752574347,1.0443457507521265,0.9310366859639922,0.9718860304822986,0.815639740855399,0.9311797723322068
144: 0.9740487873989345,0.9304298444791399,0.9443498788181859,1.0405788240560916,0.9229760482107938,1.0096047049064503
145: 0.99012480075718,1.009971669867218,0.9536163315911824,0.8989917730363007,0.8441885764400546,1.0007648788861951
146: 1.0331622593265908,1.031965719406011,1.0049877178913615,1.0475709344707909,0.8553400326963551,0.9748096354188812
147: 0.9660264435586253,0.9688804341740138,0.9763098078502039,1.04605135970025,0.9050530693169493,0.9461640118722295
148: 1.07877626132922,1.0555055270524993,0.9905165273488443,0.9722080888493068,0.7220601542841807,1.0242319714865162
149: 0.9689626111836703,0.980967318936069,1.1056208129079586,0.8748772246946275,0.8217959690283227,1.0506507497114435
150: 0.9408719142310991,1.0637485438167205,0.9929407281702102,0.9344422421802543,0.7366690845747037,1.0072791252131366
151: 1.0864973523815944,1.0306675534156875,1.0837242857222809,1.0586152249902987,0.6944948016192165,0.94117036601371
152: 0.978221341446031,1.0676577181405196,0.908758723496405,0.9081260502154542,0.6488155005264301,0.8856626761845665
153: 0.9765539045618701,1.0050846504713147,0.9372870212394891,1.0413129853879595,0.5763230080944155,0.9102353564255256
154: 1.0463342679173078,0.9329503879351304,1.044783938629998,1.0872738206809238,0.5263594793304593,0.9238115539483656
155: 0.9788609641398845,0.9489588217862682,0.9972321063862185,1.0422514264667226,0.45721157777309934,1.0660210378119437
156: 0.9198828747728443,1.0420306483856594,0.9219341733329011,0.8822656213188823,0.3755079638224934,1.0101182256014205
157: 1.0350615561698748,0.9373644935229732,0.977636686440523,1.0388628274437293,0.268786598466322,0.9300172350118474
158: 0.9346760935187237,0.9877829920730009,1.0023890153926112,1.0377891172855662,0.2415370133297974,1.0564156230840855
159: 0.9283065780646695,0.9679472788414263,0.905521984856454,0.9992776413821168,0.13749120526722697,0.964709201266591
160: 1.0131490830024925,1.0293413108036154,0.8792984515307153,1.0951726630945444,0.1721543088933801,0.942731935622997
161: 1.0000216595523643,1.0363959799193556,0.9247622237890627,1.066084296854118,0.18073802200024588,0.9630758117060073
162: 1.015325410434981,0.9100994804445655,0.9471956881923633,1.0910674917802008,0.13912751909572277,0.9723327735970754
163: 0.947634014212487,1.009838174204853,0.953171920916435,0.8944629216660432,0.13327946004249058,0.9399981743276297
164: 1.0396708912094534,0.9135264653836619,1.0286342643034299,1.0399028228143983,0.08241274308030393,0.858444060401405
165: 0.9894088954870763,0.9685746038472876,0.9592575895573077,0.9861472865983639,0.07703962946027484,0.9597749067398932
166: 0.9324819990255898,0.9930857754030068,1.010565342388665,0.9736288928281391,0.09959265955629626,0.9904144346812366
167: 1.061199335420927,0.9532181054222798,0.9555816804381664,0.9733336083232504,0.026377832440621987,0.962225312306387
168: 0.9490945531752244,0.9910562521396892,0.9821907412566269,0.9664560167622901,0.10207396885641076,0.8517577842794893
169: 1.0210234038147616,0.9926909856139013,0.9630625577833447,0.9751339975367217,0.03271329765747777,0.9595976694113111
170: 0.9064020865970156,1.0009608929988683,0.9923613390134362,0.9829470083239557,0.053050841662368196,0.9349949838333318
171: 0.9299536821220845,0.9094090779001046,1.0089896190271723,1.043760998449086,0.03752030424995774,0.9060633308341692
172: 0.9523474518928754,0.9445776484551373,1.0332235744123117,0.9789522649139196,0.045751695129237956,0.929607366253664
173: 1.033439249582987,1.0072593383657653,0.9136804697549108,1.0141761237391733,0.0031559318783448975,0.832874957989693
174: 0.967481340006931,1.0396497712299215,0.9690352203760114,0.9893540250457168,0.042198867064502626,0.8944788458941112
175: 0.9925587776086531,1.0006348620769407,0.9722497375687537,1.0098906098321858,0.034650698222427744,0.8610421889847774
176: 0.9434419132664402,1.0393346833097155,0.9157839513359439,0.9569254379812395,0.014521160794859019,0.8073695015763216
177: 0.9691849401743869,0.969672588533494,0.9700716581512739,1.0067456495433942,-0.004641538318164183,0.8192245154483156
178: 0.9571088547768994,0.9658862096084041,0.9538236227729702,1.0106339643081466,0.032234389576723775,0.7768019439174355
179: 1.0589640251660521,0.9746038792098931,0.9602250973180646,0.9978291526149161,0.01815464890542795,0.760462223748036
180: 0.9973733640019962,0.9962431815083,0.9383228679969943,0.9614694380298133,0.04937345517095919,0.792350887881282
181: 0.990239724380769,0.9943368274869097,0.9746982749183648,0.9796943714161762,0.008887527745038062,0.6413088101234843
182: 0.988852506981827,1.0101194316368507,0.9728373516913119,1.0455788180819416,0.050153611151525626,0.5933006652252067
183: 1.022678905273002,0.9888569377793781,0.9529975490470556,0.9850323018424946,0.05543363320067549,0.5927776080559684
184: 1.0283519787570259,0.9686038790711305,0.9474770801648797,1.0152976441851311,0.02544463829015119,0.4775505191478795
185: 1.0397205378641876,0.9944912717597545,0.9570707305200392,1.0433917241448614,0.020230147156336212,0.4595530471959714
186: 0.9972186773507423,0.9982722204169305,0.9956866310743239,0.9793382327804097,0.039244464062730494,0.44470167931522964
187: 0.975290997965905,1.0324524735663265,1.0024041358851412,0.923837899631449,0.04341536684910027,0.3369030075682196
188: 0.9492163866529522,0.9870420511691737,0.9042944551485231,0.961900111357887,-0.01764094671949657,0.28324517718320513
189: 1.0046821625357945,0.9890283791285184,0.9520903467111984,0.9913819248082304,0.05787734962023264,0.23568734743130207
190: 0.9694924551636837,0.9792095912483053,1.0085576331591872,0.9983977251675032,-0.005603913682992401,0.19749598359633042
191: 0.9949126940304834,1.0053115359319327,0.9572146943188548,1.0312992073502614,-0.0451141159805011,0.16531746528583077
192: 0.9861095437045201,0.9518820983083438,0.9773149944996518,1.04554820047036,-0.0032594377456988295,0.17689514667401274
193: 0.9594734964899453,1.043223422622828,0.9568003275847337,0.9563091547665132,-0.007055417676442865,0.13001431042776196
194: 0.981659934288599,1.0147074848007978,0.9154776645427698,0.9862831544365779,0.05008523747950378,0.14840352003579912
195: 0.9917159777791501,1.0116821831983742,0.9714958443405898,1.0077927281800574,-0.01719643695020167,0.12343196259911066
196: 0.940913359176962,0.9936057250008801,1.009028692608386,0.9882470561489298,0.05969994336017149,0.07974436812180105
197: 1.0005806590315944,0.992978640149148,0.9484757569868709,1.0136260645529958,0.04323333422861195,0.10205586648018662
198: 0.9845691351526014,0.9808233604364499,0.983565195656058,0.9814943344614094,0.040282403608586474,0.06370182682053888
199: 0.9838947304716559,0.9799260047063443,0.9081673881166263,0.9869574795143301,-0.00043332030125332703,0.12164949009191849
200: 0.9738284876081054,0.9436941620366812,0.9595571485945966,0.9795301929406732,0.02249806267257493,0.08597013710907782
201: 0.9906345687002583,0.9625546507482524,0.9638893475198617,0.9849368242646345,0.05708497805937777,0.07740423592151315
202: 0.9919744885377033,1.0003264356559762,0.9670829196360428,0.9762516985046397,0.005268749495376637,0.06456217871408222
203: 0.9734284640611383,1.005398833554371,0.9246649343385565,0.9861468605435919,-0.008758459190280798,0.028966326652458903
204: 0.9815148105389762,1.0150184806565872,0.9626836163181528,0.9965471085127035,0.0026652439453232497,0.026693636335655392
205: 0.9963876497810709,0.9834219973044253,0.9698454858933411,1.032778048049614,0.018807573485739408,0.018384962204474782
206: 0.9757290284024224,1.009068114612203,0.9665998838094673,0.9729020757691274,0.024773226787708824,0.048446542783968406
207: 0.9818361352939101,1.0084545781294105,0.9700253599763804,1.000912500403741,0.00999886912875699,0.015417359286999388
208: 0.9819887373908339,0.9724537892069685,0.9432772676176124,0.9675857230214508,0.05840135637992536,0.0217876895683578
209: 0.9824572019291573,0.9660667647982889,0.9857730614773277,0.9841021034302363,0.002808586953839793,0.06700684323931308
210: 1.0100874128924686,0.9536380870981277,0.9427947992886051,0.9800821667868108,0.011579670860781401,0.04925614543072477
211: 0.9814873383970822,0.9490727934488226,0.9671753021329562,0.9907773015755248,-0.028359661888680075,0.07292894484821598
212: 1.0155559139291062,1.010757526710848,0.966443436769474,0.9924323850016169,-0.003220151310768528,0.05521571971798105
213: 1.0201304942969862,0.9798987637525531,0.9397903060130599,0.9908554652976596,0.010893578101548318,0.03701843472333197
214: 0.9970228715866861,0.9458653532901562,0.9701544133127291,0.9557351720546554,-0.009363215167209126,0.005061177025983226
215: 0.9778532276405063,0.953220240146818,0.9410379881175986,1.0127213877090004,0.013111690299587603,-0.011723604243560136
216: 0.9954432956238257,0.9760914637205856,0.9643943682659485,1.0279695267515279,0.049627306923103603,0.024239948658017645
217: 0.9737420892517062,0.9656797844156226,0.9677619242362112,0.9611491294327094,0.018562416514151206,0.03600120613231803
218: 0.9558659197936997,0.9640404129527328,0.9628317245352531,0.995613309853004,-0.004119526978972422,0.03993086991293175
219: 0.9589657408740515,0.9599438106087664,0.9639146656096147,1.044279039836559,0.016653244733167427,0.019340241135767367
220: 1.009956636678952,0.9955668062898416,0.9331770232565776,0.9789882110318372,0.015714542835969247,0.013326794060760724
221: 1.0050280633312607,0.9789233666929026,0.9719426910254031,0.990679194432356,-0.0016497241826530888,0.008960369848845113
222: 0.989322897009556,0.9756973699265044,0.9462788232969641,1.0327501635940575,0.010504194423051944,0.009100190750212634
223: 1.006927788473687,0.9836425579232302,0.9567772493732203,0.9943619109411498,-0.013059516623074835,0.05436355462691051
224: 0.9509743392804917,0.9571888410336007,0.926638430638954,0.9703468150156468,-0.01380661317554973,-0.003720069641722442
225: 1.0023451625159794,0.985410329455125,0.9543110232572726,0.9638101867947766,-0.0016909728620399384,0.04004217332609407
226: 1.0021554109343613,0.9994093122232842,0.9805991814831271,0.9866727456381732,0.02258510027584841,0.02724037461647369
227: 1.0064709998967707,0.9664591570399207,0.9486278658702657,0.9864925248354552,-0.0023316073980297943,0.015302283681736419
228: 0.9934548556542774,0.9854894827574108,0.9592847965844967,0.993576148511889,-0.0056702257391901215,-0.012429685931484087
229: 0.9690731301118382,0.9935473157351163,0.9406940949730327,0.9634487973751017,0.004799078457591812,0.008717077617047281
230: 0.9935951717881366,0.9787266203284103,0.9615173202613381,1.0037261065338117,0.004109098483371361,0.0005325470666706477
231: 0.9777190968244484,0.969292288645977,0.9585124448725006,0.985086303304907,-0.013910869686296616,0.035981961744600735
232: 1.0105001121480526,0.9922304736533885,0.9491954582476702,1.034305116860175,-0.017064033339378577,0.027574049104875084
233: 1.0050339762577365,1.0048282571484402,0.9551054659504304,0.9967177900033115,-0.011063159138586201,-0.006808925798223696
234: 1.00018312399755,0.9817140853225123,0.920603456027747,0.9553823700771434,0.008742906478048007,0.013991351738449563
235: 0.9888879103053017,0.9769732930590976,0.9116476664834663,0.996859543866895,-0.0019182032779377044,0.0217924235677514
236: 0.9806962402228668,0.9547102332891324,0.944391375328299,0.9828620861493546,0.021471397260085723,0.023295623253165552
237: 1.0033858913586042,0.9836430774780225,0.942582452911753,1.0051293461363295,0.010694054634326733,-0.02187747168747934
238: 0.9656363083459945,0.9955682801992204,0.9280960848355789,0.9925059810686061,-0.005938611089168178,-0.019928544215567456
239: 0.9900884661699153,1.0029176231934414,0.9106762601479106,0.9919626076930401,0.008765976264835627,-0.01729085903108677
240: 0.9807697673986616,0.9623357688280245,0.9242095300681086,0.987591205813808,0.013789574227282171,0.0031608524160362623
241: 0.9820993025223805,0.9953544526079204,0.9254479664926569,0.987211054813757,0.011575120516005694,-0.006147312585593296
242: 1.009195912280745,0.998003461535119,0.9228820945693713,0.9971188669710801,0.004122941023459354,0.021446801229752205
243: 0.9754613320848616,0.9987131170525657,0.9378031903062395,1.0029539495832103,-0.003988402324586665,0.006941834154293145
244: 0.9925965967438839,1.0072234911655265,0.9223605663117637,1.001598360305513,-0.00044494645368276745,0.029386866180950977
245: 0.986141908840211,0.9927845931096562,0.9055434652966946,0.9991915471879061,0.008909442552375949,0.012915339661911133
246: 0.985386733801035,0.9919645737041097,0.9081999710947456,0.999509916573118,-0.008313785437852867,0.012112829182882895
247: 0.9880852267055157,0.9803654254120339,0.9002103281783752,1.0055474094194892,0.018827333393626043,0.0004698229504823924
248: 1.0008062540096951,0.978561463388238,0.8539149249359099,1.0114605821324152,0.0014557686256442808,0.008345675656187313
249: 0.9984845752301589,0.995572399053761,0.896627521528028,0.9871345718259467,0.012097419434636623,0.01564774836428224
250: 1.0064706763107363,0.9868896279474617,0.8914952717806445,0.9939956416558299,0.007754339452983407,0.007525720689098024
251: 0.9788258316454075,0.9947531064051213,0.8655000429060318,0.9948579389680633,0.013739104996902356,0.015683557612851534
252: 0.9877721195624078,0.9846250834383131,0.856237245625424,1.0076001478416583,0.014333736086237121,0.010138812187061011
253: 0.9843531175171086,0.999950441079752,0.8553472014943617,1.0057869220253388,0.0017540909523571908,0.007750256956710262
254: 0.9972171799595616,0.9856995651104214,0.849021928973157,0.9804599262835788,0.01582577751036635,0.005541004630432214
255: 0.9914009800339653,0.9985242656578173,0.8185265059535205,1.0054673556813596,0.009544644462226547,0.012423677312388973
256: 1.0006124872162747,0.9802694399753621,0.7911581927753945,0.9946221393912955,0.006466411341967787,0.01751485275414463
257: 0.9959663743938506,0.9696599366484858,0.77081389030804,1.016516402171882,-0.0032560817834547083,0.00393491761176378
258: 0.9844316632725327,0.988293684357546,0.7423620773916875,0.9751148355004999,0.004281470523516276,0.006179926998411167
259: 0.9898987298246356,0.9918022116910823,0.6710634245492791,1.0023290662979347,-0.004447553661701659,-0.0048252357554347414
260: 1.0028227218176247,0.9901918643195288,0.5862693178784014,1.0018965015568828,-0.00023546761655426646,0.008500589104465224
261: 0.9994240522993958,0.9952041360779241,0.5313127958193157,1.0001711200209709,0.027468640334914245,-0.006793472080487632
262: 1.0072524577893427,0.9891259995136834,0.4539877263640168,0.989651004123123,0.0005965063219519999,0.01627406527679429
263: 0.9975334849256161,0.9922910606426336,0.40960316868613894,1.0004962439412899,0.0007445969250699279,-0.005635476082262352
264: 1.0047641517405264,0.9732067118123146,0.3649672358567517,1.0123668334130704,0.009547446241684767,0.0027815606664175615
265: 0.9847951053163871,0.9805058696001137,0.3146198061627229,0.9868195132035366,0.009574338344709676,0.0016031592651269155
266: 0.9877451734768457,0.9962909469218827,0.2621581600620251,0.9996782485243688,-0.002540568109351468,-0.0052058183187571015
267: 0.9999397247209332,0.9851958030831032,0.22772541784501474,0.9870945643618395,0.015236276524269529,0.014479852666394408
268: 0.986017568676396,0.9988022943167363,0.1968017449183843,1.0047647895498077,-7.719045346659889e-05,0.0016842591465243127
269: 0.9899154701266473,0.9867961581909622,0.17258356384362522,0.9995979558068878,0.011162937566219732,-0.010530872198981297
270: 0.9809219045763211,0.9826244618272599,0.1552978539399645,0.9908554962474415,0.006720734617738059,0.004304238782795499
271: 0.984219890206579,0.9778593808373582,0.13558933524410788,0.9856221738336932,0.0073787620296585695,-0.013146980872985756
272: 0.9988974574255411,0.9862180723672928,0.11220444122864574,0.9989180236657262,-0.007520016899042794,-0.004563580170072384
273: 0.967294890576836,0.9935422736074151,0.09991473816778258,1.007666468113667,-0.007767852313988563,0.00832319650614803
274: 0.9814817045483819,0.9933431319110786,0.0838294588525443,0.9934821238997624,-0.004940700854685197,0.013554824521147342
275: 0.9846985902882455,0.9979280124777616,0.08145297538139222,1.003204221173364,0.013907173360171398,-0.004583243719932081
276: 0.9904829473216601,0.9802113947985684,0.0845502467309724,0.9889243560902501,0.00994613470150121,-0.005257544666872234
277: 0.9885744476174347,0.9914641968953697,0.07423451167590527,0.9866390559243138,0.005953564615885256,0.005030321951973891
278: 0.9962299242351292,0.9740343106293997,0.051716597411187615,1.0087460103662682,0.004782183712026202,0.01012458943750327
279: 0.982603352876407,0.9983966619268169,0.05989625917132218,1.0172107601269722,0.012090718855520158,0.02062660360372399
280: 0.9918959874300032,0.9981137130010539,0.0530229011954738,1.0041112290653262,0.018518059868356595,-0.007667059635591691
281: 0.9729858443173236,0.9939823936389172,0.04470015397590099,1.003731953839611,0.007065460917361169,-0.007515058577619867
282: 0.9938300061509472,0.990948966365783,0.037080402675605584,0.9993395270729887,0.0034582745485925393,-0.010345685529379235
283: 0.9792387485448618,0.9920246145162193,0.04994110377109662,0.9961675400633,0.010306409051305195,-0.0017412844313627381
284: 0.9867219786928807,0.9911174652491416,0.038368674423513376,0.9985653883217949,-0.00206796300501637,-0.004544315393152079
285: 0.9731123845753604,0.97371750943294,0.03369876626048948,0.9869996002783674,0.001721692738486285,0.006289037544526397
286: 0.9929658611208738,1.0005622822559965,0.025576580573737184,1.0060957528157983,0.007430741076829807,0.011391304465530702
287: 0.9937439302765333,0.9940180336571655,0.035903182824995494,1.0009872882000663,0.0014098547592287496,-0.009471854472856912
288: 0.9953177987608579,0.9938902379101546,0.03772449444912827,1.0124130628916717,0.003729153756168113,-0.012207313648488911
289: 0.9812976876162653,0.9828371652662091,0.030135039841126948,1.0042986687979742,0.001887039252951538,-0.0024401967219834673
290: 0.9895363092931496,0.9980503215185934,0.019316053240836,0.9945306126248782,0.009506010011716606,0.0033947387493024365
291: 0.9887312685851154,0.9974093898147603,0.017689838337982898,0.9971404078932598,0.006490860932662096,0.0022927728319340184
292: 0.9906066953901604,0.9925111719420899,0.013930313717183142,1.0070349185050178,-0.0004959152306568803,-0.002319433382794882
293: 0.9939974867180612,0.9964296501483262,0.020154338007853736,1.0068401078014841,-0.004019459256995369,0.0008913424470114702
294: 0.983470275424254,0.992584831612688,0.011328019903676547,1.0090525634733987,0.003927651148194332,0.012565959049358845
295: 0.9859308328458266,0.9872668955047956,0.017190244616008907,0.9943763307916292,0.006636083384448561,0.001941467337715782
296: 0.9851571292321424,0.9942766367186714,0.02330508787528737,1.0139945431189314,-0.0012922756646879816,-0.005384277905958069
297: 0.9786654950158656,0.9901987575963108,0.014901595989215125,1.0041595113615303,-0.004868228427033846,0.000774119936505654
298: 0.9859670238096104,0.9897096521440005,0.0056809129961754076,0.9898352100205456,0.011465209880080282,0.0034693141650519142
299: 0.9802424496899177,0.9829749014821789,0.007687013847958595,1.0043601623067286,-0.0030615912406527016,-0.008114341937026759
300: 0.9897808034174027,0.9977491595520327,0.014016635635626856,0.9966794395486669,0.011199607207257808,0.0018841559110644003
301: 0.978689850618255,0.9852168625568086,0.01826299737899204,0.9925202752198471,-0.011464750154277193,-0.0064440501550402495
302: 0.9789101610286722,0.9893984366476385,0.011593999849577697,0.9993574079582878,0.005666405998073767,0.0017747990757878804
303: 0.9932071908280049,0.9952613567186636,0.012915336041548877,0.9957847928437502,0.005080301056862768,0.008284622203650498
304: 0.9827105965602698,0.9901826021299605,0.010194551271255799,1.0003947744083257,-0.0010130991779686007,0.008776161667527564
305: 0.9736046699434044,0.9861014225095424,0.007256939998922344,0.9987299401311869,0.006161440903700017,0.007178511671188329
306: 0.973355778578553,0.9934480413974344,0.007126538523039033,1.0023413196019908,-0.0024541772699415553,0.004472873855436743
307: 0.9744713814188696,0.9985126580494111,0.0110748901496612,1.0011359936911728,-0.0004748319460456344,-0.0071267360505186585
308: 0.9702588446203398,0.9947683703181123,0.008077411684643999,1.0025066162966658,2.0413977707997404e-06,-0.0014327151569680364
309: 0.9764258264003227,0.9871602444668406,0.00746513796196004,1.0019696965621494,0.0019611732044365615,-0.0013289580330880474
310: 0.9803391213577982,0.998421033394816,0.009737774301602947,0.9940392134929372,0.00570247547659069,0.006468214815863182
311: 0.9766092707493558,0.988788842776626,0.01406334251033661,1.001761084423188,-0.0037266262763230758,0.0050845271586634
312: 0.9715511627177419,0.9918938488341958,0.013346013144443128,0.9973010391714288,0.004453252140759137,0.0068983975269228765
313: 0.9785145924674669,0.9950772127031455,0.014621672776974409,0.9997784660953016,0.005148567284510259,0.0060191775051994635
314: 0.9693629637208131,0.9915112368867101,0.0004187821450137418,1.0026753460997666,-1.7251615943538173e-05,0.013850802912712496
315: 0.9744868605226994,0.9920114235848843,0.01163148521140632,1.0056513646395728,0.007559657773224001,0.004168961586798064
316: 0.9677017607559855,0.9871030137862425,0.006944576754969982,1.0037965550358123,0.004501533699601253,0.004744069945188627
317: 0.9710761224468619,0.9943069217691666,0.004985353698375039,0.9960404814802059,0.003544452320873819,0.0042280423269192464
318: 0.9610265151997094,0.987867497348191,0.01018104243823164,0.998739279564146,0.006050152631885405,0.003556899701147362
319: 0.9680825912791986,0.9900327824638077,0.009373689089778025,0.9924307748148684,0.007943585447822896,-0.005325596728515831
320: 0.9666292493406242,0.9915896007086948,0.009830773293291845,1.0037601045679765,0.008644586173680451,-0.004315297898980392
321: 0.9570247820491522,1.0006449427898252,-0.0012816607560211801,1.0026603351020476,-0.00459171728894075,-0.006261632026579925
322: 0.9616010300979415,0.9969624175152672,0.002248072530067673,0.9999454049477344,0.006945654204926173,0.0008170312268428106
323: 0.9624673268674022,0.9942660096222531,0.01631789390856474,0.9988732545279052,-0.0001516261427345557,-0.0003244244459503667
324: 0.9548468670097077,0.9792458020040709,0.003039296383453737,0.9962031483946666,0.005733341842628544,0.009505091610547464
325: 0.9579027399658578,0.9982997104326399,0.011681691728637922,0.9994077699319875,0.007558401673513278,0.008505528157749513
326: 0.9575328907709423,0.996624823655443,0.006278670619246275,0.9981184783164224,0.0025305646171648296,0.0025193879909551054
327: 0.9518855625274673,0.9877998428656856,0.0025331332855548427,1.0012248174148572,0.002666325908586242,0.004460840203721455
328: 0.9534347680201934,0.9936762667885288,0.0034360103758799897,0.9963831942828529,-0.0036603457334234016,0.0018108259161083672
329: 0.9456713288261447,0.9938783538095454,0.009157569528482925,0.9926859452117905,0.003232670467371966,-0.006635432578643487
330: 0.952010111375739,0.9945167695542569,0.004978713740975313,0.9976592793730419,0.0050842586384739225,0.0011084704585585666
331: 0.9448935361473447,0.993993347439291,0.009987426610042135,0.9954012392156046,0.002461864687371136,0.005284221925986909
332: 0.9426944951539796,0.992413734268082,0.007439918539676536,0.9905198799245104,0.0058498632459409,0.0028960556968206917
333: 0.9404920263530985,0.9890162897956737,0.004032203835313789,1.0049440526634894,-0.0010688929793413208,-0.00039629340095256524
334: 0.9378489198807706,0.992033148363758,0.004517929793065622,0.9994779833705797,0.00018758113914977073,0.005927448696559599
335: 0.937854099524336,0.9925536045739902,0.0019654293327321932,0.9971110148095836,-0.0008477976924866288,0.003373803112772423
336: 0.9397862226165395,0.9985241358421583,0.004286587044482863,1.0005769261350272,-0.00025443273233163475,-0.0017440738879754662
337: 0.9367290191188419,0.9895693966095185,0.0050492680907076514,1.0009859340059093,0.00036238842296920475,0.0015871098071980625
338: 0.9313093227063172,0.9925842008773282,0.006002351486359723,0.9934363327099801,-0.0022967890295416127,0.002609716365468599
339: 0.9271476369079722,0.9903822126063032,0.0013815363414085569,0.9980378804463937,0.0030404868458521234,-0.002591731671625893
340: 0.9228127544120603,0.9955323576673951,0.009697237592587869,0.9993800661661334,0.00012349268038931672,0.0015550221985801015
341: 0.9190876047118184,0.9908323882000918,0.0008445162298991596,0.9957433200020925,0.004681705235064035,-0.0005596003516244482
342: 0.9187467318011389,0.988188066168222,0.005553755768620251,1.0002766879416514,-0.003589827103217885,0.004586830180724642
343: 0.9130402115387893,0.9904333273969633,0.007875883006158903,1.000710524057596,0.003988554171984401,0.00591729585370553
344: 0.9090654019929492,0.993991477868463,0.0009658762006279462,0.9963820166288551,0.008557194442960372,-2.4677456031421468e-05
345: 0.9082919249616409,0.9943025343764226,0.0024802629915449794,1.002411531976772,0.0052502811449694434,0.0032901015292400885
346: 0.9000734772335313,0.994973055218607,0.005255966840541473,0.9973647556923314,0.00029426440102128847,-0.00199530245566901
347: 0.8881451186456287,0.9966447430706383,0.0024727764279228685,0.9965034704453667,0.002680024924220112,0.0057838417119157395
348: 0.885564591027839,0.9920984790655802,0.0073835546017159415,1.0007161372219247,0.0038041060960404167,0.0011727584455056802
349: 0.8789109269719303,0.9945681568618421,0.0012391871631531218,0.9976782292443437,0.00038754740667281047,0.00023856643038411285
350: 0.869046649071528,0.9909500159444047,0.00020323169709639786,0.9969570428243186,0.006999498538980221,0.004000018047877189
351: 0.853290827992127,0.9895971087483781,-6.518988116197954e-05,0.9998206073116289,0.002152931161025043,-0.0046413040967481405
352: 0.841485860261694,0.9906856166196615,0.009074967730360657,1.0047616974337903,-0.001655296673111227,0.0003841375844709689
353: 0.8258923241155232,0.9932726528145467,0.005320658152344547,0.9981775159851364,0.0033301777431335748,0.0008956609762585379
354: 0.8044377939532534,0.9982451845428291,0.00425430194112632,1.0005430887063547,0.001596122870069575,0.0022314961490795793
355: 0.7919418586833924,0.9907766751512965,0.0031808754591812526,1.0000707366541044,-0.0014807357610974858,0.0024262881811098398
356: 0.775912475694521,0.989920944276316,0.0059123201833046046,1.001900955766456,-0.0019927805128984594,0.0017728384754084495
357: 0.770254951444964,0.9888196286616062,0.0028659056177550925,0.9994498423921029,0.0003739777966657687,0.002456486863055422
358: 0.7614879535367963,0.9930536205609285,-4.870550708219439e-05,0.9995875399067163,0.004200561557715566,0.0012260070271363451
359: 0.7549970300098976,0.9954974515132846,0.003107010387675783,1.0008996115320643,0.0008227862094525803,0.0022840462695899737
360: 0.7476979409902336,0.9905042916108449,0.0034793665103934543,1.0012169183942594,-0.00022188449072142865,0.001799576735800964
361: 0.7319756569035587,0.9938451803313534,0.003415396373141847,1.0007127451405733,0.004246709455589604,0.004764611186523231
362: 0.7105170563232988,0.994646569962674,0.0012271066942972642,0.9981858964543204,4.630871824450912e-05,0.002575218852437687
363: 0.6928900082256876,0.9973617981905771,0.00613159888543331,1.0034146432018258,0.0027746814112343107,0.0003885007861189444
364: 0.6849943025335482,0.9956958471041755,0.005366398620339356,1.0007919868784467,0.002790426663551823,0.0008571378445876787
365: 0.6796182693455216,0.9917209730371728,0.0039009625539952837,0.9970418934043825,0.006225134217113652,0.0022170506715982813
366: 0.6753701484747149,0.9920174804223233,0.003925462242652542,0.9978387811274475,0.0026466243888480985,0.0003506278684167251
367: 0.6733407826948264,0.9904168795498559,0.003358612775833031,0.9997452804215866,0.0008398900091798386,0.002545093759499154
368: 0.6578643403220711,0.9973167493797355,0.0038653600015645584,1.0001925229415585,0.002968096390011003,0.0013383302712698239
369: 0.635084404983216,0.9945983791797638,0.002147464818557646,1.0010364255502622,0.0014409241802040447,7.366039704935663e-05
370: 0.6161675990830339,0.993925938752363,0.0022176899164923006,0.9977748936135811,0.001963278458631377,0.0013740912872608354
371: 0.6057550215034133,0.9955929887677069,0.0033774165263454805,0.9983786878200963,0.004118922911168357,0.002411611850958929
372: 0.5808230354094204,0.9903421098994277,0.003749069727237417,0.994917761480716,0.0011932136394225937,-0.0015209497465893396
373: 0.5495072811405427,0.9946784811422252,0.005570281168305984,0.9967368851749117,0.0023502753918128267,0.0039048200403100945
374: 0.5438489574157475,0.9955698382882456,0.00214379015473021,0.9985475333699314,0.001009106851656234,0.0006685359163917277
375: 0.5378292563918298,0.9971895035885898,0.006181697670786791,0.9966835416851906,0.001613576391934151,0.0009886846424104383
376: 0.5213610365730098,0.9958426432293249,0.0021740373559513025,1.001593121923067,0.0015426080219790438,0.0003799672584612367
377: 0.5050598584785578,0.9945881327857221,0.0025762348543742716,0.9962967148632048,0.0007301556363605529,0.0011444258272054345
378: 0.4962835128280455,0.9948210618184198,0.00435820459603982,0.9973922585328544,0.002083540708778251,0.0029010273326641554
379: 0.4851262789958392,0.9958638996495398,0.0031093677522813015,0.9989927315923752,-0.00029643347235118597,0.0023018563251606407
380: 0.4580416293942116,0.9938751161188453,-0.0003973747824271307,0.996584732690718,0.0026191610271760766,-0.0009164408726930547
381: 0.4392496025367503,0.9940486549050533,0.0039210367041634326,0.9979952483401946,-0.0006896050215717256,0.001727779485481392
382: 0.4284045454228824,0.9958250978976888,0.0026061895443476382,1.0024511907113758,0.0022093413105797855,-0.003373123482921075
383: 0.41112464380362257,0.9976327456438179,0.0005415628401295263,0.9987286931081676,0.0027395209130075147,0.0009119993840783337
384: 0.4099082984606122,0.994245043661336,0.002619956005049985,0.9989056151421404,0.0022302915768295283,0.0021570542171906936
385: 0.3787157254542394,0.9962571410043332,0.0020235296378231502,1.0001566980501384,0.004224815867883395,0.0016716014619033081
386: 0.36182937867457277,0.9961670038487223,0.002529654241517242,0.9985051439829945,0.0007470687252746017,-0.0024144610752711185
387: 0.35058230541555,0.9964295266720411,0.001326512855882222,1.0002280851035708,0.003892340341469633,0.00315787961980275
388: 0.326564343753702,0.9962456350379966,0.0013882732505529282,1.0000364656459169,-0.0017432540238811137,-0.00202052355992418
389: 0.31480038567708096,0.9961867639131099,0.004791665231411345,1.0011367356104655,0.0003737701705583366,-0.003220075323189499
390: 0.2997465860162612,0.9976402242600686,0.0015948015997897073,0.997767276459071,0.0005860685448192363,0.0006837842372591237
391: 0.2696276132769732,0.9929791036861533,0.0016963203150800838,0.9966869872910757,0.0022139217930823895,0.0013586255823731044
392: 0.2588502489376572,0.9975366255826348,0.0014094480263553196,0.9982229573058901,0.00016985694087834628,-0.0007858015548612715
393: 0.252396126403925,0.997567508285747,0.004492972650581411,0.9994708347874454,0.0015355618456112628,0.00189612970732591
394: 0.23211498054322832,0.9960076589255056,0.0015879312993136024,1.0005712527023833,-0.0002837284356792069,0.0027417608305597245
395: 0.21716420107387013,0.9945002906293633,0.0015450838560694717,0.9995920895053507,0.00027557259651871916,0.00047261012618495684
396: 0.21959923003231097,0.9946155344282644,0.00043172315916536054,0.9991234394274003,0.0009995185259332644,0.0013476793818009043
397: 0.21307358977581195,0.99644916604298,0.0010127337541075607,0.9994282164463211,0.0017697538143471706,0.0010590253620429797
398: 0.18815955367737258,0.9978776864499441,0.0016445960227778396,0.9972493601153439,-0.0008475364954335044,0.0019789084047546453
399: 0.17677031131174076,0.997486875551658,0.00113111775483151,0.9978534328681767,0.0022856172287263354,0.00022179798690150792
400: 0.16796690910381468,0.998142865529652,0.0021035377903980846,0.9986163955620153,0.0012699026628054393,0.0006895289201151084
401: 0.15119414130610379,0.9978804196109113,0.0017694188380039653,1.0002082301035704,0.001612363569270814,0.0010519945934124497
402: 0.13617440985371135,0.997206593550013,0.0015010615424568146,0.9995396594898759,0.001639659492922298,0.0014349279753095277
403: 0.11884384407435118,0.9960493443521763,0.001006507848263373,0.9999079123329683,0.0002605313884460139,-0.0005968028383285409
404: 0.10633528975665853,0.995958378788211,0.001490204724808312,0.9987854274646016,2.463824720268671e-05,0.003167119997634372
405: 0.09864227980693484,0.9960650986499083,0.000564808151864019,0.997344560734609,0.004326976809188298,0.003976681752466406
406: 0.0946056783526305,0.9969048234287573,0.002204776006274803,1.0003544295196418,-4.157627016529051e-06,-0.0006050938915217281
407: 0.08954934447308258,0.9968945378463198,0.0023697366184014775,1.0005141856372246,0.0014195654173262873,0.00033939017361915677
408: 0.08218260743767529,0.9962673993945732,0.0024734013221356403,0.9987860777428966,0.0015678467109407604,0.0018261342130670973
409: 0.08308667709944842,0.9964863505819955,0.0026700698026205505,0.998416527861909,0.0025536347054041482,0.0020571652709219755
410: 0.0749583812505448,0.9968210618888211,0.0003138523486855894,0.9990906355407675,-0.0009523755558572293,0.0011579251423598487
411: 0.0686185401560356,0.9964515555192178,0.0024338683434705953,0.9991501653724298,0.0013910880195655638,0.0018894786062589532
412: 0.06302593801062327,0.9957391914313357,9.580475255959006e-05,0.9997747218908652,0.001408463298581966,-0.0005329267486873848
413: 0.061550291342592364,0.9957007149037359,0.0011436027685473,0.999448096293618,0.00197630813223326,-6.230669891653861e-05
414: 0.05515884246829822,0.9959661360881904,0.0011781201152263818,0.9991747245318665,0.0005775895898477309,0.0013948588275796395
415: 0.050345175273016594,0.9969346123813141,-0.0012497704454794405,0.998280521967073,-0.0002876329910737412,0.000845550365238152
416: 0.05255427802449815,0.9973125093568881,0.0013627186605879198,0.9991749432689517,0.0029376393493211438,0.0011175593727285678
417: 0.04899229893897961,0.9959829854629199,0.002222100806965265,1.0012686406268083,0.0026109201157672717,0.0007485542793780782
418: 0.046267554338606756,0.9936224738070036,0.0020597229245127957,0.998580711882634,0.0015593216240527095,0.00031622727934977387
419: 0.04634939742557259,0.9954797464444778,0.0024478392833295797,1.0002145307034314,0.001936200017574899,0.0011966689873841724
420: 0.045193959243829594,0.9966833297719896,0.00312930147691405,0.9985961998425774,0.0018552134499512513,0.001848012656323924
421: 0.04089374407761563,0.9954070394373943,0.0003394330184572228,0.9998197744924315,0.0021763933208080403,0.0015614128592786592
422: 0.039095666364466056,0.995524962747112,0.0012741301618651695,0.9989504266291025,0.0016709247994696344,0.0017090601036693649
423: 0.036525879790301925,0.9955005493551856,0.0007989268935031182,0.9995847261867923,0.0010479994919010776,-0.0011046557289910233
424: 0.03563220283817898,0.9968688604980082,0.001710046355379634,0.999395013018318,0.001676698323362786,0.0005116120729473037
425: 0.03662163270666938,0.9972551901185879,0.001510760815887511,0.9999109923771404,0.0015203043445268876,0.0009012051279846884
426: 0.03316638161138685,0.9969264844795762,0.0013794591661563883,0.9986425416549667,0.0021827263864782256,0.00017621906807415138
427: 0.03283327162461034,0.9960262868744738,0.0006892537847987098,1.0002076242295719,0.0009535654459163692,0.0011732163268854626
428: 0.03084478638633797,0.9966188413014556,0.001987796215495194,0.9994641028054598,0.0019491932009577943,0.0008733138672499924
429: 0.030552196454528665,0.9970288137478087,0.0024971625288178947,0.9982022254020436,0.0016444867334845733,0.0012269431631634087
430: 0.02783733389362137,0.9967221538749852,0.002238779545490309,0.9997859113330475,0.0019206995322337422,0.0007975413346712767
431: 0.027254145431406827,0.995556050933306,0.0010665001139633255,0.9983873547712163,0.0013070819795261064,0.0007107261056763562
432: 0.027426139386278865,0.9974159613670769,0.0003523036218050611,0.9994604414305093,0.002116729872447944,0.0011374071527220314
433: 0.02614169543237197,0.9980173877232973,0.0010731752785080929,0.9995433353673461,0.0008708277854884932,8.756182143325984e-05
434: 0.025310647862577695,0.9963779304017634,0.0005730696656288621,0.9996203207925505,0.0007999431281023205,0.0007570065826240252
435: 0.024857673727425735,0.9968314539279288,0.001176711314531456,0.9999325081203714,0.003052602531773651,0.0005913009880762623
436: 0.024629532665916855,0.997065726590827,0.0013838285547134541,0.9996143831930333,0.0018708118537397835,0.000537661731508713
437: 0.023728362495503315,0.9961693699401165,0.001219037092750528,0.9997352132609522,0.0008205168663210307,0.0018181356890137781
438: 0.020917581586408638,0.9969994927039103,0.0009738289346779892,0.9998598773054025,0.0018840446715370778,0.0006007375637755328
439: 0.021336192120825232,0.9964928371683391,0.0011702941510572447,0.9998731261278673,0.0017063023093306965,4.9027741637354925e-05
440: 0.01991142451003333,0.9970573008934851,0.0014858429959956616,0.9996590065539219,0.0007168691242459966,0.0013995921136389245
441: 0.01955571775960273,0.9966707194329221,0.0019631475221398667,0.9978265548541517,0.003299229973308857,0.0011791757678611668
442: 0.017278529171362224,0.9980383266057589,0.0017029751080888766,0.9998432990699907,0.0005170065014929991,0.0017807547943220164
443: 0.01780000283393055,0.9965043150183842,0.0011264979470779557,1.0002203811677177,0.0005443350024642257,0.0016814557659257843
444: 0.016552449677897728,0.9967382790169651,0.0005057930451683781,0.9994526396471801,0.0015162817087059739,0.0001924671311684783
445: 0.01571326941213231,0.9964122897966721,0.00014172711504677811,0.9986699521416953,0.002465433342332637,0.0009829348372716938
446: 0.014535248555193347,0.9962189012180322,0.0013644372844418432,1.0000250201424672,0.0009224731506978627,0.00021770678409617971
447: 0.01442342218198584,0.9971901106820622,-0.0005117157330031617,0.9995832547043864,0.001943433598568565,0.0022652972049450864
448: 0.012643068594388792,0.9971856960816107,0.0006716523490842508,0.9999766016941235,0.0016302330668579402,0.001278615086277678
449: 0.012415740021841128,0.9974731132322954,0.00012046525628950052,0.9991031672065614,0.0019143718679115044,0.0007706111918857905
450: 0.011625436114930627,0.9968629745021517,0.0006771012490406393,0.9995407705906594,0.0011585060578855925,0.0006976717438103575
451: 0.011496926424784277,0.99730867340421,0.0013478020056554713,0.9997171307850979,0.001352897612814732,0.0007897140700310128
452: 0.011258616293158465,0.9968472880998702,0.00026356989063427787,0.9994712705061197,0.0020291556308475543,0.0013013972316687208
453: 0.010603301103332042,0.9984801739395233,0.0005732948804822024,1.0004036429757446,0.0015146459879488037,0.0014790904707170079
454: 0.010366956879697018,0.9961320181271389,0.0010795634484601175,0.9998843116574869,0.0011143419006518702,0.00035343000736296685
455: 0.01064451700274112,0.9975664945914253,0.000832774568376915,0.9990714118007462,0.0013591468347099748,0.0005778590429553153
456: 0.009502337902915995,0.9976179484369372,0.00034525887074636,0.9994287364826404,0.00046162125516331144,0.0008480316495126968
457: 0.008798599101227147,0.997066367843352,0.00095769266952391,0.9985502857875888,0.00040075060056855047,0.00067936944937196
458: 0.008659169719115643,0.9969590962151434,0.0006199739659210539,0.9990580032636529,0.0013078343625383382,0.001556339236100255
459: 0.00757330684138129,0.9965437043243155,0.0010191557893138694,0.9998809365393153,0.0016245441588183568,0.000657860554742531
460: 0.007158963330156988,0.9967750774752528,0.0010976692813505526,0.9992981476823484,0.0016182559249355002,0.0003967458272233652
461: 0.007942412647517539,0.996787032309959,0.0005182346279072401,0.9996583502423003,0.0010092223785989143,0.00025182958783148907
462: 0.006828673472483864,0.9974061304553807,0.00048583025573409165,0.9990073199734912,0.0020497436996950538,0.0008173728724953578
463: 0.00754065200903465,0.9971351103787363,0.00026305029543839296,0.9996654854929827,0.002644218543818358,0.0004939697387166488
464: 0.0062655270941586955,0.9963715560395626,0.00046962847243645507,0.9998733485709957,0.001777612733279478,5.676020718113888e-06
465: 0.005999566190334741,0.997006801894963,0.00021674748339972052,0.9992120178814965,0.0010055287197632456,0.0010619153518514172
466: 0.00623469175952318,0.9974109378434859,0.0013617591932344978,0.9994686952960314,0.0007981779606956119,0.000875779112797196
467: 0.006165777366801878,0.9978531862615606,0.001192654273546188,0.9994341927019377,0.0014682302896836669,0.0010064793639959465
468: 0.006558506413985606,0.9975837419875007,0.001330072173462431,0.9992434662474907,0.0017839857986553932,0.000138297781151721
469: 0.006049395522172991,0.9967619144341412,0.0008741406549690066,1.0002405023195173,0.0015017880743971833,0.0006895884834165897
470: 0.0050741304895156976,0.9976828572923252,0.0006509267009623854,0.999121822938746,0.0014424639922108256,0.0015318103998869337
471: 0.004804263243973157,0.9977602842334834,0.00036648350114307693,0.9993931749505486,0.0013739950630572617,0.0005885936345300703
472: 0.004855799748886418,0.9975699378253552,0.0006486885223846929,0.9999369031451613,0.0010451593629125517,0.0011293364327749865
473: 0.004447389763515674,0.9972302768532937,0.0006765088969071793,0.999636691402726,0.0011243130713816676,0.001010974559738032
474: 0.005465912423864008,0.9980253563581679,0.0010614820675279566,0.9990534186825506,0.0005373951198925875,0.0008147056059658895
475: 0.004870728692652305,0.9977208631805321,0.0005543363022483137,0.9992239750903598,0.0007894046839048811,-0.00013541123824446246
476: 0.004545961859325691,0.9976423092628404,0.0009340681919583562,0.9999179666259704,0.0015060648871297866,0.0008793051181078359
477: 0.004522339338381408,0.997401165310229,0.00027901031219403,0.9992363075420179,0.0013290432928394253,0.000679853152258827
478: 0.0045535091145633266,0.9972322645031177,0.00114437742697054,0.9998473230446262,0.0009786184266674179,0.0006317301320893229
479: 0.0042271777993752304,0.9978753949447683,0.001172014626955653,0.9996150285031143,0.001749070990138834,0.0006955030442594345
480: 0.004651557532650782,0.9975464916599619,-0.000345241645200533,0.999224690985521,0.0005244081507148384,0.0008055192496889896
481: 0.004245049952665449,0.9977365600791728,0.0002679627150308621,1.0001058115094796,0.0007788621459130745,0.00044836508477147315
482: 0.003754908531356212,0.9977169758091575,0.0012662994283455932,0.9994004598322864,0.0016703158661598696,0.0003117345405331559
483: 0.0039368386918141665,0.9975579685290783,0.00066143510100067,0.9996699509007718,0.0014899685570916516,0.0008014146367926814
484: 0.0041397367156227275,0.9977669009243011,0.0008074914434455628,0.9997631424149026,0.0017398322414884522,5.5607813963796156e-05
485: 0.003975063216854375,0.9983318011648511,0.0006194957723330936,0.9996166754181999,0.00090760559250313,0.0011257079258025298
486: 0.003790690124816001,0.9977982277250711,0.0005802899679551775,0.9997085852428779,0.0009784061865201702,0.0010557948998294886
487: 0.003233321126153498,0.9976269403519785,0.0011311518092644091,0.9999549802927072,0.0018505372629432164,0.0005405064336644859
488: 0.0032266537761720406,0.9972772934278218,0.0006945680789440063,1.0003495355020346,0.0011049347452069095,0.0003357064339221544
489: 0.00356707083205396,0.9974535411718242,0.0004274263666598012,0.9999265277209047,0.0010851153492882255,0.00029278069350350796
490: 0.0026620715838985725,0.9969250290288272,0.000748827356549842,0.9995476984480373,0.0009532703547907306,0.0009957091977155768
491: 0.0029444910895562158,0.9979449824427468,-6.332880535774661e-05,1.000137913739742,0.0011702312119639727,0.000930481863680308
492: 0.0035791426722213268,0.9977874795760493,0.0007695596906804967,1.000005386250876,0.0014013270410116862,0.0004731209278540024
493: 0.0029058508922946437,0.9975863418696242,0.0003836206610698936,0.9997007159039502,0.0015781797140093858,0.00035378759408310253
494: 0.0026963230111072597,0.9973302169253334,0.0005663234099964003,0.9995592883363941,0.0009105975816407442,0.00015167219910210876
495: 0.0030266477298021366,0.9974155573139059,0.0010222486553862964,0.9997379880476561,0.000890980025388648,0.0006283377812574246
496: 0.0026625490668020237,0.9978507389046327,0.0005144722873290303,0.9994815886364397,0.0011444281807883089,0.0008043930292400557
497: 0.002382315391248849,0.9977186761220936,0.00024607669525772863,1.0000634273389102,0.0006007656708171783,0.0005731425233259415
498: 0.0024952716021329484,0.9975331561506134,0.00033534290557383524,0.999844061487678,0.000903060311725321,0.0008130668651266833
499: 0.002089686847869495,0.997669257459067,0.0003487584291332761,0.9995859898815558,0.0013222168143432343,0.00038338035367699677
500: 0.001959185445828952,0.9979894498056471,2.710568936880166e-05,1.0001760446677064,0.0010224450805466382,0.0007498097890164162
501: 0.0021705406957898124,0.9983428924243781,0.0003699057500183419,0.9994767394361844,0.000583032400155364,0.00038602199974839286
502: 0.0022300617392961566,0.9974436189835468,0.0004147803568909336,0.9997060541910909,0.001119486952897203,0.0008197391571593006
503: 0.002456046391949177,0.9975695800323178,0.0008177903755584744,0.9996348621311364,0.0009114695431356931,0.0002856460868246157
504: 0.0019655617338565747,0.9979682057814191,0.0004609445091405328,0.9997069571038963,0.00038676874330378843,0.00030147537622648985
505: 0.0019956658957455933,0.9982604784594709,0.00017418174845548013,1.0000082625038809,0.0013599735624921939,0.0006318975462155331
506: 0.0017061786612435857,0.9980611291986512,0.0003061428844614032,0.9998467007740168,0.0009477279228110865,0.0005466645149511343
507: 0.001928486736965257,0.9978671837407544,0.00043922101153432184,1.0001387171712257,0.00039863404559319906,0.00018082266336095262
508: 0.0022719783555619597,0.9977803218504125,0.0006240045302850207,1.0000127481121364,0.0007043603992760961,0.0004064505679472119
509: 0.002048002218636252,0.9980896342531759,0.0008482059251743242,0.9998668035017838,0.0006789680303038945,0.00039496194671243847
510: 0.0020027027169895813,0.9982179446259539,0.0006317982562992735,0.9998962963726552,0.0007595453362997248,0.000650988288309162
511: 0.0022319677278696604,0.9985527110146462,0.00048752902515138277,0.9994552228663934,0.0007486314458969648,8.320583733798323e-05
512: 0.001918385048780502,0.997802293849783,0.000653211223324414,0.9998241917093044,0.0011195154247536979,0.0005572122001279834
513: 0.0016148936976062714,0.9981745824570021,0.0003985622923073219,0.9996378121638237,0.000739775612019417,0.0002906168487793985
514: 0.0011400501943310492,0.9979676931635131,0.0005269422302841115,0.9996949095376768,0.0006831353564459922,0.0006245960192420534
515: 0.0016213096602437811,0.9980358829421194,0.0008821439708256324,1.000107067384075,0.000972751216298248,0.0002861812898270645
516: 0.0013574974301296886,0.9983266894390331,0.0002488973616649985,0.9998732900368441,0.0008011185780140434,0.0006177144148855192
517: 0.0015560797935625485,0.9981145583776645,0.0004842835987640204,0.9999291558348888,0.0011137652085716563,0.0003902103798520939
518: 0.0013038612223613345,0.9977971089802868,0.0005581366383292774,0.9997896883283558,0.0008367952086983672,0.0004504413517733437
519: 0.001107510693265269,0.9982316587601753,3.750393791090073e-05,0.9994556084551776,0.0008421979564244013,0.0006998193908689537
520: 0.001673455847658907,0.9980311307546077,6.102206753149557e-05,0.9996344503605709,0.0008281874171728868,0.0003645343710322356
521: 0.0015275926429019998,0.9982743174822446,0.0007965217386707611,0.9996161600538707,0.001098002359630956,0.0004874993076690223
522: 0.0013041141592471924,0.998324201332849,0.00022556355499741917,1.0000561452861378,0.0008641686450069124,0.0005858793215572245
523: 0.0011203801180468156,0.9981678902850729,0.00039342273116608876,0.9995889145754921,0.0007957569013779301,0.0004166048745513649
524: 0.00118845067293819,0.9978212641107017,0.000555656376248896,1.000397022472313,0.00079516922765448,0.000475393335893444
525: 0.0012927452530261967,0.9986114070158998,0.0005264570432204564,0.9995552873209843,0.0011062725617770964,0.0002925155232419363
526: 0.0014988199297836264,0.997860770975142,0.0004612775226471892,0.999957206348404,0.0006487645932523746,0.0001361565293742825
527: 0.0013198107906173039,0.9979947269257724,0.0002807220291730038,0.9997190989764865,0.000682081862775078,0.0005255231141964002
528: 0.0012653728033206572,0.9978799636511245,0.00038014245018499365,0.9997271603946025,0.0009477924754966718,0.0003486407964833842
529: 0.0015526809331653235,0.9980770400408118,0.000392821915366519,1.000419342838832,0.0008437556889460715,0.0002834513137497679
530: 0.0012435929626374309,0.9983126625166882,0.0005024126897148478,0.9996871098051088,0.0006773861383996025,0.0005240891323378972
531: 0.0009862842061316751,0.9984187323934051,0.00048771454112364615,0.9996874852078965,0.0008241078169809809,0.0002028832805941445
532: 0.0010520576735798838,0.9984289319155648,0.0003327958860281441,0.999739201826897,0.0007935177659939302,0.0004586756118653148
533: 0.001188624319175491,0.9984264760080428,0.00040199475341632523,0.9996740074897412,0.00047959947336380214,0.00014370638847957962
534: 0.0009050573672869627,0.9982498029242012,0.0005877369235521902,0.999868458818288,0.0006151184659025284,0.00018892384589580774
535: 0.0006233985541127168,0.9981339483716,0.0004253839257538677,0.9997910939316258,0.0004977138844959951,0.00010017787698038812
536: 0.0009275276475394807,0.998280901346127,0.0003089439429175281,0.9996951271377685,0.0006335715536398461,0.0004306329260193791
537: 0.0010984521853919778,0.9980676092680728,0.00011700921396791872,0.9998258563380552,0.0008368353897839893,0.00015622187135240007
538: 0.0009807997970391555,0.9980266722495686,0.00027280596495623014,0.999885431469078,0.000679160066583459,0.0005092955391026934
539: 0.0008962228691652677,0.9981474784130316,0.0005883062908504644,0.9998479070829999,0.0007679755264768292,0.00038322170871955727
540: 0.001037187921666456,0.9980142114534206,0.00018444332473912262,0.9998512656040338,0.0006344125464992638,0.0004058333182018416
541: 0.0008297489025342656,0.9985462002541012,0.0004406201052525371,0.9999634516266442,0.00047582733510582613,0.00020997595627619554
542: 0.0011182346883977347,0.998332632566741,0.0003187343533201623,0.9997741970916117,0.0009272217090786877,0.0003215373151910668
543: 0.0007901968511740642,0.9981599470798782,0.0004449851283109051,1.0000704168527863,0.0008241352664983702,7.845265102566126e-05
544: 0.0006990586348083926,0.998252445663994,0.0005518643508473274,0.9998688085319144,0.0007924021533995868,0.0005065525811873182
545: 0.0009575872339932964,0.9983017941395392,0.00029399176645326615,0.9999423992827984,0.0005050775172943055,0.00019975608545514737
546: 0.000842043637028388,0.9982394854169052,0.00029812750853391753,0.9997875391100174,0.0006653637485590303,0.00016165768328234217
547: 0.0006539041576319382,0.9983442408325247,0.0002305173254543482,0.9998199943965672,0.0005051020776906944,0.00013437270221587706
548: 0.0010471741907532005,0.9982006545815606,0.0002256114195887113,1.00007407092492,0.0005754335855545743,0.0004930059135378508
549: 0.0008358708700964122,0.998145571832647,0.0003558684461276049,0.9998128076620474,0.0006109225301504925,0.00019096368164698234
550: 0.0007407728794310268,0.9983010240370116,0.00039986924518718546,0.999745294832329,0.0004871270055921788,0.00013280349266907106
551: 0.0006640941958922568,0.9981061250849266,0.00011053383706501556,0.9997747797896736,0.0007796044034185875,0.00030143559364243454
552: 0.0006343346060028521,0.9984518803933007,0.00039465458061032656,0.9998644131072836,0.0007037173383670574,0.00018064021131389187
553: 0.0006447548587669292,0.9984191843391019,0.0003138671861401768,0.9997322736173472,0.0005480942143410453,0.00040821837713325487
554: 0.0008909785581163396,0.9982213482128072,0.00022487762468678216,1.0000736881084826,0.0006295695656255987,0.0002665325229498081
555: 0.0006942962214463544,0.9983999052863626,0.0004382678808895886,0.9998361743497856,0.0003869770151639113,0.00010416729086953506
556: 0.0010013557997571925,0.9984402396608879,0.0002477686033966165,0.9998802140897401,0.0007832169909122821,0.0003341078417299625
557: 0.0008531290159110653,0.9983586847855873,0.0003210415679604338,0.9998228952990548,0.0005307815129420105,0.00020382104991993055
558: 0.000746121703169106,0.99839021799292,0.00020609339953106667,0.9998299866450918,0.00044127414406961113,0.00045171901280311887
559: 0.000712960047443292,0.9984952025665412,6.507742100558407e-05,0.9998120693764387,0.0006085934776431587,0.00010014128157808958
560: 0.0005229096798558641,0.9985768399111042,0.00045316115269089323,0.999833171127625,0.0004559758076714685,0.00021527051741070626
561: 0.000672671090407251,0.998510217977285,0.0002878417522415269,0.9997643251731367,0.0005973196707931371,0.0003667123538597395
562: 0.0007612999444734253,0.9984700882828839,1.137290892445252e-05,1.0000065120020187,0.0005068526998307803,0.00020863937770688364
563: 0.0006697944061572285,0.9984682150400721,0.00018431406941509757,0.9996840954451839,0.0006899525515121185,0.00038893536658326795
564: 0.000467132238494195,0.9982530000029033,0.0003279031168707379,0.9998347113150596,0.00032777033607949834,0.0002015380366573895
565: 0.0006769899789895746,0.9985728426734622,0.00042224786989953733,0.9997601522718128,0.0006429719535986964,0.00029761849608533035
566: 0.0005374797096284889,0.998340464150056,0.0001582022877697363,0.9998680680994352,0.0003982127094303219,0.00025595401551067393
567: 0.0006955785532325072,0.9983994051396486,0.0002455922137052451,0.9997805993446623,0.0004794325679844803,0.00032698821642990336
568: 0.0005217727676838618,0.9985175630714977,0.00017165438034178162,0.999795267033016,0.0004026430173339794,0.00010652240079616027
569: 0.0005030845588456467,0.9982049878577107,0.00019179106586569958,0.9999316923801199,0.0003575312600032223,0.0001991196582402938
570: 0.0005412365264813214,0.9984807636666869,0.00012343954393948415,0.9998586391280183,0.0005129756521323543,0.00017847095206092328
571: 0.0007024186782449097,0.9984576350396007,0.00035795490105687794,0.9999356768643902,0.0005382648076903401,0.0003141100896518422
572: 0.0005572321251243847,0.9983676664206567,0.0002691330433769202,0.9999502375372955,0.00037223948606752457,0.0001947113706760245
573: 0.00045408790989370876,0.9986284641748596,0.0002648016346334264,0.9998821348065576,0.0006510500182225309,0.00012587822509369613
574: 0.0006071026255065834,0.9986161218193474,0.00029839979035771664,0.9999616263866032,0.0005407875948880504,0.0002628715419193462
575: 0.00047993234825920465,0.998502970842582,0.00024303927401409038,0.9999335837107969,0.00045610685499046006,5.6214186707114275e-05
576: 0.0005820611250592233,0.9984482909894745,0.0001439082379070132,0.9999251054278974,0.0006253176808566839,0.00011603353206729846
577: 0.0004291078054402328,0.9983659731667138,0.00022361962343270172,0.999942482006583,0.0004656707308757606,0.0002450310591111859
578: 0.0004592139177055383,0.9985239099453413,0.00032150540134014095,0.99992142593547,0.0005180022217452995,0.00016938838831233508
579: 0.0005133769563483696,0.9984880736096381,6.02053530246286e-05,0.9999414266115595,0.0005292315946722632,0.00016390704843348842
580: 0.0006721311071835936,0.9983184746296315,0.00014340257115345027,0.9998893799241683,0.0004124263956746022,0.00025243054028900835
581: 0.000565280395416184,0.9985285780778498,0.0001204563160597389,0.9997620013420445,0.0004165009978619065,0.00020945904789331938
582: 0.0006330649153417484,0.9985940798974333,0.00015581646989814115,1.0000700173468353,0.0005014158021565056,5.446199531766019e-05
583: 0.0005258530917280637,0.9984969453290299,0.00033363031403916594,0.9997865010679405,0.00048389561137938204,0.0003580216641599879
584: 0.0005526419836426517,0.9985542234727973,0.0001880325605234697,0.9998750082166422,0.0004107419635881647,0.00012301270821245486
585: 0.0005123580399077703,0.9983847301354697,0.0003573375766287554,0.9999143741164622,0.0004127222214120234,0.00018374055779028195
586: 0.000471479297135861,0.9984314697418434,0.00025603555521183386,0.9999266584657354,0.0004435173424619683,0.0001400521020609769
587: 0.00035134346412068383,0.9984150424586056,0.00022977608386104184,0.9999005771550221,0.00037501225957006345,0.0002086216317918773
588: 0.00044103799817765796,0.9984830775475856,9.82265067751804e-05,1.0000736650407758,0.00033573433914009683,0.0002759613636015875
589: 0.000414907723701519,0.9984582235593032,0.0002530247485061812,0.9998542345849839,0.0005089133576480006,0.00011043369649109996
590: 0.000520916850818479,0.9985219786987471,0.0001289839315202863,0.9999142532689557,0.00037584626399663677,0.0002287297070646154
591: 0.0004817137712898672,0.9986315030093535,0.00020362258067543675,0.9999073436232772,0.00027407285046390697,0.0002531472510279733
592: 0.0004605303862759417,0.9985522196470085,0.00013739782957444049,0.999974848266704,0.0003439542227275891,0.0001926121653967079
593: 0.0003952440575812403,0.998582300467753,0.00016857577259140298,0.9999058029834732,0.00039485252901880956,0.0003038926522724798
594: 0.00044816696239974665,0.998514453329726,0.00020883221219558835,0.9999458433030971,0.0003917512681576824,0.00011312961712809886
595: 0.00039491597871929487,0.998538255477594,0.00011165865771400385,0.9999975244971921,0.00048170490823880926,0.000110874460583427
596: 0.000390850489388237,0.998606341093234,0.0002713155359909683,0.9998328003084463,0.00035854644231926396,0.00010868298457094078
597: 0.0004588449065743233,0.9984632225151302,0.00019999177331606066,1.0000016601081774,0.00034556570126342595,0.00017416848781557777
598: 0.00046324678179776975,0.9984832163442459,0.0002934887131400345,0.9999889323512821,0.0004571431018621802,0.00019915728921212703
599: 0.0004216537990187261,0.9984948528742423,3.866336352102695e-05,0.9998350947173665,0.00043907000479847006,9.45536776852169e-05
600: 0.00043012142876256766,0.9985848643399042,0.00014266839917702632,0.9999941230912498,0.00031104125608700996,0.00013206485630745438
601: 0.00031044047384707506,0.9984905567465067,0.00024210661748060301,0.9999010459783831,0.00035180492080893745,0.00014860433114305096
602: 0.00035509775166852166,0.9984383928728576,0.0001780049897620228,0.9998579098150345,0.0003731570316528714,0.00023247707353597058
603: 0.00030375959483627265,0.9985353844978149,0.00019180453323749093,0.9998629605441587,0.00031555123548831777,0.00026721647978588607
604: 0.00045193350736562294,0.9985571428388955,0.00014204779494518636,0.9998861155496035,0.0003306341055826687,0.00014184582822522528
605: 0.00039058546118443655,0.9984772457781416,0.00010984645059522509,0.9998943663123714,0.0003891215604892145,0.00015810070352735602
606: 0.00027956579690605813,0.9984989239681713,0.00017263654961414585,1.0000291818303317,0.0003996381551463002,0.00014248732163649487
607: 0.00029501995866787126,0.9985844761726763,0.00018979846946029394,0.9998952509513048,0.00035367535195943546,0.0001616189493393102
608: 0.00042152659098198907,0.9986090596454618,0.00019272738326521895,0.9999619516121633,0.0003585921651028699,0.0001074437513566097
609: 0.0002614133213933008,0.9985872597815978,0.0001503796708235951,0.9999641521354958,0.00032134179633188503,0.0001366146129306788
610: 0.00036518156558733674,0.9985721319316856,9.294514674695946e-05,0.9999032733358186,0.0003301645854575911,0.00014809443860173835
611: 0.00024593913575712736,0.9985090792935846,0.00023929085312418894,0.9998472301984969,0.0003056845145006921,0.00017274520114679892
612: 0.0003177858524761638,0.9985482093179029,0.0001835616189096238,0.9998627854902127,0.00038545449886220407,0.0001777316369805975
613: 0.00026222936315345094,0.9985366093883316,0.00018968244261764595,0.9999364215789988,0.0003398670303606285,0.00016173726231800576
614: 0.0003311504388534125,0.9985519963186787,0.00020892662841244807,0.9999240450695209,0.0003179391500040555,0.00016124290711629896
615: 0.00026592594139097735,0.9984823459569768,9.578052231458455e-05,0.9999747512597714,0.00031470738029362884,7.91197504165385e-05
616: 0.00021508795996969714,0.9985767456461929,0.00019703449593244223,0.9999109478616515,0.00028019778686386984,0.000177321160072687
617: 0.0002066976200091166,0.9984978842905792,0.00013127102542686406,0.9999927129915097,0.00029535226488633425,0.00014262751676132542
618: 0.0003740669580763876,0.9984501620800003,0.00013883950746005572,0.9998996544213472,0.00030313148483231557,0.00020359709160697913
619: 0.00026289999632363674,0.9984385309115558,0.00016460857378505447,0.9998930365123102,0.00037947142596652506,0.00010939555766130582
620: 0.0002629702064706501,0.9985064038482043,0.0001965135440103353,0.9999129346164627,0.0002784601854586888,0.00016255923673063444
621: 0.00027784696141518953,0.9984762133125481,0.00011093999981177973,0.9998418717933113,0.0003247598843598696,0.0001570391184923285
622: 0.00023024443948220687,0.9984901660255832,0.0001457553826885587,0.9999168313056048,0.0003479585676553514,7.130879514580451e-05
623: 0.00034352295506366836,0.9985050901071951,0.0001549468211433043,0.9999445427301022,0.0003095558659313614,0.0002105332131349858
624: 0.00026772561382320083,0.9984852634948966,5.197625227902394e-05,0.999931524635024,0.00027002219020811637,9.086722907430096e-05
625: 0.00021921991714002258,0.9984957122968866,0.00011899754774430935,1.0000049219690559,0.00024592028778095494,0.0001727251392340933
626: 0.0002670471865855584,0.998500875523278,0.00018881335686837854,0.9998916660616185,0.00031155887571026426,0.00015224187614250792
627: 0.00021581660868267438,0.9984629186287561,0.00016249988651472974,0.9999431852446148,0.0003429768217486455,7.41350707949619e-05
628: 0.0003246895894692129,0.998570425938601,0.0001475995048907657,0.999881145635992,0.0003251394997992154,0.00012169396395694435
629: 0.0002805182732333239,0.9984590623579671,9.181813656821927e-05,1.0000025862227053,0.00017915915117937552,0.00011809661330763103
630: 0.00024131210806656875,0.9984795758737802,0.00010172678269077465,0.9999027022111172,0.0003237495328330872,0.0001435934175331121
631: 0.00025332926102663764,0.9984869420281107,0.00015120778995657657,0.999873579188864,0.0002954236604930624,5.71270556506707e-05
632: 0.00027030992484620845,0.9984828992286127,8.419980463648195e-05,0.9999327129771454,0.00020051557121036152,0.00014727507910441262
633: 0.00022867531806893663,0.9984072698870687,9.875603085616163e-05,0.9999832313947392,0.00027456342398184764,0.00010820485023240539
634: 0.0002628394954624576,0.9984716482585089,0.00016000649966495088,0.9999424025275512,0.00028759949045259285,8.115816090162412e-05
635: 0.00025646351546466717,0.9984546118880121,0.00012595471465389236,0.9998870547361745,0.00029169149227584645,3.163886911980753e-05
636: 0.00026833432468985677,0.998505599270745,0.0001359363191949485,1.000012420947414,0.0001893531265764703,0.00015884970002260558
637: 0.00020789679872326779,0.9984116032059417,0.00011168598837457862,0.999981984708497,0.0002034780358316091,0.00014430556597159872
638: 0.00024605509219462494,0.9984624691730347,0.00015090900693397533,1.000004621308207,0.0002516075232569556,0.0001804757084294105
639: 0.00021732003056301272,0.9984415279596456,0.00012931977728006337,0.9999143570411877,0.00022593145242407264,0.0001134775985791285
640: 0.00020124732639733347,0.9984067927470515,9.828287767713888e-05,0.9998446587621396,0.00028582010845547653,0.00012209991389717248
641: 0.00018779936821886886,0.9984518766547307,0.00010288291691454491,0.9999632148222615,0.00023351257881871324,0.00013615122617321063
642: 0.0002559725486868486,0.998436683614394,0.0001258732174819026,0.9998782963420958,0.0002737762486701703,9.38790599959546e-05
643: 0.0002041013026922952,0.998507597128786,0.00010562355262471747,0.9999920298941694,0.00022116837187899076,0.00010138430445059233
644: 0.00023517884793236102,0.9984091516431702,0.00011155892061362216,0.999913297600228,0.0002427650109088078,9.36813025882187e-05
645: 0.0001926176199951288,0.9984208926108231,0.00013947802769923053,0.9999415481583976,0.0002469721312561373,0.00010731979919879289
646: 0.00020338887881873654,0.9984844144313484,6.596264562284498e-05,0.9999546827154985,0.0002782379877483966,0.00011025397721897492
647: 0.0002064034482117303,0.9984501120034714,0.0001234444820674775,0.9999506492694729,0.000231509732250874,0.00011667235205394642
648: 0.00020826367234585223,0.9984474591678087,0.00010817642147857417,0.9999606636339516,0.00024332817932679637,0.00015847794150028276
649: 0.00018223352808872503,0.9984531858712882,0.00013404703007649103,0.9999011262002904,0.0002626020194401269,8.533844032172015e-05
650: 0.0002196879514824654,0.9984180012096993,8.89160413097754e-05,0.9999121719091321,0.00020478856586138503,0.0001232614291298687
651: 0.00016717285346576024,0.9983842918381929,8.897533852269168e-05,0.9999577100329794,0.00022205829362648992,0.00011443333892791155
652: 0.0001706890685557341,0.9984296176857098,9.265357989018197e-05,0.9999286999663196,0.00019783547868730276,0.00010972475539254449
653: 0.00020441141902442867,0.9984518433867033,0.00010780483808314356,0.9999414617377163,0.00021442859184369844,4.9351563913422714e-05
654: 0.00017759702418827935,0.998436135430116,8.474624985482947e-05,0.9999255929375376,0.00024040313806031148,9.345536553296671e-05
655: 0.00013601633381067323,0.998449824633455,0.00013225293464546282,0.9999152646307174,0.00026308962781208453,9.382871813109472e-05
656: 0.00020863598382133932,0.9983850366100364,0.00012114484119034644,0.9999467865020555,0.00025440328612062426,0.00011056714275960225
657: 0.00019678852503478677,0.998384232768859,9.473599807456346e-05,0.9999123379814371,0.0002499724211024292,0.00014321632776467206
658: 0.000164424143143727,0.9983498319295014,8.286349200476948e-05,0.9999390989390987,0.00017456053704301475,9.728497376692217e-05
659: 0.00019738589599977257,0.9983735673471762,0.00011973522558425522,0.9999682116205088,0.00021023368069443305,0.0001157791409850434
660: 0.00016665250546692612,0.9983852411728326,7.401920668994521e-05,0.9999357962260593,0.00021607576988227136,0.0001265569906300727