1: 0.7052095676578016,1.587495441822084,0.07227506670332806,0.5573546884744882,0.2200467226745601,0.6517616903418766 | 48172.21
2: 0.7771483824749744,0.41947637505483565,0.23611416188952133,0.9593338798886234,-0.322959810018869,1.1314319640004056 | 50552.05
3: 0.7890364000678571,1.0200547504003041,0.07026105522809734,-0.029065194354650492,-0.07206019269347974,0.8225321687302133 | 48172.21
4: -0.057282470185024636,0.14346233555960242,1.2725745910651405,-0.3786650501169062,1.4248198575628754,0.21043879941066856 | 28580.1
5: 0.9852504906448809,0.8110824078649906,0.5460736450282876,0.32096906580386175,0.15416559915805744,0.12224987301233564 | 50253.86
6: -0.9502540256558447,0.0877156707926981,0.8505793100584835,0.08269070107604193,-0.25854205475161396,0.6583355194696234 | 31054.25
7: 0.14430148992316788,-0.25564980462201325,0.4886844678946105,0.26963464472853027,1.0774136999340138,0.6404787140090507 | 36070.35
8: 0.6076161171934717,0.9995868245077739,1.5763740654274494,0.26351012314788697,0.5923831710254174,0.3200727151826792 | 50129.78
9: 0.7972458651243444,-0.3590336651856547,0.9324168319559426,0.07372290905510864,0.5014364329351528,-0.53176479995157 | 36518.24
10: 0.37438586901978366,0.2343988284781498,1.1999452321332376,0.6796022353186625,1.3409320707073746,0.7491647767672738 | 36070.35
11: 0.5169415579017741,1.0500654124085615,2.078017746214022,1.1024571905539529,0.5694454334084473,0.6551041473090646 | 50129.78
12: 1.087786237308603,0.18839224627005163,0.08366184330714527,1.672470807515847,0.34320830758437804,0.42372755270465257 | 52237.7
13: 1.1739029233426577,0.4040842830831238,0.5664191780208453,1.0897765752648956,0.20459115739498746,0.4659958709193622 | 52237.7
14: 0.6588481736736833,-0.08805837256455717,0.7788379662061748,0.22485059671868413,0.49393510546914626,0.5995821229905736 | 35839.8
15: 1.4268917089905497,0.672160420573308,0.6565860645737086,-0.4882635828728016,-0.07750573137049555,0.7311866860470418 | 55206.41
16: 0.8857636133825331,0.856923927790564,-0.2740492447934967,0.03133335374569862,-0.6219449792066916,0.4064881140658003 | 55685.09
17: 0.2943785812755242,1.039148269436577,0.4233540348335114,0.5899475336913621,0.23552342035699378,0.7377196271649411 | 48172.21
18: 0.2145041749308092,0.4381390604203391,0.753428946048194,1.008662638429835,0.30519046239082015,0.8394394559969058 | 45902.42
19: 0.10165263921082096,1.1829050576807303,-0.09470723187593988,0.21954692725237557,-0.25941347236518486,0.5083772903336901 | 45374.57
20: -0.240546889640757,0.7200219407977766,0.3711656175688035,0.6085398938744627,0.29203795648868364,0.7973519738540902 | 45902.42
21: 0.9318403554318229,1.2294388101201856,0.2930576211965964,-0.04153702389994207,-0.09617070900047564,-0.1382604009628403 | 50253.86
22: 0.5095461134165392,0.5509078603061198,0.1869372699045781,0.313939579961088,0.9141870173333235,0.3541187811132305 | 51397.85
23: 0.5213088395665885,0.9606191651871157,0.46215702873209685,0.6452940669084477,0.6901036031828574,0.8751011665600809 | 48172.21
24: -0.02011453787429185,0.6054873175892992,0.48613462158639625,0.5038784102364875,0.4403866063475832,0.768879986843707 | 45902.42
25: -0.05675702699296914,0.5105727795559776,0.6955479540246494,0.40313964672974717,-0.27209160390050846,0.3988618364860941 | 33287.25
26: 0.3107617950616053,0.6376537096820102,-0.13820292053347982,0.648526175404309,0.2511218319306582,1.0436430283835754 | 50552.05
27: 0.5948433016433468,0.13045691643845464,-0.46993428416075333,0.7549488060856793,0.9382445174660369,0.2692041631424938 | 47762.47
28: 0.04026445256515099,0.27609156002351154,0.24780485302788124,-0.031446492516906455,0.5930134801438836,0.2730537900607586 | 36070.35
29: 0.6762490127474672,-0.06969479270590584,0.015899868967765185,0.4349847674818039,0.9301503163056666,0.16283022899291716 | 47762.47
30: 0.47323716589853065,0.02895159652605428,0.45758068943627916,0.8126781324088828,0.9315006724896422,0.32306225717014025 | 47762.47
31: 0.7847610313587579,-0.11888813017836408,-0.0969525550979713,-0.3270383205222859,0.7665153962901495,0.4218488714225947 | 36149.34
32: 1.0137299197112932,1.4716358168841133,0.09604860933330661,0.09421878761840868,0.9753133464674938,0.5495238269179944 | 51397.85
33: 0.28818835614831306,0.4793744162728729,0.48971773295358695,0.07986143457489803,0.7596626913379249,0.6949936954650986 | 56021.18
34: 0.9847261452223708,0.5034139750837789,0.009053228363780419,0.24669627257670854,0.5106935860391648,-0.010777639250671545 | 55983.47
35: 0.9782392603241199,0.5673187905429048,0.9825366517956216,0.40912472512492004,0.5865293409861186,0.348959432450382 | 50129.78
36: 0.39909687002139643,0.06513821890618787,0.8010553786261138,0.42880739693610886,1.3542346125923572,0.02935465524292402 | 47411.45
37: 0.44776161096163597,0.033120169164032265,0.8952538653026985,0.8222377830109544,0.5663806186799205,0.4090803540403471 | 45486.0
38: 0.7661513655722598,0.7291643372658736,0.20512341166083414,0.6436371735450181,0.48355448163534887,1.2845791241716158 | 48172.21
39: 0.9880271356497576,0.4455671918727957,0.9258743695420699,0.9229296610993254,0.48897933593684245,-0.036411852185282645 | 55133.41
40: 0.3861596684423453,0.028003985266554343,0.6447242753980573,-0.3651370631919557,0.849170482165686,0.7975629394426187 | 36070.35
41: -0.10682915636051471,0.027123412550103976,0.9277589021876615,0.7044456366030278,0.7084880723347718,0.07873774247370269 | 45486.0
42: 0.3407221213445551,-0.05568600082709707,0.5296636467980701,0.568610129092108,0.9145776008594868,0.6438567392189346 | 36070.35
43: 1.017715778823577,0.3648740457342897,0.2558285907013993,0.30752551340392287,0.6480066212378952,-0.07469828843968163 | 55983.47
44: 0.30848404147594577,0.6856112451423276,0.28650267592332407,0.47225250375189415,0.5692962029085673,-0.2187103849114489 | 55850.42
45: -0.025579286206830476,0.4715947533987726,-0.07066851364458171,0.3463935028279205,0.9933548155872383,0.6555869000307665 | 35852.08
46: 0.41241754521275853,0.6685488518264422,0.8128927636483733,0.5622412457190953,0.22376245023032376,0.5967889685050263 | 33287.25
47: 0.836267298775666,0.9290830732795534,0.3438038157622497,0.5814737698550962,0.17271014894209896,0.5425282500196082 | 48172.21
48: 0.07122684142927743,0.42771250012097994,0.14540962268089747,0.2651040083047127,0.4724332433088895,0.2707195436967524 | 35852.08
49: 0.8128989977018773,0.431345580782097,0.27328244128163237,0.8831236238901896,0.4485665768524944,0.5036721286696736 | 52237.7
50: 0.26325515108557707,0.6408316882731758,1.3956431474789444,0.7516635260171041,0.3323666510816722,0.40433148418471576 | 33287.25
51: 0.006180324249596636,0.15158246527670166,0.6557684542211745,-0.21552042244561287,0.8901941186247506,1.0826564281497006 | 36070.35
52: 0.8220171311789903,0.4909576433578433,0.17012886434273933,0.10322804739579161,0.32462074154258025,0.14567456363387155 | 55983.47
53: 0.7721485718968712,0.2642756545460494,0.2692770710250081,0.5899949820662576,0.2185618955107938,0.2509407785703074 | 52237.7
54: 0.2985633608625283,0.9150735652818951,0.7272375306874698,0.21293242868703088,0.6905255692092811,0.4918840459591092 | 50129.78
55: 0.5962284670793456,0.7021240561622715,0.6490503181683067,0.17354870294825958,0.3578460326702408,0.1401682564034148 | 50129.78
56: 0.16735608593539814,0.7901656730194278,0.38856937077890547,0.5648163176828124,0.29429203964052286,-0.019947641744956224 | 55850.42
57: 0.5811689862554121,0.26331173946301717,-0.0732324651516405,0.8720665256701556,-0.07206911753398904,0.6770756157301152 | 50552.05
58: 0.12678366599314134,0.668795652787021,0.4660614605515577,0.32402123087090623,0.7613711739870079,0.5419833555647584 | 56021.18
59: 0.5833610518824667,0.4720238289998765,0.44095679366848145,0.45732520185510395,0.5060058530908689,0.3632957601942193 | 51397.85
60: 0.443832321081773,0.582546343570686,0.6470812369293706,0.2890895943863937,0.1802530451057578,0.4642705185486259 | 50129.78
61: 0.6689641511796797,0.44205684861594996,0.16782519139730467,0.20400855564955495,-0.07896185945022283,0.4443736094465238 | 55206.41
62: 0.6031570029112872,0.3686177244146187,0.8311419900149143,0.6194191708529939,0.7379048003524782,0.7044347958589554 | 45486.0
63: 0.42235359945982565,0.45999150967049973,0.7825238063803812,0.5007987524073397,0.5193312950981113,0.20137053546935235 | 50129.78
64: 0.280493233253556,0.5445704607759585,0.440849214437322,0.3023749558748925,0.6746577902147795,1.1095906272443625 | 56021.18
65: 0.7353922407543392,0.4046902098011857,0.376087968959511,0.5539291868549813,0.1780231294630305,0.549439217270472 | 50552.05
66: 0.47368843657232856,0.6682619583425924,0.2916682214740687,0.7435082395438692,0.4397819548279354,0.3687958346087029 | 55850.42
67: 0.5290698344797969,0.3731432901460456,0.5847342630253627,0.7700495097516296,0.652320079102662,0.806205196278213 | 45902.42
68: 0.3081096935007405,0.10440557928260813,0.5942296238880816,0.49184308610455035,0.5438465393696654,0.15702028343929408 | 45486.0
69: 0.5262627913454471,0.37240535478184567,0.7738829983600077,0.670934036939769,0.6594690902490598,0.6508958074564728 | 45486.0
70: 0.8009720382023225,0.5067232511948224,0.6533622904431347,0.5891081079067656,0.022029048693295916,0.5685509187533455 | 50552.05
71: 0.41710755367405694,0.2324760570334417,0.14485901231434817,0.44615627727792456,0.6970151114255219,0.3629714171089501 | 47762.47
72: 0.6874840921103239,0.29096598618651015,0.4542660251554711,1.0159323832947686,0.515063477812533,0.4966381246642877 | 52237.7
73: -0.0064366388379589745,0.7574108625602352,0.4836336337074394,0.6206526075621007,0.4166802451194794,0.5103615827263821 | 45902.42
74: 0.18623868385128162,0.7064240818258076,0.32201534697023626,0.35925366926444746,0.431531218565767,0.6205095158918335 | 56021.18
75: 0.8887287661735401,0.548289025864388,0.2683121971835709,0.5226780652597832,0.7313846626859084,1.0149017296017584 | 55841.75
76: 0.402523372044851,0.639490650316836,0.39552998325703226,0.171346100303661,0.13014206165933506,0.1416519991061959 | 50129.78
77: 0.1660527422040896,0.446199102577966,0.8416382659306574,0.5939107441398621,-0.004472905569650076,0.6928042877226694 | 33287.25
78: 0.14676961722540577,0.10333470672123107,0.27803177256275,0.19534669333028798,0.7283241773881003,0.578499300508579 | 36070.35
79: 0.09385396592390294,0.19832960853286136,0.12479982670474171,0.5840929694510522,0.42372695957387146,0.5044479218195717 | 45902.42
80: 0.5535692289308927,0.22426927587941523,0.5901137919711169,0.6451687473137905,0.7262727685652931,0.11020572539695567 | 47411.45
81: 0.45672198061591734,0.6106376332339547,0.41335825477385557,0.4920780757064135,0.5182728522641047,0.12048913458827105 | 55850.42
82: 0.2603239907315183,0.3459981065707272,0.5286228802604845,0.8975377487370977,0.9352096161072304,-0.42768898310060316 | 47411.45
83: -0.3690085353907414,0.45142582311185653,0.6376981905739807,0.9131940635989053,0.7045352270947134,0.03157003802679918 | 32856.78
84: -0.015224482539196699,0.8623724209326589,0.35863676435552194,0.43058776216631045,0.7573238006385556,-0.14883016743923538 | 55850.42
85: 0.22943981112722656,0.7644823722544954,-0.005116026465474377,0.9064030548944904,0.6461293202859641,0.29677847934700297 | 55850.42
86: 0.3539578972041134,0.6013555802569679,1.0267331057362532,1.170003912091583,1.0999113468367308,0.2724989356357973 | 32856.78
87: -0.008433123846627616,0.9122721477884116,0.3176671712311607,1.0211091854959462,0.6150871643398694,-0.0383474266417604 | 55850.42
88: -0.02079277743413839,0.526057002910131,0.6418817824512792,1.0795365450250576,0.9689912381213412,0.2138558506825822 | 32856.78
89: 0.38796364585933224,0.7412115336592636,0.4228067611373583,0.9528607123644359,0.9809957647733393,0.21426412255384475 | 55850.42
90: 0.05737852116045686,1.2355838858927248,0.2346523486665414,1.140510455256801,1.1195403763335359,0.0249122625399873 | 55850.42
91: 0.25013940049525046,0.5149217030067484,0.20844972106792234,0.8596162449874698,0.7052915265337598,-0.1975117777859297 | 55850.42
92: 0.02204754409635243,0.8408112717592118,0.4603760994381687,1.0608034105800002,0.9647299470201118,0.12754705372714922 | 32856.78
93: 0.1274922103658818,0.8428033805040854,0.4866075900049122,1.217090557814135,0.7561825886424011,0.0034021369068849617 | 32856.78
94: 0.37217620034825094,1.1688670062339979,0.6393385140386019,1.2263739437072467,0.8820332517407407,-0.13362479819198667 | 55850.42
95: -0.044563252591077795,0.6905956408099434,0.36105540725475527,1.0146114085026463,1.2095654496559745,0.012177849666734773 | 32856.78
96: 0.25054036241750377,1.077195013991931,0.5622245247259899,0.8999324215526712,0.9878616257869641,0.18427560018794528 | 55850.42
97: 0.8882880275576659,1.0233015375307395,0.2795644241766467,1.2327965985677933,0.8289883818070746,0.3474543282420747 | 55850.42
98: 0.8487457630376649,0.996466069321998,0.2620892893897342,1.3030924157354304,0.8372585752854669,0.26733484547103387 | 55850.42
99: 0.9052484162498912,0.689128695991769,0.12665094498974422,1.0558745297415184,1.2390761736359228,0.07402190330919235 | 47762.47
100: 0.5970468658048864,0.950353396389103,0.052895023775998945,1.2356007836027452,0.6745749879916092,-0.09333233326017691 | 55850.42
101: 0.31177624593982245,0.6801896511088551,0.20191291345706658,1.2351414069993332,1.2329828114431778,0.0537660553663937 | 55850.42
102: 1.0673200830439096,1.018331401493203,0.18257355963579122,1.084168385014635,1.0668034729683566,0.10489972129017298 | 55850.42
103: 0.840000174049238,0.8170507496760107,0.5249694950367334,0.6360094480268408,0.650633340941662,0.08335078520658798 | 55850.42
104: 0.7029047904563553,1.1019414446045632,0.4382902406865429,0.281093080277542,1.0785814828252016,0.24669212297293122 | 51397.85
105: 0.34576338136332546,1.238632578788687,0.29765852374416013,0.899976219847099,0.625867125135911,0.6025598003913745 | 48172.21
106: 0.7397039540335575,0.7678263160757736,0.46774293683518675,0.9202516719373726,0.6706224376475951,-0.22052796372354266 | 55850.42
107: 0.21802598759752775,1.1764271717020316,0.23352143477704748,0.898518579141189,0.9456374041446494,-0.05924725726442428 | 55850.42
108: 0.784209986103721,0.7792780829535348,0.37863081967212475,0.9375605022852807,0.8602749697922576,-0.10075871637830539 | 55850.42
109: 0.4768179932967309,1.0794246699740024,0.5679476677965711,0.975237520792953,0.8523529541103592,-0.1784925478392515 | 55850.42
110: 0.700097682855066,1.098926632866434,0.31152285438775923,0.9114130991751892,1.1482231870127744,0.18123617622009933 | 55850.42
111: 0.5527308004941621,0.8796959619785849,0.5918393678580682,0.871295916652726,0.8147677828667375,-0.11556033625562481 | 55850.42
112: 0.7435577407031382,0.9169648791249425,0.24038946853299925,0.8340404430278107,0.8569839143786803,0.16850250426915822 | 55850.42
113: 0.5477854270190269,0.6675331753478222,0.2240813379844032,0.8671135286923993,0.5756897039452276,0.4066368228125889 | 55850.42
114: 0.7824616653035452,0.7403170405883994,0.41684204819564186,0.8456897637954317,0.9835415066449534,0.14610980303375465 | 55850.42
115: 0.5935560133436272,0.6370745140438416,0.6616029214569821,0.8698040138500125,1.0340951305966384,0.2135254934563766 | 55850.42
116: 0.28211915749672983,0.8641288381426867,0.5761791178745549,0.7141551688090697,0.6170802680303357,0.07148139855179204 | 55850.42
117: 0.485815094704752,1.0696693734670382,0.4801388527446255,0.887685039985147,0.9046641113778375,0.06252965159747763 | 55850.42
118: 0.336500358775304,1.0266955224897412,0.5484809143986521,1.216837797968742,1.0233993710498888,-0.048226127707001396 | 55850.42
119: 0.4680806028359417,0.9055001897967073,0.676414982533834,0.950963967712343,0.828840330857086,0.3046984295160193 | 55850.42
120: 0.46896281282875374,0.8910288044842675,0.4655781786463342,0.7437790811600344,0.8381803622675628,0.14686060954606292 | 55850.42
121: 0.6899165671991124,0.8613713906663528,0.5683124980841235,0.8148605163206775,1.004094638518471,0.05506784845122432 | 55850.42
122: 0.33844767087547534,0.8531215494129143,0.3442036838356469,0.6181892515213286,0.8882333411547361,0.09992184538237672 | 55850.42
123: 0.5618006857818902,0.6740880567224814,0.678741875798887,0.7076724315535089,0.7728469111495823,0.1308160049460607 | 55850.42
124: 0.7588361991984951,0.8295511826050048,0.3998444927607059,0.5713948399878573,0.8319361930975849,0.13855979011883157 | 55850.42
125: 0.5292758896067618,0.5786745419373203,0.6501753653238029,0.7964764598722507,0.837257192645182,0.24658739444879801 | 55850.42
126: 0.5427274342708975,0.6492228884357412,0.4802012851650486,0.6802099795265506,0.9051219083875823,0.025029393565238985 | 55850.42
127: 0.7405782537803246,0.7854234503088968,0.2493904767319472,0.3100169564021269,0.679098382166697,0.30845178609944157 | 51397.85
128: 0.4673090137238528,0.772378618044375,0.5252700212606926,0.5170941536346708,1.037385093574863,0.11786363694727556 | 55850.42
129: 0.5358954023360878,0.5567995870423786,0.5811308158322225,0.9852150406760125,0.5854519942883689,0.26262502825614176 | 55133.41
130: 0.7381297653205708,0.8256649940934031,0.4025409614073411,0.7721319792964937,0.7187728163863614,-0.002331297776912794 | 55850.42
131: 0.7427830130256566,0.8335160770425333,0.5558121580475549,0.5059534329846433,0.66110642102565,0.00591443091237856 | 55850.42
132: 0.36966224947490545,0.45779811003929005,0.7689456536102985,0.7182574230525117,0.6226152703217883,0.4723039855706941 | 45486.0
133: 0.33007829106654024,0.37230945725668974,0.3489898185956354,0.546824206437498,0.6308160324362105,0.20425892803768797 | 55850.42
134: 0.6034547570100134,0.4140185179224456,0.7113980117503804,0.5324953691205767,0.4168446450806934,0.47131473569797366 | 45486.0
135: 0.44547320859716494,0.6567672127258938,0.5847716628846497,0.6653626903480597,0.29840728184418064,0.7545030535635777 | 45902.42
136: 0.5005214917804459,0.46613281795719635,0.5185427779603384,0.3155396078275748,0.28809476623252883,0.8599979361240647 | 55841.75
137: 0.47115425483546636,0.10782327271950837,0.18108588527355401,0.4419835452593445,0.3051506772468849,0.6624703571280771 | 55841.75
138: 0.7167190200276989,0.252398183229764,0.4344090128910925,0.058208840621637864,0.25399346951395835,0.9033815831824656 | 55206.41
139: 0.6031286694404894,0.18378341011508453,0.40139058621726703,0.2308592522661814,0.4864602475582952,0.8818229111653149 | 55841.75
140: 0.4538290758735718,0.183731323483606,0.44510627925302365,0.2244559495391004,0.2545295873769676,0.8037665634330382 | 55841.75
141: 0.6768168359423388,0.3110066626700269,0.3257990778170437,0.3111355923199636,0.10224792943351582,0.8285681517753292 | 50552.05
142: 0.4507681579833428,0.22966292447520764,0.19993373864988018,0.44936962105869915,0.4003210854209581,0.6040095081760801 | 55841.75
143: 0.5732760158622938,0.32393071205004637,0.260413652808966,0.2241794615057788,0.1626219048551008,0.8608810411092176 | 55841.75
144: 0.7936526118970355,0.2295159137838737,0.41836826447289194,0.23326934677608097,0.3222415140003573,1.080100130400709 | 55841.75
145: 0.6072134837308697,0.22427307440521144,0.4439542707829063,0.18576475199288905,0.17420052529717334,1.0166231079282528 | 50055.65
146: 0.6422683238380638,0.2622006743718799,0.224138517536107,0.17025248516439984,0.2641763934885678,1.008452444698697 | 50055.65
147: 0.5582989148274495,0.2034176502764228,0.37808299269703455,0.06255291863628043,0.011450197314381433,0.8609591341727286 | 50055.65
148: 0.723937872731052,0.22457795999172914,0.41671417770054037,0.3037278321478524,0.0476047957915382,0.9896175367348299 | 50055.65
149: 0.9301215196410919,0.036352444102571685,0.08233451317804275,0.1564198934859199,0.1696435883408911,0.8383980553301369 | 50055.65
150: 0.442193579379459,0.15178334112703531,0.5350200418293087,0.2983811595482216,0.21474299405708946,1.14165472996112 | 50055.65
151: 0.6006361877766802,-0.07824064274079001,0.28883238381017773,0.19685780254232121,0.1878987450004213,0.8910633855252817 | 50055.65
152: 0.558551587978237,0.2274471229658647,0.27259969359107405,0.29482741611490093,0.1075503067459776,0.9190407824265581 | 50055.65
153: 0.6964403930894613,0.0900970439908324,0.4025579705791291,0.17602647752495593,0.23068496240637532,1.0213637092430645 | 50055.65
154: 0.6889225852284319,-0.1338355156420738,0.34663395242036577,0.2315608166770716,0.0950406262913269,0.9333309323477273 | 50055.65
155: 0.6491843071441958,0.016973531898839378,0.26782727285416,0.16172065945202294,0.26168776889519263,1.065484880417806 | 50055.65
156: 0.615036056766819,0.2082594886323565,0.5996534488582199,0.09248277193652905,0.1917214241947575,1.0892808287481468 | 50055.65
157: 0.5777779166210231,0.13032635242919116,0.38625743948310615,0.39318837547504276,0.07134284604170547,0.9125516907117784 | 50055.65
158: 0.6723614104062292,0.2574338790448316,0.35153549353323316,0.17570683953028135,0.09258080439222549,0.9093771216898924 | 50055.65
159: 0.7680012608378722,-0.1243186784276083,0.31620468713190314,0.18770698829640697,0.18270921633781517,0.946771793541918 | 50055.65
160: 0.724456198206636,0.03979235699696464,0.35223111091564036,0.10035419770268426,0.028179247210016467,1.0758555313591707 | 50055.65
161: 0.8778766053428014,0.15696335120463828,0.35519193569296104,0.13213255621113243,0.2663617562100585,0.8983229153052491 | 50055.65
162: 0.7328199270778789,0.13033468752398336,0.3869877521163308,0.1548250586123553,0.16576177256864016,1.0580264503053574 | 50055.65
163: 0.7486371749705001,0.2514507256228804,0.30706508849702313,0.13382941707274806,-0.07262182464344932,1.1422536898236175 | 50055.65
164: 0.821645631807098,0.09949541462521778,0.3241121073128078,0.02928689418550818,-0.15260258684287922,0.9155070072640454 | 50055.65
165: 0.7565378025144677,0.16375545619474743,0.4869699842312898,0.08027662231850202,0.04640515272972806,1.1079698134363176 | 50055.65
166: 0.6143499647151472,-0.0922216874912991,0.25590914973732065,-0.04383077336637549,-0.005445746341385442,0.8622667513844244 | 50055.65
167: 0.8178100329360313,-0.02023906713320161,0.1916934084561175,-0.10518379684240495,0.22598595708964886,0.9611789812167053 | 50055.65
168: 0.6971257019705341,0.02268020929128265,0.3646881259779992,0.12640481737962128,0.1132206531480612,0.8910414680667639 | 50055.65
169: 0.5835643783736546,0.09361787018783309,0.26526355343036695,-0.08053666245549115,0.009386859416040769,0.9584258322569105 | 50055.65
170: 0.6640221736236688,0.1535667111828377,0.1533830839734251,0.14513857564773236,-0.03477096833241547,0.8640903072656231 | 50055.65
171: 0.6605610645623351,0.07123820946113807,0.25092547082188554,-0.1446937545527307,0.07987519334077603,1.0663638692294126 | 50055.65
172: 0.6600581219099603,0.04879706608117665,0.29965372498480203,0.1317957802034069,0.27366383118020254,1.0093763009019603 | 50055.65
173: 0.905637097277936,0.12793117014689137,0.42384346299577313,0.15641786100508523,0.13741255876746358,1.0340307116044214 | 50055.65
174: 0.5219730226851308,0.054252194808124196,0.4410700152871644,0.26636036957160564,0.17612804158613718,0.9699833369532108 | 50055.65
175: 0.49630971143067854,0.02897930830668212,0.47113665391810466,0.2546420345881007,0.2016374933628961,0.8426889362286919 | 50055.65
176: 0.5463359753709756,0.2809121318164667,0.27491264909972934,0.22383270375266695,0.2938040804237082,0.9771294643947736 | 50055.65
177: 0.5093213116681403,0.06907864022674012,0.43929290921214353,0.12084355743939527,0.39202179573920953,0.952120559930692 | 50055.65
178: 0.6019297883323568,0.023957223094976263,0.31576429746188284,0.16066849204323794,-0.009566498888699343,1.0821836137136083 | 50055.65
179: 0.7006334973923067,0.02036635478092204,0.33254913935314084,0.033427920614628744,0.17492843758126797,0.9990644517576089 | 50055.65
180: 0.5811818594579431,0.0199887090981848,0.3055357195093523,0.1250852819742617,0.1710389032927131,1.135001423771043 | 50055.65
181: 0.7028263890235787,-0.008579305592613967,0.218639986359599,0.08855949731369048,0.02987659342890904,0.9976778866911958 | 50055.65
182: 0.7034043669217339,0.07062046137282593,0.32185797887591416,0.06837955861350192,0.24495326506096715,0.988712360098006 | 50055.65
183: 0.6406138078359935,0.21729714715950305,0.4447736513038052,0.08881969417358498,0.18008908886884462,0.8587380141297359 | 50055.65
184: 0.5773825401098176,0.13542059134159545,0.3481330437512996,0.05514231030013944,0.14189784008067968,0.8932453608371046 | 50055.65
185: 0.5545933450951862,0.13638221518622407,0.4085168946029919,0.12675658704004164,0.2201640964490056,0.8863415519219867 | 50055.65
186: 0.47722012790765456,0.1448695499620487,0.2854194932752175,0.10099935052003751,0.04711726178601239,0.9394702399421188 | 50055.65
187: 0.552035759462153,0.08022950801785639,0.43633094343326595,0.18836701019427066,0.07972184474694127,1.0546994621594872 | 50055.65
188: 0.6158979964724474,-0.04078500290612845,0.3663628631882785,0.16110340799465767,0.1987531660839988,1.064580968092502 | 50055.65
189: 0.5964379627877058,0.09644014517461147,0.2659598429917261,0.14150551895536267,0.30988698383059937,0.993942268124492 | 50055.65
190: 0.7144733000470903,0.10559507889190664,0.30541881280395317,0.008037065694670095,0.2763178419871307,1.0292243383215833 | 50055.65
191: 0.6614333285833781,0.2487742118171055,0.3127739549843859,0.0928869367666663,0.06088469312114764,0.8195922476718862 | 50055.65
192: 0.6401594082265633,0.10568980796267821,0.3604051240291885,0.12347384130623702,0.19803298397446684,0.9636424417974659 | 50055.65
193: 0.7055939495742626,0.0006004125879930933,0.37452954481073386,0.10415670429147425,0.2017403051786068,0.9456897347345908 | 50055.65
194: 0.642396519475326,0.013839488659452219,0.20899710828826537,0.07849428393121288,0.007072734331582481,0.9791960229672616 | 50055.65
195: 0.6908171455945192,-0.05869017555208317,0.4174143161516751,0.13832456558099843,0.05998096463938052,0.8302878888104868 | 50055.65
196: 0.5527918978417133,0.3756064695287,0.24582018943102962,0.301363813884013,0.3837440779458916,0.8279474062033447 | 55841.75
197: 0.7085600410130223,0.06187024870937055,0.30754726430589713,0.2416654934777137,0.16967640121054983,0.9325973095070199 | 50055.65
198: 0.6134420965714467,0.11406252644132706,0.2609964682977532,0.1611716278547395,0.1481499928189562,1.0142066217507222 | 50055.65
199: 0.6412214379324823,0.17318459632744465,0.1728295109792955,0.2047450781864975,0.10984534973558636,0.9780398061598912 | 50055.65
200: 0.6176515791519566,0.00019571226809059553,0.2957618786953839,0.030967075425217393,0.030773796316531737,1.003804325111422 | 50055.65
201: 0.6885552653233173,0.008716275962012899,0.2661883390649983,0.11636184521871909,-0.044575318753518,0.8982784116542101 | 50055.65
202: 0.6642194627431756,-0.06973075641542584,0.2592480123130721,-0.044824402561236765,-0.05361702274613911,0.8911610933500795 | 50055.65
203: 0.6731585230075534,0.08708894705823655,0.25683645997455545,0.09835245251037722,0.078253686960288,1.0502145690171978 | 50055.65
204: 0.6633542514936495,0.008924882015334597,0.35450293613951805,-0.004587099971823841,0.1606949873068343,0.8575810933997481 | 50055.65
205: 0.6906373442010512,0.16513259855558657,0.16990418960272616,0.2711292457413853,0.20733500610463398,0.9069020681083831 | 50055.65
206: 0.5728006457899111,0.08200727290101756,0.3909637549850803,0.10344445730808265,0.17439321038711852,0.9534958407357056 | 50055.65
207: 0.6646085453175837,0.17555240498123778,0.358991386125277,0.32575862535111455,0.2556907801939562,0.9951079269041627 | 50055.65
208: 0.5853001220907024,0.0028182453548413477,0.38813752983393146,0.10685002281633105,0.13024561775647026,0.9260276302365005 | 50055.65
209: 0.6785136393457948,0.09064530699174471,0.3603721271451104,0.09628941322561524,0.07615907288063911,0.9274020554220572 | 50055.65
210: 0.7456599608086357,0.10295774378254743,0.25851364143862265,0.17826395897201538,0.2051284534279598,0.9472734474082141 | 50055.65
211: 0.5529241964051649,0.1947252382297423,0.3845822163422476,0.29510354032476327,0.3115628030583894,1.064105363786801 | 50055.65
212: 0.6775727706985379,0.20272346392294097,0.3905439366291524,0.40747634355235596,0.2935704758526182,0.9825482405820563 | 50055.65
213: 0.6481530289740063,0.4249316826018534,0.3462848771614442,0.26079062282719145,0.3272654798806026,0.7039253814391899 | 55841.75
214: 0.61912494688293,0.35573858123486635,0.38473755574027424,0.26376986000452135,0.3300741866635268,0.8114568572588005 | 50055.65
215: 0.6419363420012649,0.35576458661784877,0.4351755945655471,0.5017485623581841,0.3165724108751727,0.7010666018823435 | 55841.75
216: 0.5955598448597509,0.366092990553135,0.3319208091703685,0.2836908594781067,0.39553622436204083,0.72541213029971 | 55841.75
217: 0.6623353595149684,0.5566450184080555,0.4794210535925087,0.5377760002162246,0.5476851715118013,0.5760587456492988 | 55841.75
218: 0.6267166509097951,0.6179960112772691,0.5660015864551571,0.5289455062625446,0.5743791240659869,0.46052585832043813 | 50129.78
219: 0.596998169727044,0.7366550476273612,0.47103929074432055,0.6158346779222181,0.6301821798111044,0.27551822728495745 | 55850.42
220: 0.5943751023574498,0.6939135195601994,0.39237622621062906,0.6332673982913112,0.5828555760679625,0.15053580194325258 | 55850.42
221: 0.5391460848481486,0.6648994633599613,0.477309318574932,0.6592686505961288,0.5928281159466023,0.1407162371981418 | 55850.42
222: 0.5756548340516952,0.7021860994409881,0.43532858557233683,0.6422018526626476,0.7103384594475186,0.2393087477743226 | 55850.42
223: 0.5098366187116379,0.661415850578225,0.4733747940650806,0.5982515954468312,0.6189766229355926,0.29919465520274496 | 55850.42
224: 0.6340528296693644,0.48334652337722916,0.4046636398091587,0.3994720849769767,0.42406942169375883,0.5820823716966591 | 55841.75
225: 0.622525574001891,0.5577768368326889,0.360149270220286,0.43886043694042076,0.5020907314138903,0.5597079657482622 | 55841.75
226: 0.6307363575070208,0.4702337439359153,0.32461264252299155,0.5268752847744679,0.34753373364642093,0.6171279131592614 | 55841.75
227: 0.6813360653865967,0.35090002279769955,0.33738717725829476,0.3225472777631314,0.38454907163086527,0.8041353421568288 | 55841.75
228: 0.6332283595554251,0.3514527630840582,0.2864765751030994,0.3027329786703405,0.3552817115896384,0.7765093472890138 | 55841.75
229: 0.5993564567378783,0.26206177670071334,0.23664415313712084,0.21337938254536998,0.26150229666893055,0.8735653582586682 | 50055.65
230: 0.5926071491901888,0.2950701509771209,0.3311732129805155,0.1338921880513985,0.3297215247862018,0.9205635859859392 | 50055.65
231: 0.5883082116320728,0.3299139786010993,0.36382750035849726,0.30779821109358063,0.3165801892459916,0.7801168752756981 | 50055.65
232: 0.6238544829443209,0.2105956741281939,0.4027540690570667,0.1198911566959259,0.1674205817746593,1.0016916165756342 | 50055.65
233: 0.6606729566291437,0.0991587599931364,0.2521220904933856,0.09905055734493758,0.2088315113853023,0.9419822453825627 | 50055.65
234: 0.6829985336294837,0.10585787560511803,0.3336973319614457,0.11133346702140441,0.2592261508980677,0.9404485586403917 | 50055.65
235: 0.6839453311458116,0.09067357509598295,0.3181728229401435,0.1066617317111587,0.25649210502343167,1.041568653382561 | 50055.65
236: 0.6752588861016179,0.06997366851172139,0.32077725211112496,0.09895695416005475,0.06580873767769453,1.064416566124102 | 50055.65
237: 0.6895308987700189,0.025828125057004672,0.2104082540689195,0.10838095400034531,0.25653235960928245,0.977025187570773 | 50055.65
238: 0.6412400479322802,0.14173905864184766,0.20763933042531574,0.05405487049643408,0.19648667113982388,1.0311494549066174 | 50055.65
239: 0.5956375487267294,0.09827982041413094,0.3166926020529504,0.09933842924659281,0.07787533739249945,1.0072067951513926 | 50055.65
240: 0.6024169830002627,0.15199623723140995,0.3523199527608215,0.08818813049548742,0.25823237760920476,0.818704806801093 | 50055.65
241: 0.6686991437246758,0.0190811165494571,0.24200190979446515,0.06559915396993994,0.17000938728536671,0.9907325215280937 | 50055.65
242: 0.6667169220865208,0.1390455317666659,0.18260291929670852,0.09913054023107316,0.19932905110150798,0.9294792341767817 | 50055.65
243: 0.602384367565588,0.1577857939430434,0.3252397048096394,0.1668204212096671,0.35258154907496025,0.9922753329830284 | 50055.65
244: 0.6643818162103656,0.3432458473142171,0.32122674245723676,0.2800428356181602,0.378102811704005,0.8774444352124092 | 55841.75
245: 0.58952067824751,0.34121114621067183,0.38549836656794945,0.28920093900823735,0.3841125934467884,0.8123180922905332 | 55841.75
246: 0.5850691609163968,0.3445006410911445,0.4081278127702458,0.31557413217315083,0.46217083632417466,0.7909638538037079 | 55841.75
247: 0.5742134239494233,0.5354885857009312,0.4304506558761144,0.4802019035284528,0.5297670900472929,0.4605354717804512 | 55841.75
248: 0.6611971183968789,0.5386767813088701,0.3945196473029002,0.4182516168698207,0.4495154327104802,0.6269967744519958 | 55841.75
249: 0.6060491165081936,0.4272729541756754,0.40893435472653916,0.42927975606797963,0.5102050329488634,0.6123593121453249 | 55841.75
250: 0.7108859685920801,0.42173081562386106,0.401550168874487,0.406690734701452,0.5328856970650381,0.7625888852871636 | 55841.75
251: 0.6640031877972534,0.4148667490611547,0.39100852512719697,0.4059673293146004,0.4541532841717931,0.7130572515623806 | 55841.75
252: 0.6578900218009949,0.15278497338294983,0.2836008071899414,0.13148431479930878,0.2500574588775635,0.9757570624351501 | 50055.65
253: 0.673660159111023,0.05397211015224457,0.2371106892824173,0.04707493633031845,0.14619185030460358,0.9971766471862793 | 50055.65
254: 0.6455872058868408,0.13674481213092804,0.2942517399787903,0.11820980161428452,0.2344014197587967,0.9812120795249939 | 50055.65
255: 0.6347072124481201,0.14246556162834167,0.31272462010383606,0.12501399219036102,0.23705096542835236,0.9791898727416992 | 50055.65
256: 0.6279296875,0.12720514833927155,0.3240823447704315,0.1143268570303917,0.2214614301919937,0.9832776188850403 | 50055.65
257: 0.6226625442504883,0.13635660707950592,0.3381657302379608,0.1234465092420578,0.22856998443603516,0.9804213643074036 | 50055.65
258: 0.6349058747291565,0.050650373101234436,0.30275824666023254,0.04914575070142746,0.13322529196739197,0.9972803592681885 | 50055.65
259: 0.6443325877189636,0.026513688266277313,0.27373838424682617,0.02774515561759472,0.0953998863697052,0.9991676807403564 | 50055.65
260: 0.6533284783363342,0.02123934216797352,0.2547142505645752,0.023169858381152153,0.08650532364845276,0.999427080154419 | 50055.65
261: 0.6595717668533325,0.0377398319542408,0.2605290114879608,0.03888998180627823,0.11730454862117767,0.9983208775520325 | 50055.65
262: 0.6677287817001343,0.05828581377863884,0.26443612575531006,0.05586351826786995,0.14505165815353394,0.9963251948356628 | 50055.65
263: 0.6723862886428833,0.10742172598838806,0.2735203206539154,0.0976414903998375,0.1969260424375534,0.9882903099060059 | 50055.65
264: 0.6809626221656799,0.12615635991096497,0.27129462361335754,0.11165627092123032,0.21146778762340546,0.9843477010726929 | 50055.65
265: 0.6847841143608093,0.15537846088409424,0.2747654914855957,0.13469235599040985,0.23468376696109772,0.9763073921203613 | 50055.65
266: 0.6919121742248535,0.16140839457511902,0.27205145359039307,0.1382075995206833,0.23718853294849396,0.9748963713645935 | 50055.65
267: 0.6807675361633301,0.20038828253746033,0.2890095114707947,0.16980984807014465,0.26661208271980286,0.9600065350532532 | 50055.65
268: 0.6665539145469666,0.223605677485466,0.3034553825855255,0.18925634026527405,0.28311479091644287,0.9495313167572021 | 50055.65
269: 0.6647588610649109,0.20387639105319977,0.30360767245292664,0.17173893749713898,0.26740068197250366,0.9596822261810303 | 50055.65
270: 0.6681056618690491,0.20695461332798004,0.30293798446655273,0.17363080382347107,0.2691391706466675,0.9584850072860718 | 50055.65
271: 0.6789395809173584,0.19182340800762177,0.29497018456459045,0.15913186967372894,0.25586235523223877,0.9655530452728271 | 50055.65
272: 0.6947690844535828,0.15736155211925507,0.28130826354026794,0.1283278912305832,0.2244730144739151,0.978365421295166 | 50055.65
273: 0.7013629674911499,0.1355017125606537,0.27789270877838135,0.11052914708852768,0.20040199160575867,0.9848384857177734 | 50055.65
274: 0.696540117263794,0.15617355704307556,0.28805112838745117,0.12838312983512878,0.21669207513332367,0.9790706634521484 | 50055.65
275: 0.6951587200164795,0.17621195316314697,0.29362666606903076,0.1459117978811264,0.23225365579128265,0.9722353219985962 | 50055.65
276: 0.6783117651939392,0.2563152015209198,0.3140580654144287,0.21419338881969452,0.29690346121788025,0.9309266805648804 | 50055.65
277: 0.6528383493423462,0.3912121057510376,0.33997246623039246,0.3351455628871918,0.3978554606437683,0.795365571975708 | 55841.75
278: 0.630829393863678,0.5015879273414612,0.35913601517677307,0.44069111347198486,0.47848665714263916,0.6121529936790466 | 55841.75
279: 0.6169258952140808,0.5577781200408936,0.3706825077533722,0.4948071539402008,0.5187651515007019,0.5005362629890442 | 55841.75
280: 0.5936223268508911,0.6330511569976807,0.3925684988498688,0.567842960357666,0.5714412927627563,0.3533230125904083 | 55850.42
281: 0.5606156587600708,0.7486472129821777,0.4263162314891815,0.6891379952430725,0.6597800254821777,0.15786206722259521 | 55850.42
282: 0.5480758547782898,0.7936060428619385,0.44128096103668213,0.7378640174865723,0.6963350772857666,0.10183346271514893 | 55850.42
283: 0.5430760383605957,0.8153458833694458,0.45014283061027527,0.763062059879303,0.7133809924125671,0.07954122871160507 | 55850.42
284: 0.5459873080253601,0.8064501881599426,0.44981566071510315,0.7516717910766602,0.7030735015869141,0.08828368782997131 | 55850.42
285: 0.5469043850898743,0.8094110488891602,0.45310086011886597,0.7534968256950378,0.7013297080993652,0.08716416358947754 | 55850.42
286: 0.5210162997245789,0.8703353404998779,0.4900788962841034,0.8205404877662659,0.7585613131523132,0.0382869578897953 | 55850.42
287: 0.5393877625465393,0.840734601020813,0.4690730571746826,0.7870228886604309,0.7263476848602295,0.06049225479364395 | 55850.42
288: 0.5356627106666565,0.8392630815505981,0.4706389904022217,0.789900004863739,0.7289608120918274,0.05959006026387215 | 55850.42
289: 0.5324875712394714,0.8468550443649292,0.4739890396595001,0.8030450940132141,0.7367404699325562,0.053022246807813644 | 55850.42
290: 0.5469278693199158,0.8099581599235535,0.4564870595932007,0.7606254816055298,0.7019780278205872,0.08510106801986694 | 55850.42
291: 0.5432233214378357,0.8172400593757629,0.462058424949646,0.771055281162262,0.7068067193031311,0.0778413861989975 | 55850.42
292: 0.550873875617981,0.8024442791938782,0.45476382970809937,0.7546897530555725,0.6901746392250061,0.09407532215118408 | 55850.42
293: 0.5542998909950256,0.7807042002677917,0.4500088095664978,0.7293264269828796,0.672751247882843,0.11875314265489578 | 55850.42
294: 0.5472962260246277,0.7992185950279236,0.45989686250686646,0.7508719563484192,0.6878736019134521,0.09847445040941238 | 55850.42
295: 0.5483816862106323,0.7982760667800903,0.4581412374973297,0.7526424527168274,0.688179612159729,0.09839719533920288 | 55850.42
296: 0.5537024140357971,0.7792726159095764,0.4502388834953308,0.7315147519111633,0.6738817691802979,0.11824803054332733 | 55850.42
297: 0.5519602298736572,0.7925015091896057,0.454638808965683,0.7474260926246643,0.681354820728302,0.10442330688238144 | 55850.42
298: 0.5312658548355103,0.847538411617279,0.48364490270614624,0.8108073472976685,0.7283439040184021,0.0530279316008091 | 55850.42
299: 0.5740428566932678,0.7558733820915222,0.43277350068092346,0.7015929818153381,0.6418067216873169,0.15579672157764435 | 55850.42
300: 0.5958272814750671,0.6860675811767578,0.40651121735572815,0.620673656463623,0.586706280708313,0.2719058394432068 | 55850.42
301: 0.6035199761390686,0.658492386341095,0.3981955051422119,0.5883190631866455,0.5665745139122009,0.3249940872192383 | 55850.42
302: 0.6104106903076172,0.6524842977523804,0.3905939757823944,0.5830999612808228,0.5605565309524536,0.3380391597747803 | 55850.42
303: 0.616209864616394,0.653509259223938,0.38360273838043213,0.5856031775474548,0.5599170923233032,0.33780303597450256 | 55850.42
304: 0.6219367980957031,0.6442159414291382,0.37590643763542175,0.5755239725112915,0.5535436868667603,0.3564501106739044 | 55850.42
305: 0.6187190413475037,0.6714106202125549,0.38207584619522095,0.6041736602783203,0.5696237683296204,0.30472156405448914 | 55850.42
306: 0.6173298954963684,0.6796962022781372,0.38669925928115845,0.6109572052955627,0.5736374855041504,0.29044124484062195 | 55850.42
307: 0.6334797143936157,0.5872950553894043,0.36147481203079224,0.5129656791687012,0.5191161632537842,0.46668288111686707 | 55841.75
308: 0.6312022805213928,0.6030001640319824,0.3659926652908325,0.5304632782936096,0.5266461968421936,0.43546250462532043 | 55841.75
309: 0.6354010701179504,0.5896915197372437,0.360101580619812,0.5195125341415405,0.5185835957527161,0.46124136447906494 | 55841.75
310: 0.6375830769538879,0.5681695342063904,0.357345312833786,0.4983380436897278,0.5074735879898071,0.5034064054489136 | 55841.75
311: 0.6355490684509277,0.574290931224823,0.36232057213783264,0.5047433376312256,0.5102826952934265,0.49271008372306824 | 55841.75
312: 0.6393556594848633,0.5323948264122009,0.3563307225704193,0.4637826681137085,0.4901212155818939,0.5707044005393982 | 55841.75
313: 0.6471439599990845,0.44936132431030273,0.3421737849712372,0.38546931743621826,0.45200085639953613,0.7113074660301208 | 55841.75
314: 0.6686457991600037,0.2933061122894287,0.3029463589191437,0.24486654996871948,0.3784477710723877,0.8972969055175781 | 50055.65
315: 0.6798502206802368,0.2589797377586365,0.28415220975875854,0.21169176697731018,0.3627568185329437,0.924802303314209 | 50055.65
316: 0.6882767081260681,0.2518298029899597,0.27141517400741577,0.20222467184066772,0.3618103563785553,0.9305054545402527 | 50055.65
317: 0.6891943216323853,0.28163647651672363,0.2703716456890106,0.22657731175422668,0.3805292844772339,0.9099632501602173 | 50055.65
318: 0.6952610611915588,0.2555891275405884,0.25864920020103455,0.20143462717533112,0.37174588441848755,0.9277742505073547 | 50055.65
319: 0.7048853635787964,0.19350197911262512,0.23975276947021484,0.1503099650144577,0.34219035506248474,0.9606705904006958 | 50055.65
320: 0.6941196322441101,0.1995352953672409,0.2516978085041046,0.15612831711769104,0.348749041557312,0.9571046829223633 | 50055.65
321: 0.6847798824310303,0.20460455119609833,0.2625197172164917,0.16095365583896637,0.35474714636802673,0.9542104601860046 | 50055.65
322: 0.6892101168632507,0.19248168170452118,0.2568453252315521,0.14965058863162994,0.34911778569221497,0.9599786400794983 | 50055.65
323: 0.6994398832321167,0.19450893998146057,0.24998772144317627,0.1490115076303482,0.3457888662815094,0.959330141544342 | 50055.65
324: 0.6845963597297668,0.32462868094444275,0.2838311195373535,0.2603699862957001,0.4037029445171356,0.8676981329917908 | 55841.75
325: 0.6946648955345154,0.2686809003353119,0.2725275456905365,0.20767433941364288,0.3719698488712311,0.9177868962287903 | 50055.65
326: 0.709557831287384,0.1859624832868576,0.24936504662036896,0.13659726083278656,0.3243209421634674,0.9660417437553406 | 50055.65
327: 0.7344486713409424,0.11034949868917465,0.21320973336696625,0.07475470006465912,0.2735742926597595,0.9893988370895386 | 50055.65
328: 0.730224609375,0.15582503378391266,0.2209755927324295,0.10856224596500397,0.31220370531082153,0.9777780175209045 | 50055.65
329: 0.7197383642196655,0.2140696942806244,0.2359723448753357,0.1548447608947754,0.3522540330886841,0.9543952345848083 | 50055.65
330: 0.7141231894493103,0.2337171584367752,0.2425660640001297,0.1709783375263214,0.36701884865760803,0.9443642497062683 | 50055.65
331: 0.7144692540168762,0.23955221474170685,0.24209614098072052,0.1743706464767456,0.3759743869304657,0.9404341578483582 | 50055.65
332: 0.7103166580200195,0.2774032652378082,0.24871724843978882,0.207692950963974,0.39856618642807007,0.9146952629089355 | 55841.75
333: 0.722055196762085,0.23378880321979523,0.23126791417598724,0.1665230691432953,0.38617125153541565,0.9429749250411987 | 50055.65
334: 0.7138800621032715,0.27135390043258667,0.24036173522472382,0.19916841387748718,0.4080025851726532,0.9173145890235901 | 55841.75
335: 0.7127705812454224,0.2878730595111847,0.2407277226448059,0.2139250934123993,0.4195840060710907,0.9036281704902649 | 55841.75
336: 0.7560943961143494,0.14727328717708588,0.18976788222789764,0.09037680923938751,0.3578624427318573,0.9805408120155334 | 50055.65
337: 0.7067576050758362,0.29384753108024597,0.26045820116996765,0.21266360580921173,0.4197419285774231,0.9038207530975342 | 55841.75
338: 0.7068669199943542,0.25630947947502136,0.2638567388057709,0.1764628291130066,0.4056079387664795,0.9336215257644653 | 50055.65
339: 0.7083044648170471,0.21433357894420624,0.26060327887535095,0.14154645800590515,0.3877076804637909,0.9570273756980896 | 50055.65
340: 0.6984682679176331,0.24449625611305237,0.2762664556503296,0.1668962687253952,0.3950210511684418,0.942112386226654 | 50055.65
341: 0.6957467198371887,0.24023009836673737,0.28068068623542786,0.16486844420433044,0.3856315612792969,0.9448309540748596 | 50055.65
342: 0.6818088293075562,0.30236268043518066,0.30276229977607727,0.21886995434761047,0.40499696135520935,0.9038159847259521 | 50055.65
343: 0.6812272667884827,0.3013157248497009,0.30422165989875793,0.21972517669200897,0.39959007501602173,0.9052159190177917 | 50055.65
344: 0.6820035576820374,0.2951735854148865,0.3045784533023834,0.214854434132576,0.39249980449676514,0.9104333519935608 | 50055.65
345: 0.6800146698951721,0.31988218426704407,0.3093302845954895,0.2373466193675995,0.400178462266922,0.8911641240119934 | 55841.75
346: 0.6821610927581787,0.3239955008029938,0.30881452560424805,0.24056430160999298,0.3989001214504242,0.8891225457191467 | 55841.75
347: 0.6748872995376587,0.3792116045951843,0.31880563497543335,0.2952185869216919,0.423007994890213,0.8320231437683105 | 55841.75
348: 0.6767718195915222,0.3948257565498352,0.3169076144695282,0.3086710572242737,0.42911794781684875,0.8160750865936279 | 55841.75
349: 0.6831623911857605,0.40456169843673706,0.3090733587741852,0.3140099048614502,0.4328466057777405,0.8088346719741821 | 55841.75
350: 0.6863531470298767,0.4216192364692688,0.30440554022789,0.32768741250038147,0.44103777408599854,0.7903717160224915 | 55841.75
351: 0.7149330377578735,0.28244075179100037,0.27377545833587646,0.18916237354278564,0.373077392578125,0.9337424635887146 | 50055.65
352: 0.7035247087478638,0.33431488275527954,0.28356337547302246,0.23704035580158234,0.4034109115600586,0.8926278948783875 | 55841.75
353: 0.7090420126914978,0.31643274426460266,0.2790536880493164,0.21955710649490356,0.39479365944862366,0.9070557951927185 | 55841.75
354: 0.7124704122543335,0.31716039776802063,0.2772584855556488,0.22025437653064728,0.3939511477947235,0.906749963760376 | 55841.75
355: 0.7066598534584045,0.3646250069141388,0.28343936800956726,0.2645815312862396,0.4168347418308258,0.8624523282051086 | 55841.75
356: 0.6916456818580627,0.4456578195095062,0.2964080572128296,0.34974825382232666,0.45604875683784485,0.7538469433784485 | 55841.75
357: 0.7141214609146118,0.35851824283599854,0.2776297628879547,0.2547696530818939,0.4108160436153412,0.8717197775840759 | 55841.75
358: 0.6506544351577759,0.5808675289154053,0.33328908681869507,0.5094834566116333,0.5231462717056274,0.4849715828895569 | 55841.75
359: 0.6993005275726318,0.354166179895401,0.294421911239624,0.25182095170021057,0.411507248878479,0.8730858564376831 | 55841.75
360: 0.731266975402832,0.17958587408065796,0.2680939733982086,0.10519862174987793,0.3121103048324585,0.9783198833465576 | 50055.65
361: 0.6843154430389404,0.3655247092247009,0.31124359369277954,0.270010769367218,0.41822928190231323,0.855817973613739 | 55841.75
362: 0.6497790813446045,0.5697228312492371,0.3423573970794678,0.4869806468486786,0.5146381258964539,0.5196577310562134 | 55841.75
363: 0.6395419239997864,0.6523618102073669,0.34997475147247314,0.5820389986038208,0.5537495017051697,0.34936365485191345 | 55850.42
364: 0.6506528258323669,0.6127921342849731,0.3387199938297272,0.5344341397285461,0.5340805053710938,0.43295344710350037 | 55841.75
365: 0.6560894846916199,0.5904809236526489,0.33378300070762634,0.5094442963600159,0.5241860747337341,0.47870275378227234 | 55841.75
366: 0.6549476981163025,0.5999094247817993,0.335008829832077,0.5197432637214661,0.5291054248809814,0.4579640328884125 | 55841.75
367: 0.6592454314231873,0.5594815015792847,0.331240713596344,0.4750492572784424,0.5127279758453369,0.5367363691329956 | 55841.75
368: 0.6558218598365784,0.6009199619293213,0.3340094983577728,0.5227090120315552,0.5304862856864929,0.45041653513908386 | 55841.75
369: 0.6548542380332947,0.629700779914856,0.3341827988624573,0.5562868714332581,0.5430450439453125,0.3918464481830597 | 55841.75
370: 0.6594482660293579,0.6056820750236511,0.32981011271476746,0.5313986539840698,0.5335507988929749,0.43999096751213074 | 55841.75
371: 0.6636871099472046,0.5496698021888733,0.3259851038455963,0.46662259101867676,0.5109121799468994,0.5564584732055664 | 55841.75
372: 0.6640773415565491,0.5651391744613647,0.32315492630004883,0.4833408296108246,0.5147323608398438,0.5285767316818237 | 55841.75
373: 0.6629064679145813,0.5937111377716064,0.32101479172706604,0.514494001865387,0.5230599641799927,0.4722233712673187 | 55841.75
374: 0.6637843251228333,0.599383533000946,0.31915250420570374,0.5195333957672119,0.5233384370803833,0.4619455635547638 | 55841.75
375: 0.6585994958877563,0.6383740305900574,0.32224705815315247,0.5666561722755432,0.5361956357955933,0.38013383746147156 | 55841.75
376: 0.6576195359230042,0.6467501521110535,0.3206683099269867,0.5796640515327454,0.5380343198776245,0.36084768176078796 | 55841.75
377: 0.6585009098052979,0.6337612867355347,0.31683996319770813,0.5659949779510498,0.532486081123352,0.3851104974746704 | 55841.75
378: 0.6771488189697266,0.5152069330215454,0.29663294553756714,0.4278380274772644,0.496235191822052,0.62754887342453 | 55841.75
379: 0.7243713736534119,0.2252735197544098,0.2534472346305847,0.1407891809940338,0.40899857878685,0.960590124130249 | 50055.65
380: 0.7291657328605652,0.19707141816616058,0.24826279282569885,0.11798150837421417,0.39974015951156616,0.9714852571487427 | 50055.65
381: 0.721022367477417,0.23448120057582855,0.2521745264530182,0.14873452484607697,0.41392645239830017,0.9544106125831604 | 50055.65
382: 0.6718217134475708,0.43870052695274353,0.2863568365573883,0.3547985255718231,0.4699920415878296,0.736579954624176 | 55841.75
383: 0.6507548689842224,0.5125946402549744,0.29866722226142883,0.4436204135417938,0.48636937141418457,0.5939556360244751 | 55841.75
384: 0.6289626359939575,0.588688313961029,0.3115990459918976,0.5402395725250244,0.4997387230396271,0.4258171021938324 | 55841.75
385: 0.6356949806213379,0.5858586430549622,0.3117014467716217,0.5312031507492065,0.502246618270874,0.4414322078227997 | 55841.75
386: 0.7027422785758972,0.34715741872787476,0.2786640226840973,0.2434535026550293,0.4771426022052765,0.8745242357254028 | 55841.75
387: 0.7497201561927795,0.205892875790596,0.2547515630722046,0.1120268851518631,0.461424857378006,0.9717099666595459 | 50055.65
388: 0.7445462942123413,0.2443244457244873,0.25869300961494446,0.14027145504951477,0.4746326506137848,0.9558776021003723 | 50055.65
389: 0.7690448760986328,0.19439207017421722,0.24095557630062103,0.09760063886642456,0.4801406264305115,0.977093517780304 | 50055.65
390: 0.7699282169342041,0.20818303525447845,0.2413744181394577,0.10464935004711151,0.49119365215301514,0.9737151861190796 | 50055.65
391: 0.6440524458885193,0.5906699895858765,0.323897123336792,0.524908721446991,0.5096606016159058,0.4451310634613037 | 55841.75
392: 0.6873759627342224,0.4709445834159851,0.30888399481773376,0.3583296835422516,0.5050163865089417,0.7213243842124939 | 55841.75
393: 0.6698232889175415,0.5339509844779968,0.32358261942863464,0.43862324953079224,0.5091291666030884,0.5951533317565918 | 55841.75
394: 0.6596418023109436,0.5535151362419128,0.32472923398017883,0.4705321788787842,0.509863018989563,0.5383774638175964 | 55841.75
395: 0.6618423461914062,0.5345662832260132,0.31698209047317505,0.4474751353263855,0.5086655020713806,0.5740538835525513 | 55841.75
396: 0.6329768300056458,0.6177991628646851,0.33309829235076904,0.5641599893569946,0.5169772505760193,0.37639546394348145 | 55841.75
397: 0.6434047222137451,0.6101570129394531,0.3366261422634125,0.5448402166366577,0.5211321115493774,0.41577985882759094 | 55841.75
398: 0.6349582076072693,0.6637312769889832,0.3478637635707855,0.613359808921814,0.5304865837097168,0.30745112895965576 | 55850.42
399: 0.6310692429542542,0.698608934879303,0.35197389125823975,0.6562930345535278,0.5385363101959229,0.2467344105243683 | 55850.42
400: 0.5874626040458679,0.8250298500061035,0.3528062105178833,0.8311316967010498,0.557728111743927,0.056115683168172836 | 55850.42
401: 0.6212478876113892,0.7197977900505066,0.34778088331222534,0.693602979183197,0.5425583124160767,0.19015325605869293 | 55850.42
402: 0.6358667612075806,0.666978657245636,0.3408701717853546,0.6208316683769226,0.5353592038154602,0.2932862341403961 | 55850.42
403: 0.6255515217781067,0.6970275640487671,0.33478498458862305,0.666365921497345,0.5360893607139587,0.22156567871570587 | 55850.42
404: 0.6005235910415649,0.7401017546653748,0.34218907356262207,0.7400223016738892,0.5389882922172546,0.13388852775096893 | 55850.42
405: 0.5982643365859985,0.7280037999153137,0.3482668995857239,0.7300121784210205,0.5393522381782532,0.14748184382915497 | 55850.42
406: 0.6760982275009155,0.5679217576980591,0.32124048471450806,0.4767191708087921,0.5339928269386292,0.5391518473625183 | 55841.75
407: 0.661847710609436,0.6073962450027466,0.332969605922699,0.5362952947616577,0.5413339138031006,0.4439687728881836 | 55841.75
408: 0.7151859998703003,0.5063385367393494,0.30172717571258545,0.3700353503227234,0.5287519693374634,0.7048975825309753 | 55841.75
409: 0.7359505295753479,0.4191114604473114,0.29275548458099365,0.2599849998950958,0.5070322751998901,0.8457027077674866 | 55841.75
410: 0.676927387714386,0.6033298969268799,0.3097148537635803,0.5174430012702942,0.5279391407966614,0.44033282995224 | 55841.75
411: 0.7136127948760986,0.4855184853076935,0.3011610507965088,0.34769207239151,0.5094661712646484,0.734272837638855 | 55841.75
412: 0.7573834657669067,0.34134265780448914,0.29411229491233826,0.17371363937854767,0.4855019152164459,0.9359524846076965 | 55841.75
413: 0.7767366170883179,0.2578028738498688,0.29881834983825684,0.10112030804157257,0.4650796353816986,0.9781345129013062 | 50055.65
414: 0.7671882510185242,0.25142067670822144,0.31311821937561035,0.09834876656532288,0.46065083146095276,0.979716956615448 | 50055.65
415: 0.7509484887123108,0.27780893445014954,0.3242674767971039,0.11981258541345596,0.4661719799041748,0.97089022397995 | 50055.65
416: 0.7498965263366699,0.2878316640853882,0.32728174328804016,0.1258925497531891,0.4647623896598816,0.9686785340309143 | 50055.65
417: 0.7515005469322205,0.32081031799316406,0.3217918872833252,0.1476254165172577,0.4692453444004059,0.9579262137413025 | 50055.65
418: 0.7597487568855286,0.3511899411678314,0.3094188868999481,0.16535118222236633,0.4737696945667267,0.9476690292358398 | 55841.75
419: 0.7632364630699158,0.3928068280220032,0.2975896894931793,0.19741690158843994,0.4836202561855316,0.9258363842964172 | 55841.75
420: 0.7183709740638733,0.5215860605239868,0.30112823843955994,0.37104567885398865,0.5204042792320251,0.7271401286125183 | 55841.75
421: 0.7364383339881897,0.45925572514533997,0.30116984248161316,0.27267003059387207,0.5037728548049927,0.8506607413291931 | 55841.75
422: 0.7302136421203613,0.4694364666938782,0.30283716320991516,0.2872356176376343,0.510308027267456,0.8315157890319824 | 55841.75
423: 0.7612383961677551,0.3819512724876404,0.2971862852573395,0.17874561250209808,0.49589279294013977,0.9349871873855591 | 55841.75
424: 0.7895604968070984,0.29702016711235046,0.28868213295936584,0.10350702702999115,0.48288196325302124,0.9769285321235657 | 50055.65
425: 0.7897401452064514,0.2904452085494995,0.2859426438808441,0.1015220507979393,0.4886278212070465,0.9773308038711548 | 50055.65
426: 0.8255587220191956,0.18909138441085815,0.27261650562286377,0.04358472302556038,0.47552159428596497,0.9950838685035706 | 50055.65
427: 0.7923851609230042,0.2789436876773834,0.2800021469593048,0.09780991077423096,0.5053118467330933,0.9784992933273315 | 55841.75
428: 0.7673316597938538,0.33526402711868286,0.2897387444972992,0.14701926708221436,0.5203304290771484,0.9532047510147095 | 55841.75
429: 0.7526645064353943,0.35045191645622253,0.3002462387084961,0.1665189266204834,0.5268237590789795,0.9410293102264404 | 55841.75
430: 0.7361271977424622,0.3686576783657074,0.3107715845108032,0.18948520720005035,0.5301998853683472,0.9236020445823669 | 55841.75
431: 0.7215677499771118,0.416075736284256,0.31541121006011963,0.24415235221385956,0.5319076180458069,0.8746222853660583 | 55841.75
432: 0.7189456820487976,0.42257994413375854,0.31647738814353943,0.25255945324897766,0.527911901473999,0.8650281429290771 | 55841.75
433: 0.7027106285095215,0.49665191769599915,0.31528791785240173,0.3463183343410492,0.5317981243133545,0.7458378672599792 | 55841.75
434: 0.703916072845459,0.5298811793327332,0.30756813287734985,0.39289793372154236,0.5359818935394287,0.6791495680809021 | 55841.75
435: 0.7138465046882629,0.5228416323661804,0.30021336674690247,0.37906524538993835,0.5356358885765076,0.7021656632423401 | 55841.75
436: 0.7037160396575928,0.557263970375061,0.2993263900279999,0.43151506781578064,0.5407363176345825,0.6172073483467102 | 55841.75
437: 0.7086188197135925,0.5443774461746216,0.2987736761569977,0.407018780708313,0.541107714176178,0.6563458442687988 | 55841.75
438: 0.7053711414337158,0.5553051829338074,0.2979939877986908,0.4234614670276642,0.5426964163780212,0.6286258101463318 | 55841.75
439: 0.6870848536491394,0.5990909337997437,0.29956990480422974,0.4981304109096527,0.5476106405258179,0.49878641963005066 | 55841.75
440: 0.7028975486755371,0.5524144768714905,0.2956351935863495,0.42021021246910095,0.5423836708068848,0.6276426911354065 | 55841.75
441: 0.7172179818153381,0.5131433010101318,0.2941383421421051,0.3547784686088562,0.537905216217041,0.7315548658370972 | 55841.75
442: 0.7114540338516235,0.5179980397224426,0.2970289885997772,0.36161115765571594,0.5359765887260437,0.7211863994598389 | 55841.75
443: 0.7269454002380371,0.47929051518440247,0.2967762053012848,0.2963075637817383,0.5301244854927063,0.8129496574401855 | 55841.75
444: 0.7864721417427063,0.36396852135658264,0.2854122817516327,0.1371709704399109,0.5163062214851379,0.9585769176483154 | 55841.75
445: 0.7955935597419739,0.35016000270843506,0.28089338541030884,0.12059169262647629,0.5219647884368896,0.9673839211463928 | 55841.75
446: 0.7754223346710205,0.39683854579925537,0.28055083751678467,0.16817724704742432,0.533812940120697,0.9374555349349976 | 55841.75
447: 0.7175019383430481,0.5163568258285522,0.287304550409317,0.346265584230423,0.5447019934654236,0.7386097311973572 | 55841.75
448: 0.6920445561408997,0.5651447176933289,0.2965143620967865,0.43294307589530945,0.5481030344963074,0.6051504015922546 | 55841.75
449: 0.6450817584991455,0.6428223252296448,0.31023886799812317,0.5891616344451904,0.5492216944694519,0.34497272968292236 | 55850.42
450: 0.6456801295280457,0.6405555009841919,0.3092299699783325,0.5877371430397034,0.5487169027328491,0.3480004072189331 | 55850.42
451: 0.647682785987854,0.6315137147903442,0.3053479492664337,0.5771889090538025,0.5463413000106812,0.36273014545440674 | 55841.75
452: 0.5310711860656738,0.7525757551193237,0.3263939619064331,0.8266552090644836,0.5233488082885742,0.060769133269786835 | 55850.42
453: 0.44619542360305786,0.8091245889663696,0.3475722074508667,0.9114282727241516,0.5034560561180115,0.01653168722987175 | 55850.42
454: 0.4625784158706665,0.7994092106819153,0.34702757000923157,0.8999482989311218,0.5087474584579468,0.021278372034430504 | 55850.42
455: 0.4610961079597473,0.8017813563346863,0.35002878308296204,0.9043558835983276,0.5108190774917603,0.019692793488502502 | 55850.42
456: 0.4912096858024597,0.7849974036216736,0.34466201066970825,0.8841146230697632,0.5163151025772095,0.029374875128269196 | 55850.42
457: 0.5038629770278931,0.7682920098304749,0.3407845199108124,0.8703672289848328,0.5164061188697815,0.03698372468352318 | 55850.42
458: 0.5110982656478882,0.7560976147651672,0.3389301598072052,0.8611282110214233,0.5189813375473022,0.04332911595702171 | 55850.42
459: 0.515326976776123,0.7480596303939819,0.3373141884803772,0.8544690608978271,0.5212969183921814,0.047994595021009445 | 55850.42
460: 0.5226251482963562,0.7425428628921509,0.3334454298019409,0.8455281257629395,0.5232210755348206,0.05356844887137413 | 55850.42
461: 0.5213171243667603,0.7469644546508789,0.3322393298149109,0.852104902267456,0.52643883228302,0.05010421574115753 | 55850.42
462: 0.5173972249031067,0.7496874928474426,0.3316929042339325,0.8570244312286377,0.5291451215744019,0.04721686989068985 | 55850.42
463: 0.5173375606536865,0.7396692037582397,0.33156219124794006,0.8445609211921692,0.5305607318878174,0.053894948214292526 | 55850.42
464: 0.494914174079895,0.7459596395492554,0.3393239378929138,0.8614080548286438,0.532518208026886,0.043635208159685135 | 55850.42
465: 0.49136781692504883,0.7460963726043701,0.3423955738544464,0.861286997795105,0.5352368950843811,0.043703027069568634 | 55850.42
466: 0.48125025629997253,0.7521474361419678,0.34549471735954285,0.8714842796325684,0.5364854335784912,0.037471797317266464 | 55850.42
467: 0.49142885208129883,0.7425713539123535,0.3402841091156006,0.8610273599624634,0.5370681881904602,0.042823366820812225 | 55850.42
468: 0.494141548871994,0.7366406917572021,0.3321174085140228,0.8636040091514587,0.5400457382202148,0.041597917675971985 | 55850.42
469: 0.47426286339759827,0.7357800602912903,0.3277052342891693,0.8841909766197205,0.5420005917549133,0.03100948967039585 | 55850.42
470: 0.4237017333507538,0.731590747833252,0.3319580852985382,0.9113658666610718,0.5386900305747986,0.018252892419695854 | 55850.42
471: 0.4335336983203888,0.7141366600990295,0.3303166925907135,0.9012407064437866,0.544398844242096,0.022915663197636604 | 55850.42
472: 0.4870351552963257,0.6882831454277039,0.32232213020324707,0.8505662679672241,0.5503689646720886,0.05046423152089119 | 55850.42
473: 0.5687528252601624,0.663154125213623,0.31145843863487244,0.7439368367195129,0.5550544857978821,0.14308348298072815 | 55850.42
474: 0.8664829134941101,0.491294801235199,0.24223755300045013,0.07453679293394089,0.5800362825393677,0.9845466017723083 | 55841.75
475: 0.7883146405220032,0.5487536787986755,0.2736913561820984,0.20060934126377106,0.5763144493103027,0.9076829552650452 | 55841.75
476: 0.7503301501274109,0.5656516551971436,0.2926706373691559,0.2644411325454712,0.5761350989341736,0.8468846082687378 | 55841.75
477: 0.6165883541107178,0.6404784917831421,0.32251742482185364,0.6090744733810425,0.5563575029373169,0.31926068663597107 | 55850.42
478: 0.5179948806762695,0.6979895830154419,0.3330577611923218,0.8241567611694336,0.5348098874092102,0.06601916253566742 | 55850.42
479: 0.5024092793464661,0.7077043056488037,0.3309432864189148,0.8523162603378296,0.5267025828361511,0.046589404344558716 | 55850.42
480: 0.5306469202041626,0.6945512294769287,0.3243851661682129,0.8187043070793152,0.5319620966911316,0.06982101500034332 | 55850.42
481: 0.5567210912704468,0.6827738285064697,0.31802043318748474,0.7844760417938232,0.5387167930603027,0.0997920110821724 | 55850.42
482: 0.5352810621261597,0.6853522062301636,0.3190908133983612,0.8155755996704102,0.5340144038200378,0.07353568822145462 | 55850.42
483: 0.5052691698074341,0.6898069977760315,0.3236636519432068,0.8521992564201355,0.5297171473503113,0.04872330650687218 | 55850.42
484: 0.4795456826686859,0.6900659203529358,0.3298075497150421,0.8739873766899109,0.5268464088439941,0.03636830672621727 | 55850.42
485: 0.43651390075683594,0.6969876885414124,0.33988115191459656,0.9081178903579712,0.5225309133529663,0.020777424797415733 | 55850.42
486: 0.3393186926841736,0.7072573304176331,0.36247819662094116,0.9533678293228149,0.5028560161590576,0.005878348369151354 | 55850.42
487: 0.31139716506004333,0.7056708931922913,0.3629583716392517,0.9607486724853516,0.4916204512119293,0.003920979332178831 | 55850.42
488: 0.3024902939796448,0.7040855288505554,0.35083603858947754,0.9645451903343201,0.490068256855011,0.002967057516798377 | 55850.42
489: 0.31779801845550537,0.7063193321228027,0.3292801082134247,0.9644048810005188,0.500689685344696,0.0028694267384707928 | 55850.42
490: 0.32450196146965027,0.714695394039154,0.30795860290527344,0.9695499539375305,0.510296642780304,0.002130720065906644 | 55850.42
491: 0.3307006061077118,0.7183674573898315,0.2874235212802887,0.9728126525878906,0.51726895570755,0.0016570298466831446 | 55850.42
492: 0.3705765902996063,0.7206225991249084,0.26737964153289795,0.9687698483467102,0.5327050089836121,0.0021510350052267313 | 55850.42
493: 0.38964927196502686,0.7249752283096313,0.2549609839916229,0.9686229825019836,0.5411088466644287,0.0021946534980088472 | 55850.42
494: 0.40305042266845703,0.7225095629692078,0.25018030405044556,0.9651737809181213,0.5455738306045532,0.0026504250708967447 | 55850.42
495: 0.40195927023887634,0.7223092913627625,0.2480820268392563,0.9658974409103394,0.5482550859451294,0.0025887596420943737 | 55850.42
496: 0.39726096391677856,0.7210936546325684,0.24773013591766357,0.9672161936759949,0.5495641231536865,0.0024396891240030527 | 55850.42
497: 0.39589396119117737,0.7170349359512329,0.24851152300834656,0.966420590877533,0.5505114197731018,0.002546616131439805 | 55850.42
498: 0.38817790150642395,0.7174994945526123,0.24894475936889648,0.9694092869758606,0.5517053604125977,0.0021956844720989466 | 55850.42
499: 0.39037901163101196,0.7216566205024719,0.25022566318511963,0.9698540568351746,0.5480058789253235,0.002134331502020359 | 55850.42
500: 0.4052729308605194,0.7310625910758972,0.25223997235298157,0.9673898816108704,0.5370441675186157,0.0024136409629136324 | 55850.42
501: 0.4137319326400757,0.7477620840072632,0.252789169549942,0.9696163535118103,0.521737813949585,0.0021468072663992643 | 55850.42
502: 0.42398935556411743,0.7584359049797058,0.2531357407569885,0.9693506956100464,0.5040567517280579,0.0021906245965510607 | 55850.42
503: 0.4293111562728882,0.7649911046028137,0.2516748011112213,0.9700959920883179,0.49272745847702026,0.0021521735470741987 | 55850.42
504: 0.43453383445739746,0.7671324014663696,0.24983027577400208,0.9698430299758911,0.48600682616233826,0.002243516966700554 | 55850.42
505: 0.43884748220443726,0.7637161612510681,0.24919797480106354,0.968720018863678,0.4815834164619446,0.0024500044528394938 | 55850.42
506: 0.44218048453330994,0.7581833004951477,0.24879100918769836,0.9683302044868469,0.4779169261455536,0.0025696223601698875 | 55850.42
507: 0.45230549573898315,0.7476752400398254,0.2491639256477356,0.9632366895675659,0.4768086373806,0.003345770761370659 | 55850.42
508: 0.4543340802192688,0.7425624132156372,0.2494180053472519,0.9629233479499817,0.47503462433815,0.003457562765106559 | 55850.42
509: 0.45570072531700134,0.7368443608283997,0.25080713629722595,0.9620420336723328,0.4747898578643799,0.003652788931503892 | 55850.42
510: 0.4527328908443451,0.733790397644043,0.25240886211395264,0.9637913703918457,0.47469720244407654,0.0034454227425158024 | 55850.42
511: 0.4528660476207733,0.7312391400337219,0.25320062041282654,0.9645949006080627,0.47519221901893616,0.00337590160779655 | 55850.42
512: 0.45243048667907715,0.7309654951095581,0.2538578510284424,0.9656777381896973,0.4758247137069702,0.003256893949583173 | 55850.42
513: 0.4507037401199341,0.7366740703582764,0.2539103627204895,0.9687600135803223,0.47190597653388977,0.0028433327097445726 | 55850.42
514: 0.4534449279308319,0.7379981279373169,0.25519824028015137,0.9670861959457397,0.467289537191391,0.0030825738795101643 | 55850.42
515: 0.4494918882846832,0.7370316982269287,0.2583909332752228,0.9660791158676147,0.46951964497566223,0.003232939401641488 | 55850.42
516: 0.4425235390663147,0.7394391894340515,0.25996023416519165,0.9685369729995728,0.47057798504829407,0.002910349750891328 | 55850.42
517: 0.4415368139743805,0.7380186915397644,0.26156237721443176,0.9675375819206238,0.47253885865211487,0.0031149243004620075 | 55850.42
518: 0.4409733712673187,0.7337949872016907,0.26377028226852417,0.9653523564338684,0.4745308756828308,0.0035261381417512894 | 55850.42
519: 0.4377523362636566,0.7224817276000977,0.2686910033226013,0.9627244472503662,0.4743609130382538,0.0040254439227283 | 55850.42
520: 0.4410232603549957,0.7157211303710938,0.2722274661064148,0.9599084258079529,0.4766480326652527,0.004693983588367701 | 55850.42
521: 0.43923303484916687,0.7146750688552856,0.27367985248565674,0.9612254500389099,0.47559434175491333,0.00457808468490839 | 55850.42
522: 0.44427892565727234,0.7139908671379089,0.27226522564888,0.9606928825378418,0.47468990087509155,0.004805668722838163 | 55850.42
523: 0.45885589718818665,0.7104841470718384,0.2605368494987488,0.9588853120803833,0.47221460938453674,0.005160917993634939 | 55850.42
524: 0.5114715099334717,0.7039480209350586,0.24854032695293427,0.938156008720398,0.48428529500961304,0.010589356534183025 | 55850.42
525: 0.5456568002700806,0.6986660957336426,0.24382296204566956,0.91655033826828,0.49318891763687134,0.01810002699494362 | 55850.42
526: 0.559245228767395,0.6982889175415039,0.24215064942836761,0.9074978828430176,0.4978907108306885,0.02201351709663868 | 55850.42
527: 0.5642232894897461,0.6992446780204773,0.24192175269126892,0.9040974974632263,0.5008296966552734,0.023724853992462158 | 55850.42
528: 0.5606620907783508,0.7025938034057617,0.24053806066513062,0.9114971160888672,0.5003578066825867,0.020899884402751923 | 55850.42
529: 0.5687264800071716,0.7013198137283325,0.24239538609981537,0.9003234505653381,0.5017648339271545,0.02568313106894493 | 55850.42
530: 0.5625066161155701,0.7065250873565674,0.2416277527809143,0.9102744460105896,0.5001141428947449,0.021595517173409462 | 55850.42
531: 0.5613667368888855,0.7088246941566467,0.24143333733081818,0.912394106388092,0.49864640831947327,0.020589185878634453 | 55850.42
532: 0.5615840554237366,0.7129226326942444,0.2385832965373993,0.9194422960281372,0.49374523758888245,0.017815707251429558 | 55850.42
533: 0.5747937560081482,0.7091692090034485,0.23899641633033752,0.9043312072753906,0.494110107421875,0.023445041850209236 | 55850.42
534: 0.5635665655136108,0.7188671827316284,0.23435400426387787,0.9275641441345215,0.4851618707180023,0.014690438285470009 | 55850.42
535: 0.5590106844902039,0.7233327627182007,0.23551152646541595,0.9315353631973267,0.48875218629837036,0.013528845272958279 | 55850.42
536: 0.5588779449462891,0.7225218415260315,0.2388039529323578,0.9254668354988098,0.4971466660499573,0.01566038466989994 | 55850.42
537: 0.5611446499824524,0.7204059958457947,0.2418837547302246,0.9167817234992981,0.504818856716156,0.018819354474544525 | 55850.42
538: 0.5617239475250244,0.7200237512588501,0.24342510104179382,0.9128156900405884,0.5096510648727417,0.020317047834396362 | 55850.42
539: 0.5564127564430237,0.7234123945236206,0.24297891557216644,0.9197528958320618,0.5103180408477783,0.017687028273940086 | 55850.42
540: 0.5534135699272156,0.7292273044586182,0.24040921032428741,0.9286689162254333,0.5032063722610474,0.01441985834389925 | 55850.42
541: 0.5606211423873901,0.7297812104225159,0.23989063501358032,0.9239982962608337,0.49920588731765747,0.01589241810142994 | 55850.42
542: 0.5627958178520203,0.7315898537635803,0.23948544263839722,0.9239138960838318,0.49651846289634705,0.015993665903806686 | 55850.42
543: 0.5645074844360352,0.7323938608169556,0.23980148136615753,0.9225614070892334,0.49544230103492737,0.016598820686340332 | 55850.42
544: 0.5626749396324158,0.734573483467102,0.23947273194789886,0.9259652495384216,0.49325114488601685,0.015527953393757343 | 55850.42
545: 0.5606945157051086,0.739937424659729,0.23863482475280762,0.9323968887329102,0.4852851927280426,0.013368500396609306 | 55850.42
546: 0.5574242472648621,0.7455930113792419,0.23952478170394897,0.9362339973449707,0.4817321300506592,0.012224376201629639 | 55850.42
547: 0.5596255660057068,0.7458110451698303,0.24104954302310944,0.9319921731948853,0.4802421033382416,0.013517756946384907 | 55850.42
548: 0.5515059232711792,0.7514241933822632,0.2393053025007248,0.9421830177307129,0.4716980457305908,0.010377657599747181 | 55850.42
549: 0.5495370030403137,0.7534927725791931,0.238560289144516,0.9458340406417847,0.4671887755393982,0.009394333697855473 | 55850.42
550: 0.5502322316169739,0.7536890506744385,0.23837676644325256,0.9466026425361633,0.46426060795783997,0.009240273386240005 | 55850.42
551: 0.5574119687080383,0.7507165670394897,0.23950979113578796,0.9400454163551331,0.4655253291130066,0.011242975480854511 | 55850.42
552: 0.5554592609405518,0.7536661028862,0.2393062263727188,0.9424527287483215,0.4660697281360626,0.010729921981692314 | 55850.42
553: 0.5621225833892822,0.7541084885597229,0.24202202260494232,0.9332196712493896,0.4798048138618469,0.014103027060627937 | 55850.42
554: 0.5627686381340027,0.7570700645446777,0.24355986714363098,0.9299091100692749,0.48894017934799194,0.015569271519780159 | 55850.42
555: 0.5607833862304688,0.7614818811416626,0.24407859146595,0.9307127594947815,0.4944362938404083,0.015486967749893665 | 55850.42
556: 0.5601578950881958,0.7656885385513306,0.2441188097000122,0.9315850734710693,0.495985209941864,0.015208982862532139 | 55850.42
557: 0.5630954504013062,0.7685821056365967,0.24283812940120697,0.9319772720336914,0.492681622505188,0.01497789565473795 | 55850.42
558: 0.5652264356613159,0.7719980478286743,0.2405942976474762,0.935563325881958,0.48677730560302734,0.013686728663742542 | 55850.42
559: 0.5774186849594116,0.7678282856941223,0.24111713469028473,0.9241539239883423,0.4879148602485657,0.017788443714380264 | 55850.42
560: 0.5855532884597778,0.7659019231796265,0.24100662767887115,0.917807400226593,0.48729896545410156,0.02032700553536415 | 55850.42
561: 0.5913078784942627,0.7663595676422119,0.2384696900844574,0.9182789921760559,0.4833828806877136,0.020068617537617683 | 55850.42
562: 0.5959976315498352,0.767727255821228,0.23112796247005463,0.9247154593467712,0.475848913192749,0.017144586890935898 | 55850.42
563: 0.5955891013145447,0.7707473635673523,0.22422081232070923,0.9339188933372498,0.46599847078323364,0.013465329073369503 | 55850.42
564: 0.5803117752075195,0.7802550792694092,0.2144157439470291,0.9551937580108643,0.4442603290081024,0.00688532879576087 | 55850.42
565: 0.5919637084007263,0.7777333855628967,0.21646295487880707,0.9470712542533875,0.4522935152053833,0.009278790093958378 | 55850.42
566: 0.5975698828697205,0.7790140509605408,0.2173909693956375,0.9450011849403381,0.4568566381931305,0.010233367793262005 | 55850.42
567: 0.593372106552124,0.7840157747268677,0.21512766182422638,0.9523979425430298,0.452862948179245,0.008296743966639042 | 55850.42
568: 0.5838044285774231,0.7906827330589294,0.2115074247121811,0.9625456929206848,0.4444679021835327,0.00574666541069746 | 55850.42
569: 0.5793247222900391,0.7873899340629578,0.2133551687002182,0.9632833003997803,0.4421752691268921,0.005609254352748394 | 55850.42
570: 0.5861452221870422,0.7824383974075317,0.21783187985420227,0.9556430578231812,0.4521656632423401,0.007757632527500391 | 55850.42
571: 0.5996720194816589,0.7782257199287415,0.22299262881278992,0.9414358735084534,0.4686375856399536,0.012541500851511955 | 55850.42
572: 0.603710949420929,0.778091311454773,0.22457778453826904,0.936529815196991,0.4745386838912964,0.014511610381305218 | 55850.42
573: 0.6042947173118591,0.7784303426742554,0.22528384625911713,0.9345791935920715,0.47650718688964844,0.015340465120971203 | 55850.42
574: 0.6027500629425049,0.7794966697692871,0.22516222298145294,0.9352187514305115,0.4766814708709717,0.015221279114484787 | 55850.42
575: 0.5995302200317383,0.7818095684051514,0.22466830909252167,0.9384397864341736,0.47529539465904236,0.014202116057276726 | 55850.42
576: 0.5951687693595886,0.7852441668510437,0.22353395819664001,0.9435234069824219,0.472043514251709,0.012564001604914665 | 55850.42
577: 0.5936200022697449,0.7869893908500671,0.2233012467622757,0.9446192383766174,0.47005483508110046,0.01232168823480606 | 55850.42
578: 0.5883263349533081,0.7920229434967041,0.2211933732032776,0.9518561959266663,0.463357537984848,0.01004699431359768 | 55850.42
579: 0.5843812227249146,0.7941644191741943,0.2198651134967804,0.9551370739936829,0.45673778653144836,0.008998779579997063 | 55850.42
580: 0.583280622959137,0.7929781079292297,0.21989375352859497,0.9549679160118103,0.45266252756118774,0.00902324728667736 | 55850.42
581: 0.5790264010429382,0.7955910563468933,0.21886415779590607,0.9590941071510315,0.4458262622356415,0.007867061533033848 | 55850.42
582: 0.578467071056366,0.7953683137893677,0.21929331123828888,0.9586583971977234,0.4429176151752472,0.008068766444921494 | 55850.42
583: 0.5728849172592163,0.8006899952888489,0.21717779338359833,0.9644815325737,0.4352976083755493,0.006529634818434715 | 55850.42
584: 0.5757328867912292,0.8004449605941772,0.21763333678245544,0.9621448516845703,0.4351448714733124,0.007261728867888451 | 55850.42
585: 0.5778270959854126,0.8010830879211426,0.21772818267345428,0.9610639214515686,0.43381932377815247,0.007681149989366531 | 55850.42
586: 0.577826976776123,0.8031764030456543,0.21687376499176025,0.9623001217842102,0.4299486577510834,0.00743442215025425 | 55850.42
587: 0.5679096579551697,0.8102391958236694,0.2126786708831787,0.9709978699684143,0.4152812361717224,0.005080931354314089 | 55850.42
588: 0.5673061609268188,0.8115700483322144,0.21194958686828613,0.9716079235076904,0.41074639558792114,0.004991449881345034 | 55850.42
589: 0.5679348111152649,0.8126242756843567,0.21181145310401917,0.9713107943534851,0.4079645574092865,0.005162480287253857 | 55850.42
590: 0.5683812499046326,0.8106398582458496,0.21189525723457336,0.9691962599754333,0.41276416182518005,0.005812597926706076 | 55850.42
591: 0.5663159489631653,0.8077410459518433,0.21069912612438202,0.9673715829849243,0.42361751198768616,0.006398201920092106 | 55850.42
592: 0.5631635785102844,0.8080333471298218,0.20969419181346893,0.9682764410972595,0.4266873300075531,0.0062484052032232285 | 55850.42
593: 0.5596663355827332,0.8098199963569641,0.2082819640636444,0.9705515503883362,0.42321521043777466,0.005663459654897451 | 55850.42
594: 0.5632715821266174,0.8085759282112122,0.20826323330402374,0.9685719609260559,0.42476606369018555,0.006263903807848692 | 55850.42
595: 0.5659918189048767,0.8097044229507446,0.20767828822135925,0.9687113165855408,0.4229854345321655,0.0063271294347941875 | 55850.42
596: 0.5693461298942566,0.8120641708374023,0.20646847784519196,0.9694552421569824,0.4194863736629486,0.006242214702069759 | 55850.42
597: 0.5707244277000427,0.8158546090126038,0.2050533890724182,0.9716729521751404,0.41641008853912354,0.00580621650442481 | 55850.42
598: 0.5728074908256531,0.8073729872703552,0.20795442163944244,0.9672480821609497,0.42923620343208313,0.0073659238405525684 | 55850.42
599: 0.5583968162536621,0.7986394762992859,0.2097451239824295,0.9701537489891052,0.4327613413333893,0.0065272655338048935 | 55850.42
600: 0.5217633843421936,0.792678713798523,0.20822063088417053,0.9813358783721924,0.41756710410118103,0.0032706812489777803 | 55850.42
601: 0.5063770413398743,0.7850062847137451,0.21034497022628784,0.9826091527938843,0.4203941226005554,0.002906440757215023 | 55850.42
602: 0.4946354627609253,0.7821506261825562,0.2120836228132248,0.9834016561508179,0.42593589425086975,0.0027066951151937246 | 55850.42
603: 0.49288350343704224,0.7797801494598389,0.21524307131767273,0.9807985424995422,0.4369986057281494,0.00331454211845994 | 55850.42
604: 0.48323747515678406,0.7827022075653076,0.2156812846660614,0.9824510216712952,0.4364977180957794,0.0029672763776034117 | 55850.42
605: 0.4795900285243988,0.7849462032318115,0.21596795320510864,0.982977032661438,0.4345783293247223,0.002886568196117878 | 55850.42
606: 0.47928592562675476,0.7866071462631226,0.21599729359149933,0.9830335974693298,0.43075281381607056,0.0029113725759088993 | 55850.42
607: 0.48107850551605225,0.7899904847145081,0.21568776667118073,0.9833229184150696,0.4274478554725647,0.002908378839492798 | 55850.42
608: 0.5025813579559326,0.7893129587173462,0.22005851566791534,0.9775804281234741,0.4391167163848877,0.0046309418976306915 | 55850.42
609: 0.5157158374786377,0.7891302704811096,0.22294147312641144,0.9729649424552917,0.4465837776660919,0.006233775522559881 | 55850.42
610: 0.526256263256073,0.7890353202819824,0.22535733878612518,0.968559205532074,0.4532705843448639,0.007926770485937595 | 55850.42