1: 1.4447378159914106,0.5590847074741819,-0.019954052958431667,0.3689550717419016,-0.12128858215008731 | 20935.46
2: 0.5285985216154944,-0.5099619741147683,-0.2641139718299542,-0.371085029968665,-0.16106045543395398 | 18566.82
3: 0.3893568127506837,0.8143292996882467,0.1641064953386035,-0.5644985791021941,0.010725803725779637 | 28808.34
4: 0.30131556085562294,0.753027864331028,0.04498528667300439,1.5886811903945528,0.02417630057521497 | 25854.34
5: 0.8999033185806147,1.3048528858989923,1.0363808677512405,0.6183748690830566,-1.2793791641783763 | 29772.55
6: 0.21357722946961671,0.974536168709734,1.4604574200458307,-0.06710266160648881,1.056376743242109 | 32187.6
7: -0.5838247443223996,1.457396996806626,-0.05168343875234194,0.6553966716755535,0.2550812873348164 | 23139.52
8: 0.4430094486915844,0.4891144512950532,0.49428306594098864,1.8347825642653455,-0.0697828785471013 | 25854.34
9: 1.6675336691342733,0.06086163766473429,-0.12772556582286387,0.22154533283243633,1.1849488652445364 | 34959.11
10: 2.58987837621315,0.2520563219427595,0.51113204974702,0.4107377703418903,-0.23256231918045456 | 40455.38
11: 0.4615805878535616,1.0028516307343045,1.3614437982229715,0.49810766309085164,1.1576349013746678 | 32187.6
12: -0.1416951056884196,1.0239288560004733,0.3808882361990634,0.8390658864416554,0.9200948405844755 | 25905.77
13: 0.17342151516303606,1.0318468753714551,0.21547552781084922,0.8595992986127983,-0.013383615777065982 | 25854.34
14: -0.2470082135762166,0.15625949241961284,0.9397222740013216,1.4644233398079605,1.5681057770914777 | 26033.99
15: 1.4173251512916174,-0.8247082002080224,1.0530944823443367,0.31989593001608074,0.5653820381348813 | 32497.15
16: 0.665213489766725,1.5006505934412808,0.7074142644417083,0.9816474444561458,0.005140527002866935 | 29772.55
17: 1.2898625686233034,0.05876393709840305,0.7074132951605365,0.8478624508536396,0.41024641352629615 | 32497.15
18: 1.0390286638754929,0.9145869783818082,0.6921218210395589,1.1623616962536043,0.08298149000204658 | 29772.55
19: 0.1959424564513561,1.2001406872023157,0.5743944198075397,0.1269449937320808,0.5194304597763731 | 32187.6
20: 0.806387453665464,1.211372724279058,0.9162025089928201,0.8484199721228457,0.5874323033831752 | 29772.55
21: 0.43200175954770637,0.06986165979290809,1.9382973037866673,0.5175561168887594,0.7519961290802655 | 26033.99
22: 1.8205095544109433,0.47055812864418156,1.2827334228575067,0.25140074147875013,-0.7885939606505916 | 40455.38
23: -0.028447802749618112,-0.24679483641318922,0.10818657213291683,0.17588772372063405,0.38957557056763087 | 26291.14
24: -0.04721851900080298,1.116381041372822,0.21856950852118173,0.8307344494978581,0.451624323631735 | 23139.52
25: 0.8316125075704627,0.563451622676811,1.0203516877246486,0.31957235899862774,2.535042066366416 | 32497.15
26: -0.3622087629645562,0.8903766332471486,1.3244928548135166,0.7674601970169324,1.3073563412299305 | 25905.77
27: 0.9614934755466392,0.7838680954183341,-0.0566014791898396,0.015281682852920031,-0.6793620032214354 | 20935.46
28: 0.47870304118787366,-0.517880586841388,-0.28342293105236205,-0.18490644718216798,1.1654293518864005 | 34959.11
29: -0.7594172860448904,0.49575951851852956,-0.18288349235892953,0.41175801499263315,0.8391523321812911 | 25905.77
30: 0.580211884393366,-0.32275537837103374,0.3279590403999274,0.7794330737174167,1.0577380910201568 | 35750.86
31: 0.05899995250780565,0.41587249742532195,-0.1395309481781214,0.33656397061103704,1.3633898945799414 | 40634.99
32: 0.04805522174889537,0.6464908503707403,1.3332860637091226,0.8346126995698895,-0.23433719237302753 | 36517.83
33: 1.7633312067209364,0.646103321740689,0.3520097475996946,0.9881504706080846,1.6210941578623506 | 35750.86
34: -0.4517684922457452,1.7925252999548398,1.0922842313998644,1.6387890716674682,0.008212257411821133 | 36517.83
35: 1.1596518094951669,0.9635710027186515,0.7375474266472429,-1.2667380176214216,0.3976794942522179 | 37862.5
36: 1.5260483625017567,-0.04588483969812973,0.8660693623920332,-0.2605839468768757,0.6084234862314157 | 32497.15
37: 0.10398225726926436,0.9439913136344417,0.4019565849134151,-0.14675349547991012,0.24734191104360595 | 28808.34
38: -0.6408594460111781,1.1859413622197847,-0.3597286361053561,0.3205134737700871,0.3593057467169719 | 23139.52
39: 0.9615562047383659,0.6381395914004613,0.31048453958954997,0.14847988434337878,1.5527375443535723 | 34959.11
40: 0.6953970303708145,1.072035195186046,-0.12374176299478046,-0.03014038037325595,1.0054914709138751 | 36301.13
41: 1.4562983206292563,0.6649589354485032,-1.0246724530371352,0.4732557034289216,0.4442098558609722 | 20935.46
42: -0.9015918197304338,2.159324640422864,0.5688537240357457,1.1853323192138032,0.13571188422170588 | 36517.83
43: -0.13633182031149849,-0.2517258425364971,-0.4792530730856305,0.4401855349275288,0.3019186046490315 | 21228.93
44: 0.5834877105249924,-0.2602923768004849,0.2914913336500224,0.14143360318580883,-0.5032823973599218 | 40455.38
45: 0.01284585494306456,0.48192762102164965,0.23874311410907845,0.34100521198835515,0.37829341926916826 | 25905.77
46: -0.0018386826791348954,1.995193081496803,0.3080311195250879,0.12741324144281307,0.22613734836561666 | 27758.64
47: 0.7047707261574737,0.9947968970985013,1.0660633536871202,0.8279203679901403,-0.013571298005517207 | 29772.55
48: 1.7913925845646224,1.5008788932524522,-0.6737308804263533,1.1706261995675915,0.731004564120372 | 41394.41
49: 0.7990578689218377,0.5877759851075163,0.4188417699808605,1.1807068866119201,1.4193458226516429 | 35750.86
50: 0.17307284365908698,0.5281053942646808,-0.19511269258224806,0.674817331588374,0.025584479792032544 | 25854.34
51: 1.0162871462758705,0.7112742957962074,0.030217375720695994,0.2620364120019444,0.07497471183841653 | 20935.46
52: 0.43715029802906474,0.34545289854960665,1.3287871052057096,-0.1846595270481679,0.17414065852079957 | 35652.75
53: 0.4288256824023591,-0.4684660120980152,1.1539650819310687,1.4403316893792106,0.8478065406255858 | 26033.99
54: 1.185061604015595,1.4298582623935534,-0.0583920719982689,0.16911273127711052,1.1533774097133882 | 36301.13
55: 0.5236908721021688,0.385411223074403,0.21508392484356725,0.12096936652034634,-0.12098563942450835 | 20935.46
56: -0.554941691317447,0.5371055410306188,0.6534136634926776,0.8840180117443392,0.7074972032321054 | 26033.99
57: 0.0129425583731817,-0.24017408105385107,0.42998314444057223,0.3747379509498995,1.0787074949803874 | 26291.14
58: -0.0349263463708982,1.336247969604439,-0.6995331719708102,0.7177338415811598,-0.7179140030890305 | 23139.52
59: 0.4122488927307122,-0.7822503144342727,0.9363109034807033,0.5543362517788895,0.3078388869420273 | 32497.15
60: 0.1579264515242273,-0.05300492009422042,1.1643094798804379,-0.20450897845753957,0.5551126156366086 | 29485.73
61: 0.5742246409357682,0.5064806127135953,0.30670166229509926,0.5274337427826393,0.6943463966995582 | 41394.41
62: -0.5353928962533863,0.7997497106389493,0.8215150884572022,0.6704772845861153,-0.07008431553694594 | 36517.83
63: 1.1321643386071374,-0.04988761647991602,0.13118714172933105,1.4129210729329542,0.765782675402052 | 35750.86
64: 0.7502827052238218,0.5273047773864433,-0.1139345859659997,1.0118580692385986,1.4151969779575169 | 41394.41
65: 0.09352851406836116,0.20267897198466706,0.7215634886030178,0.18571525256009885,-1.165417321294659 | 35652.75
66: 0.5519540601260944,-0.4775479228933177,-0.6761515372805869,-0.6402203258284147,0.002570372945240873 | 18566.82
67: 1.361373832562583,0.2531524260381824,0.9816378652627009,0.7652119555039267,0.055343131455291406 | 40455.38
68: 0.9588999281085886,0.24918435312584863,0.6827286015939058,0.10925464443696797,-0.10470587662886144 | 40455.38
69: 0.5677853953477547,-0.4736340279357064,0.23707255135996208,1.300074108713714,-0.3537088902219482 | 37063.18
70: 0.7926126566923881,-0.22911936592396442,1.7234950141360312,0.1566685026748048,1.186696004231092 | 32497.15
71: 0.8787669301035188,0.06922059230654504,0.025790609196972236,-0.14613531407643787,1.0213671086405447 | 34959.11
72: 0.5109872438933682,0.15479430888255324,0.7090296029402264,0.4789484324648638,0.009434573141641978 | 36510.52
73: 0.9370414683802615,0.6257916844966407,0.9144427870787973,-0.40005889800175076,1.0053932058147597 | 37862.5
74: 0.33929433910251783,0.5004324037835788,1.1031875889273346,0.7994044628093377,0.9738021457948562 | 26033.99
75: 0.47241640338986834,-0.13226506429283258,0.7733073179311635,0.8856290539543694,-0.11612548959673608 | 36510.52
76: -0.2960530512230958,0.8224776987375113,-0.43369748103739747,0.4777622860812344,1.6794472086790357 | 40634.99
77: -0.05010949720419089,0.9779916006363449,-0.2530312172309386,0.5005324801320077,-1.2709508679175554 | 23139.52
78: 0.46693681991835445,1.1748064752825256,0.3495213794977866,0.07140250916491092,0.660318835820267 | 36301.13
79: 1.173490943086159,0.4360341245717885,-0.10716676217418442,1.2817461996723218,1.1384736601316108 | 41394.41
80: 1.2460774557677161,0.13591623574502715,-0.12957522862064075,0.5550014681408421,0.7918970348613563 | 34959.11
81: 0.7654156034447377,0.5462871090336182,0.5120796315471334,0.7364386524960678,-0.2196950593653081 | 29772.55
82: 0.06570733001747187,0.2631353272210585,0.9503667279791215,0.7775000444201249,1.5440384987541598 | 26033.99
83: 0.4320691934941515,-0.05463621792735662,0.7593158720902748,0.9979403416280876,1.358339924894042 | 26033.99
84: 1.0800667668789772,0.14256466255557076,0.3613472975553372,0.12845791522264544,-0.3910982568499749 | 40455.38
85: 0.35579140662495645,-0.3205844336039859,0.423386721611645,-0.36796401663875045,0.7391915940150497 | 32637.39
86: -0.4162647160383858,0.3279278507683744,1.337670881858329,0.625913748071543,0.316101479306667 | 36517.83
87: 0.1986575111988147,0.8769962335973606,-0.11333302298351966,0.02459828891870841,0.049599883751371254 | 28808.34
88: 0.24123989015653563,-0.5179914151626626,0.4773746274186852,1.0554939258757017,1.149553892310606 | 35750.86
89: 1.2231294632508476,0.8131684249140938,0.059617817283233676,-0.2440649911001933,0.07245691109531038 | 20935.46
90: 0.3829653590393863,-0.0017682090643628134,-0.29523311132513674,0.09107711860834908,-0.10311159363497846 | 18566.82
91: 0.6977046639961761,0.36951352852291786,0.9649913290006379,0.678108730117266,1.2965598718711697 | 32497.15
92: -0.06535515793085678,-0.3457778561129299,1.0058868231908713,0.17374951798552474,0.8860068033281776 | 29485.73
93: -0.18747886863295304,-0.4450651743951385,1.4146822597453452,0.32488586618798987,0.885523685423954 | 29485.73
94: 0.8433387756555137,0.014686495499539876,0.8947952604795026,-0.30520166318513076,0.36621494795814363 | 32497.15
95: 0.5297916630292054,0.11938298917722084,0.7782900175424413,1.1405250359265589,-0.5068075679018587 | 36510.52
96: -0.3262703625960961,0.09087377654226705,0.49870840052395043,0.07733844973539215,-0.016048393995700128 | 31177.5
97: -0.3132979629551833,0.11070870724308493,1.362367606555057,-0.12347731762021352,-0.26941878506811767 | 31177.5
98: 0.667590497264988,1.4381141752142776,-0.009950312081338342,0.29340325698133946,0.41720676074606267 | 41394.41
99: 0.4349995076338419,0.3049535190000047,0.9379141839538421,-0.5126277878465677,0.5592208714558831 | 35652.75
100: 0.31257739042834454,0.4291111073099925,0.8317625767241137,1.4117572515612493,-0.22074244557093203 | 36517.83
101: -0.6990974182072616,0.441465489949693,0.8638290835604661,-0.24704780574637797,0.6388810903531508 | 32187.6
102: 0.15462228613069895,-0.699185345414715,-0.3188683695165605,-0.11517681560044646,-0.33009638727556 | 18566.82
103: 0.9907913958900911,0.39851884938320337,1.1307199868946642,0.50385968294178,0.46464110263144465 | 32497.15
104: 1.0990559591010975,0.49715348645884544,0.8088857406059945,-0.3023130160495505,0.03014525530504944 | 37862.5
105: 0.23158150433679808,0.720909860847259,1.1085367723994297,-1.2417492538913473,0.3577015672253878 | 35652.75
106: 0.7087403312670307,0.6388480677702728,-0.1301803754222467,0.7579434475607838,0.3392284128914773 | 41394.41
107: 0.304933107624206,0.5166442147874285,1.3459252978092433,1.3028452139475903,0.19042122223221486 | 36517.83
108: 0.25576012611469756,0.879776621583857,0.7278873991680381,0.41827825652610245,1.1322276664649866 | 32187.6
109: 1.0830339867590868,-0.3705872571491965,0.2655874339526246,1.1378544416306635,0.19289905666688942 | 37063.18
110: -0.277442371149228,1.5758904963294913,0.09227355276004334,0.40153449438908234,-0.34184394041574573 | 23139.52
111: 1.362369815873601,0.4246584382305269,1.089590292039087,0.7046209899478225,-0.08849081090399702 | 36510.52
112: 0.9233690935804038,0.9544239709094813,1.303690537084027,0.3050228622525233,0.3658912254108299 | 37862.5
113: 0.787135010000818,-0.2726069729520315,1.54966223399822,0.19445180474306029,1.146062543662881 | 32637.39
114: 0.5053179922114956,0.9968727462301442,1.0220094857311157,-0.2625457694358039,1.8829015584572104 | 32187.6
115: 0.41062879236582095,0.4452256616071091,0.9745694362224394,0.0076744024905273656,0.8871823124434238 | 32187.6
116: 0.6885414452619683,0.8504833049771354,0.6346606586866417,0.3920846782403664,-1.079042097944476 | 29772.55
117: 0.2768983936782077,-0.053718989307057985,0.4806347020594204,0.5203750638492692,0.5027101597332388 | 26033.99
118: 1.6846587282118133,-0.2165913741258355,0.8853436388486247,0.5632646541050756,0.5082258221015159 | 32497.15
119: 0.4237948196029838,0.6448635446124906,0.4410325407821596,0.4165632443003011,1.2566161996756389 | 25905.77
120: 1.0110591047531305,0.41285014610678744,0.7591190074391199,-0.8628530677029114,-0.7413255470578919 | 40455.38
121: 0.4290617223440224,0.2943928698461355,1.0224395190834756,-0.0595133486857968,-0.07268481377510477 | 35652.75
122: 0.2640459593061822,0.7179325583596635,-0.5993430737819583,0.3666262262352984,0.347676002698724 | 23139.52
123: 1.8232445828139487,0.1586221152495042,-0.4906165421895079,1.0123449503209547,-0.06974051429720202 | 37063.18
124: 0.20246583461590123,0.8594219313199531,0.8240555542800161,0.504681485894511,-0.7594668523326111 | 36517.83
125: 1.0950028809664696,1.727208038969618,-0.1237767719712134,0.1903698359149042,-0.19258065135597247 | 20935.46
126: 0.6029495898381495,0.1853669647952076,0.7054282309921308,0.5280788266341666,0.24727397070446483 | 36510.52
127: 1.3147080170977705,1.4006962459755203,0.36819454722300565,0.015297430855250704,0.7220605608072773 | 37862.5
128: 0.09652428565839338,1.5327770942376824,1.0080958302977678,0.5577925838041394,-0.12160805604301461 | 36517.83
129: 0.22673776828013872,-0.5201374312616501,0.26318526722565205,0.40089924618496153,0.3731679344913286 | 35750.86
130: 0.500018644463518,1.6745459868935388,0.35731992512890975,0.2865453972897839,-0.21649909190007888 | 28808.34
131: 0.5806451692659262,1.4295188170170707,1.1418535569948283,0.5092649561111822,0.7690199755503266 | 32187.6
132: 1.2177436318097838,0.9357297900568374,0.8828761853067463,-0.4541573715484314,0.9415719444995174 | 37862.5
133: 1.5010498481871593,0.5845032471438618,1.7898893953659993,0.2887820760490592,0.43398104871155485 | 37862.5
134: 0.8455402996327642,0.9503353291933195,1.33130450482127,0.31075700160568925,0.3820484095436613 | 37862.5
135: 1.2351659789487124,0.03869438852211682,0.9552289676229957,-1.255979635394606,1.273660093519993 | 32637.39
136: 0.43325185910746217,1.2781597940293041,1.2079340493216397,-0.208327674068148,0.9151796297805304 | 32187.6
137: 1.3462315565693093,1.0725047956573452,0.6537595108470328,0.3287243065646801,-0.02867151353603936 | 29772.55
138: 0.25887263490212337,0.7487469275812582,0.11608657273253387,0.303713631976611,0.4340381299757684 | 25905.77
139: 0.730434456284709,-0.006517451674788566,-0.26091572690337017,-0.1528406540482266,1.1895895445147187 | 34959.11
140: -0.003821271134349713,0.04944261376411441,1.061756053600418,-0.08395500607159367,1.153173071229078 | 29485.73
141: 0.9442315737926499,0.26897433841019874,0.5251175785585693,-0.12839428819481596,0.136607537216889 | 40455.38
142: 0.43070798861468035,0.7198646446743192,0.2197723558114995,-0.18046551780964665,1.087391666265892 | 36301.13
143: 0.5273052204867119,0.6962374630137557,1.4749633834987703,-0.6280045980150609,0.9167333455120967 | 32187.6
144: 0.28241963486037236,1.0242183184810218,0.3718690461874634,-0.5341427988851095,0.7192843376847502 | 32187.6
145: 1.2539960565508417,-0.14365501549439164,0.9256208281573124,0.1606679847018501,1.200899404874893 | 32497.15
146: 1.6340952003122589,0.6218225015908425,1.1185884703447466,0.0963849538790712,0.7478500241284729 | 37862.5
147: -0.08362050363272955,0.2024347727733448,0.3918557671594043,-0.09054733355659494,0.9127033087505467 | 28279.63
148: -0.06084857601215965,0.8840351173217267,0.2373102869124441,1.419535748338803,1.1243362171034064 | 25905.77
149: 1.3512578801828106,0.45339618927964387,0.60934897624085,-0.1060363980028044,0.35454281385407 | 37862.5
150: 0.3388217099055909,0.24814619956777362,0.4497704096023374,0.08579944081037777,1.3214741540615198 | 32637.39
151: 1.4932099833306318,0.7974762832754649,0.5916577460178941,0.20161966292594063,0.3729058064679567 | 37862.5
152: 0.9885458050238449,1.2925790914950017,0.13345762897682245,-1.1555563412696772,-0.04888489680050023 | 28808.34
153: 0.7328703834650985,1.3743927723615337,1.0214486316030735,-0.37531526834618256,0.04499027029329283 | 37862.5
154: 0.7734112678741062,0.2640618220553269,0.30777772158650607,-0.08826462811494565,0.3764490067910174 | 37862.5
155: 1.8330378453882386,0.5767502293347002,0.6728568724639423,0.05701196807363168,-0.02710425536801775 | 37862.5
156: 0.32266965102080813,1.0864353866042828,0.4550817889279707,0.8754193747811286,0.26649897368524716 | 25854.34
157: 0.6136483168205231,0.8154979715137406,0.3554455425910341,-0.6489816375986395,1.735455644435176 | 36301.13
158: 0.8252849069007119,0.4618954604539075,0.42873608072211283,-0.048292684144031484,0.8548058137418404 | 39026.44
159: 1.229754751980376,0.9368999262875067,0.13217963169091324,0.347772249966117,0.44706692985107377 | 41394.41
160: 1.8246114594551563,0.0488618096800808,1.0745478986835664,0.8510292559602597,0.5231586895460622 | 32497.15
161: 2.0026887480469444,-0.7209045031475199,0.753811382827627,-0.25943717596353555,0.21191153513078642 | 32497.15
162: 0.4858954263868503,0.2916519283146673,1.0088499154195012,0.6163915558366994,-0.22589167609874228 | 36510.52
163: 1.2163953209217289,0.9507008982411822,1.2218577013894267,-0.03458039366512983,1.4373716191070651 | 39026.44
164: -0.07163516149831395,0.8159777984069114,0.704434244455896,0.4897714319640932,0.29560361694340537 | 36517.83
165: 0.34907860385198286,1.6866003768713784,0.08587098558567535,0.32662082348955673,-0.17775462682888277 | 28808.34
166: -0.2116843201506169,0.9853307932208074,-0.13038422171293962,1.2405577993375545,-0.10017350803098779 | 25854.34
167: 0.29664947633820316,0.32971930085021023,-1.154285070614447,0.025355544858621015,-0.21677245885811358 | 28808.34
168: 0.8714330077028548,0.4164288702383211,1.3927275900538665,1.1010633819186997,0.77338789635037 | 33592.16
169: 1.6031448579866487,0.4424819511724136,-0.14000356420159588,-0.09015075653509372,0.8987217257846261 | 34959.11
170: 0.5130709195403802,0.9705742243831885,0.03818964665244973,0.03362474518048433,0.6437844647026382 | 36301.13
171: 0.13777327191357902,0.7798242865800322,0.8176584034623297,0.5255344923247598,0.888467159639955 | 32187.6
172: 0.9261024991088957,-0.0911698624791355,0.33770302308418015,0.49219205913724273,0.6222208948768118 | 34959.11
173: 0.5067899542343048,0.4888676122625713,0.13029296842443183,1.0285022813685936,0.8855292697818434 | 41394.41
174: 0.47118853441639763,0.034526734791750335,-0.3085305972011262,-0.28656758951368955,-0.02706431822418892 | 18566.82
175: -0.35334409109834564,0.22963522611357484,0.8525222367382628,1.167950314675526,0.43687698915720824 | 26033.99
176: 0.11106970262716961,0.19377113177423055,0.6186390000886579,0.047561886885081894,-0.5806014954736073 | 31177.5
177: 0.15857966808266938,0.9869829187630461,-0.017610652781059888,-0.09708398073337016,-0.12852726426646477 | 28808.34
178: 0.9839063916826158,-0.25232598342807244,0.18374883883761894,-0.2649296856855568,0.23137237401669197 | 18566.82
179: 1.6916487655049868,1.2890622354624968,0.920731092415439,-0.49750789888700486,1.6913283005874893 | 39026.44
180: 1.2376952846410003,-0.4654775757037142,0.5353325901271327,0.6867071827807361,0.5322394938836731 | 33592.16
181: 0.8950965648335901,0.8124634869141938,0.6477210265602118,0.7547070326476937,-0.0884000295090237 | 29772.55
182: 1.2874629728231382,0.5448546409212366,0.6629100863484703,-0.3656479247531499,-0.43190672068567504 | 37862.5
183: 0.26943301920761253,0.5036091817602818,0.27027307422455515,-0.21818293471549238,0.6655943703654154 | 36301.13
184: 1.0904971171649487,0.32177664085120844,1.7642947190795188,0.2703276185697544,0.28974756766746657 | 32497.15
185: 0.7556700837646937,-1.2002665293596093,0.8918498308026679,1.2055791599096752,0.7297407614017813 | 33592.16
186: -0.044460285269421196,0.5179957354631659,0.7627180689412043,1.0419985930513915,-0.15992249134218822 | 36517.83
187: 0.6742911817559776,0.37425520271751334,0.8768807932028678,0.8983475186963502,-0.3159948172063336 | 36510.52
188: 0.9512619349239281,0.2926097421518026,0.36733082470561695,1.5078776517711643,-0.3077012696250075 | 37063.18
189: 0.33746964615114083,0.5717783632322693,0.6719409709450227,1.2243270581186398,-0.005847088693880925 | 36517.83
190: 0.6066427896875114,0.9010980853959576,0.6966726509954865,0.7111515749680841,0.7119096315855165 | 33592.16
191: 0.29783355656562593,0.23605064631380562,0.1059540531129774,0.5423658054827409,1.1102642359214698 | 40634.99
192: 1.4415161806534038,0.36360608377359926,0.7308876956114667,0.614582355379617,0.5765384856740963 | 33592.16
193: 1.3324518036494477,-0.19399120421470084,0.06178499078671937,0.3019145512697024,1.1369212307104504 | 34959.11
194: 0.24991544962776369,0.9423730208935692,0.8587488545724216,-0.09038680793066753,1.075861565236587 | 32187.6
195: 1.3146335539856753,0.3989592698743884,0.3866411075842521,-0.441815751901238,1.6543771335131634 | 39026.44
196: 0.7246008405264689,0.18883496836469993,0.31544556037442095,0.6256489913858226,0.7580498362413808 | 35750.86
197: -0.7894052615058891,-0.4581901573984062,-0.018574720831509905,0.518355728351721,0.15241177985938667 | 21228.93
198: 0.4342425017567433,1.4302859419550824,0.8210811998427291,0.9401349466083826,-0.36735213610990314 | 29772.55
199: 0.7981816625167926,0.5287966750911349,0.7293897730933562,0.7138563476854687,-0.42816467145651327 | 29772.55
200: 0.7972390046409694,0.4589588384133581,1.3733440477475307,0.03345123651655374,0.40890790068630356 | 35652.75
201: -0.3549009369667301,1.0493459947141162,0.7165570014039361,1.1115360584619136,0.7241734229616791 | 25905.77
202: 0.46312571121765955,0.3553076754619751,1.1765214369001582,0.4371672368795765,0.7409330605033212 | 33592.16
203: 0.5066590085654786,0.2971265042794944,0.40843243455089356,0.60849832018233,0.6750699743113722 | 33592.16
204: 1.091475218028201,1.0053159616135807,-0.2978375884267823,0.29626893720651365,0.5748326959650545 | 41394.41
205: 0.43873760074632995,0.7693902437216075,0.1072622787719939,0.7213907735022967,1.0431561579160984 | 25905.77
206: 0.6361591798143037,1.049065518028325,-0.13653411647478508,0.6195659270399356,2.1516173766167714 | 41394.41
207: 0.12137909154917614,1.1200232148171336,1.2848628007934821,0.7304988474904087,1.5483630748390567 | 25905.77
208: 0.28684101963711084,0.5954580988311681,0.9868619021140932,-0.05843089659986689,0.48513314151894893 | 32187.6
209: 0.8865137103077594,0.2739369781535864,0.5724381039512518,0.6979723675105727,0.9823219903726823 | 35750.86
210: 0.9433294166958244,0.06906236303005348,0.4589241236348392,0.25208611244057144,0.33373551891287406 | 32497.15
211: 0.03532129697740355,-0.13009055285603455,0.3332503760755828,-0.020627956369531852,0.4711288277837714 | 28279.63
212: 0.898134521992874,1.0436399076346017,0.8232823996880647,-0.16726219946549425,0.8167331161932113 | 37862.5
213: 0.5913093787699498,0.2116169088983082,-0.6044049672619707,0.38538856738259225,0.9107331543171019 | 34959.11
214: 1.1882241129039555,0.45919817273669095,0.3378040697834027,0.7941669777808282,0.5673930773115757 | 41394.41
215: 0.4914226672456985,-0.2008870262906144,0.38650747767351484,0.7591498421035705,-0.10436138872029194 | 37063.18
216: 0.15577462948254717,-0.34036835720961767,0.20841072281769063,0.5979578475887222,-0.215839129449385 | 37063.18
217: 0.21642004812193216,0.3309732524275772,1.4734029919448757,0.898744409318831,-0.18854326170874913 | 36517.83
218: 0.6856758562202665,0.32341536971503587,0.5955704345326578,0.6448776958863163,0.5347291845362837 | 33592.16
219: 0.9061638841890669,-0.250364782363965,0.3250692467190582,0.7591593960694022,1.3474961252342514 | 35750.86
220: 0.6847685291869717,0.1483964047549438,0.1800700257039213,0.43755427528073104,0.12340583298053587 | 40455.38
221: 0.08002692387998844,1.3775923901724476,0.570035119901386,0.750710726513047,1.0817180958106112 | 25905.77
222: 0.6961385345886787,0.3506771703961943,0.4295312875515782,0.013876534192890477,1.0351669932244505 | 39026.44
223: 0.3337858509102815,0.2557395235220782,-0.08927329548632701,0.2640825374293988,0.13893957899084153 | 41394.41
224: 0.6569119258958451,0.742842071947718,-0.33833148841971616,-0.1924732758261526,-0.02689988694231482 | 28808.34
225: 0.6173356736527721,0.7871132733528688,0.27142595383698165,0.4726025260324299,0.5298879835418215 | 41394.41
226: 1.202682855958992,-0.6640021187037888,-0.26966994100468467,-0.3337968053850512,0.5234940752899063 | 34959.11
227: 0.3502991525368366,-0.14169177948897804,0.24703671894422155,1.5018797208374255,1.8396461412305778 | 35750.86
228: 0.770200997570748,0.2081306071272841,0.2714022036030477,0.657455923694698,0.7026293642060277 | 35750.86
229: 0.8176915702199954,1.436576991868398,-0.18690877727554855,-0.21869776689574538,0.60485849890383 | 36301.13
230: -0.08095774570215852,-0.02166282146045584,0.5295428297063838,0.016851309095205713,-0.147561289925765 | 31177.5
231: 0.6973651842921831,0.1675983484635566,-0.5497810372936017,0.13479789973923778,0.5963178449530431 | 34959.11
232: 0.7137410770769395,1.1622179699422164,1.1771284202145536,0.4397748503980087,1.0757320243484132 | 32187.6
233: 0.824345846634857,0.5987333930492454,0.43426196393226346,0.1984679467043079,0.5034990393769929 | 37862.5
234: -0.26774676645638185,0.46342665819021545,0.3781227974791172,0.7188423150039991,0.9283093825673745 | 25905.77
235: 0.26910173890351446,0.3706344070407074,-0.3894041307389945,0.07356600252252327,1.0243945640466663 | 40634.99
236: -0.02943490938247284,-0.14650040647414042,0.4905031421082595,0.8244701062593524,0.7742992355399396 | 26033.99
237: -0.2089141932890728,0.35138796164430297,0.3419756661178682,0.07464704528890964,1.1119353526060443 | 28279.63
238: 1.0707649616790271,-0.12209149839718292,0.7200415765595524,0.8410373095278348,0.4638899981361611 | 33592.16
239: 0.8335588800146584,0.16686526301939436,-0.05132270939090389,1.1669110586870084,0.7107113327367283 | 35750.86
240: -0.40827665426808124,0.5326629157866959,0.7260967122285069,0.33081193127223707,0.796003238117093 | 32187.6
241: 0.8072677092376617,-0.6496828083430419,0.5231895118726262,0.8251867220448996,0.47771476244413524 | 33592.16
242: 0.3571518815435475,0.4699131322027891,1.409766527206603,1.0487266739616299,0.33805143812283023 | 36517.83
243: 0.5286367476194502,0.08562017485299506,1.2762293302140317,0.7343699970141836,0.48082294673464543 | 33592.16
244: -0.27195638275073186,0.9327974447731797,0.900626614279445,0.2358447667241342,0.9044648497082981 | 32187.6
245: 1.149087280840988,0.7646204769545032,-0.3779562070224599,0.35449017711742464,0.0547060934111554 | 20935.46
246: 0.7793178345891382,0.048551144195759566,0.9106345574502975,1.1317628949539662,0.41389188769121427 | 33592.16
247: 1.0805316556099474,0.2237661681352519,0.4529287551091028,-0.03290133616772384,0.3894351930768286 | 39026.44
248: 0.5164361161591962,-0.2667768273188581,0.2919404413591441,0.4537346873081988,0.21849415231000913 | 33592.16
249: 0.5233147779133954,1.2703947414558576,1.330234705793835,0.3098287810919117,0.41746684728515465 | 29772.55
250: 0.7967525333173409,0.6963856098154361,0.46958224155615425,-0.3707725177040221,-0.1335368249965203 | 37862.5
251: 0.5627923344225253,0.16901467717577628,-0.5785031189141181,0.8621566155013958,-0.07231033008883248 | 37063.18
252: 0.5936208098793492,0.15832219962612176,0.6574142564694764,1.1955018992068702,1.0804526463515953 | 35750.86
253: 0.7752523342680677,-0.041796426797949704,1.4827571280052698,0.2354161847092166,1.232842136975024 | 32637.39
254: 0.47673727708470265,0.45750827404247824,0.36612202204585625,0.11780031000381475,0.23008803362596905 | 37862.5
255: 0.8108521175640167,0.8800033908192122,0.5126894360123793,0.9650546628394238,0.746589544258099 | 41394.41
256: 1.2801412947492121,0.2671912114065197,-0.3421943227345715,-0.25460246131799014,0.8582043827519643 | 34959.11
257: 0.9159044816235281,0.9701072092261076,0.45452687986646323,-0.7764187154465243,0.34971865906995475 | 37862.5
258: 1.084729847274411,-0.04106387058437899,-0.04150602903270423,1.0271605226123672,1.4338026657671161 | 35750.86
259: 0.007649046147682914,0.41481716860245904,1.1347865995890882,0.45547588336976247,0.08258239258573097 | 36517.83
260: 0.25227762745662824,-0.06369007114296033,1.7304491127632131,-0.3066291183197932,-0.09834625191884827 | 31177.5
261: 0.4834341499566238,1.242839052459979,1.2081240245675464,1.572724225318963,0.9148824280683264 | 33592.16
262: 0.6690498230732453,0.543681650278862,-0.11242006435228391,0.3078398070520264,-0.17425147357963555 | 20935.46
263: 0.944502874694974,0.764858157170297,0.8344928139598626,0.17574527905990606,0.9485593903261338 | 39026.44
264: 0.3490844919329793,0.442804353450784,0.776828633500307,0.6594791201083807,0.7857637374423454 | 33592.16
265: -0.09055395164163804,0.07645835734548528,0.7427991393116448,0.5458884067304384,0.5042728694488765 | 26033.99
266: 0.38279617250955456,0.16364297580353765,0.8506467272874516,0.624009897329656,0.32217660872551224 | 33592.16
267: 0.8310069446300685,0.20253666674815213,0.8998433469866517,0.6244165938658631,0.3584751979784898 | 33592.16
268: -0.31514155344593253,0.6790765488679131,0.5327930029389333,-0.19849983539127536,1.5322078551232599 | 32187.6
269: 0.920094501746096,0.27068085672779396,0.5837223409377443,0.060163877307888136,0.8175535155442905 | 39026.44
270: 0.888940489157197,0.22545331092867843,0.6527741480819751,0.7785038542552791,0.8843413255461833 | 33592.16
271: 0.5978637821387197,0.20280806070437563,0.45294800823909914,0.9510286773671889,0.1839704374643641 | 37063.18
272: 0.9810040432746134,0.8966880746583012,0.9306596080831996,0.11774357689327397,0.42385448575602974 | 37862.5
273: 0.390824837144354,1.1031077854068654,-0.4219504559835644,-0.04650239370069342,1.087341713732186 | 36301.13
274: 1.1252703629350091,0.6875968284333253,0.25009212525790175,0.07356807012117511,0.8189328087794681 | 39026.44
275: 0.5458313458895877,-0.14126747080772362,0.6761516209993931,-0.051200929779635085,-0.0630108864562206 | 35652.75
276: 1.728190314164608,0.7667783636683627,1.7194619668278894,0.9696204832538828,0.23976922348693583 | 29772.55
277: 1.0964202825201408,0.6293348157291423,0.44630088556936365,0.22615454922920647,-0.10677989800409732 | 40455.38
278: 0.08938794803254674,0.2063503615211511,0.20606555328397913,1.5305736314379503,0.981208890053379 | 21228.93
279: 0.6539802689773826,0.8511545400756058,0.1411638103437463,0.9326970589995387,0.0250707163328851 | 25854.34
280: 0.6554184180190529,0.6307661519346435,0.9372982053241197,0.9804234360911079,0.8979098280199271 | 33592.16
281: 0.07769652009104067,0.36569525093145017,0.08005300120737774,0.24008280754194894,0.042300642465782856 | 23139.52
282: 1.4090156795049231,0.3045881389182329,0.6046923563737927,1.1090147276327886,0.8908077772287599 | 33592.16
283: 0.10175317922733756,-0.09726707171084925,0.6373372344367954,-0.016803447134499327,0.21277181132950135 | 29485.73
284: 0.7223402034702119,0.588959950899497,0.20328204070149486,0.4948795600053176,0.06434280901785583 | 20935.46
285: 1.3585590606941809,0.5354099906806731,0.83639771206223,1.4902866437582254,0.7761766943007125 | 33592.16
286: 0.8085611314418504,-0.21878404745974733,0.652580871001012,1.2243159622623438,0.7459355526516551 | 33592.16
287: 0.5800906073014975,-0.2691800332230938,0.25116209617079754,-0.09165268744313892,1.0352585014744367 | 32637.39
288: 1.2048260053728472,1.0702926554043093,-0.09818095481351719,0.815474539735487,0.6008365859881794 | 41394.41
289: 1.2639124285588674,0.48079895725447347,0.40263200632086127,1.1940763384431725,0.550050771750512 | 33592.16
290: 1.0131172268937692,0.8807065664679573,0.6187414610273491,0.44895412612111907,0.569717465182291 | 37862.5
291: 0.2804909465354366,-0.32493920874548343,-0.08221260652642659,0.4334006631116551,0.5235037821330508 | 35750.86
292: 1.0540052740132688,0.6451222980860178,0.519025875417519,0.3472057462574698,-0.10853561273607454 | 40455.38
293: 0.6924818016570041,-0.003526379235783139,0.3822997033305505,-0.04476278143448542,0.13576591860735657 | 32497.15
294: 0.381882032677791,0.5709347696745349,0.900495095966241,1.1516023377487097,0.26432076959914147 | 36517.83
295: 0.7685986978633028,0.3462667792226233,0.7837166766675421,-0.08102047576568105,0.4380692357710552 | 32497.15
296: 0.160149400254255,0.6759719234128332,1.1463644111393543,0.741550961442032,0.26898356955672464 | 36517.83
297: 0.4261457809879359,0.06913693681199395,0.024710392650098056,0.585162565539318,0.575026516206377 | 35750.86
298: 0.4177358645121851,0.4612856788927404,-0.02562249094846064,0.15407177412382095,0.6666241548828868 | 36301.13
299: -0.07130480457773525,0.9054488830921648,-0.6496960604014745,0.48913298431721675,0.34859237743430455 | 23139.52
300: 1.127902465388007,0.7020597314031592,0.0915240863042267,0.33276643178863297,-0.14829273192410597 | 20935.46
301: 0.2640623347534352,0.07138839179931661,0.7595605937273561,0.7155537056160519,0.4047065898397077 | 33592.16
302: 0.5611742734909058,0.49138808250427246,0.49159306287765503,0.560056209564209,0.47575169801712036 | 33592.16
303: 0.6046037673950195,0.5046108365058899,0.46544674038887024,0.4935741126537323,0.5139628052711487 | 33592.16
304: 0.5899718403816223,0.5033742189407349,0.49838387966156006,0.49734944105148315,0.47188329696655273 | 33592.16
305: 0.585872232913971,0.5007354021072388,0.526871383190155,0.485867977142334,0.4360387623310089 | 33592.16
306: 0.6062095761299133,0.5166540741920471,0.5272341370582581,0.44718635082244873,0.4434584379196167 | 33592.16
307: 0.5926677584648132,0.5149368047714233,0.5657806396484375,0.45479854941368103,0.3978120684623718 | 33592.16
308: 0.6074369549751282,0.512651264667511,0.5450376272201538,0.4501989781856537,0.4221319556236267 | 33592.16
309: 0.5828447341918945,0.5150280594825745,0.599389910697937,0.46341824531555176,0.3599845767021179 | 33592.16
310: 0.539768636226654,0.5001289248466492,0.613875150680542,0.5426605939865112,0.33691444993019104 | 33592.16
311: 0.5888172388076782,0.5090176463127136,0.554812490940094,0.4916652739048004,0.40837836265563965 | 33592.16
312: 0.630487859249115,0.515478253364563,0.47750961780548096,0.46465829014778137,0.5017890334129333 | 33592.16
313: 0.6108134984970093,0.5174847841262817,0.4781048595905304,0.4996172785758972,0.4995105266571045 | 33592.16
314: 0.5664653182029724,0.5063284635543823,0.523773193359375,0.5508642792701721,0.43983596563339233 | 33592.16
315: 0.5222559571266174,0.5065524578094482,0.5888123512268066,0.580987274646759,0.3640992045402527 | 33592.16
316: 0.5125107765197754,0.5036989450454712,0.6007521748542786,0.5896426439285278,0.3492257595062256 | 33592.16
317: 0.5199373364448547,0.5102466344833374,0.6463983058929443,0.5435967445373535,0.30109837651252747 | 33592.16
318: 0.574407160282135,0.5168688893318176,0.5369828343391418,0.518019437789917,0.4263983368873596 | 33592.16
319: 0.5994948148727417,0.5248675346374512,0.5343521237373352,0.46823814511299133,0.4315716326236725 | 33592.16
320: 0.658050537109375,0.5338361859321594,0.44444864988327026,0.4126334488391876,0.5397993922233582 | 33592.16
321: 0.7201350331306458,0.5445024967193604,0.3335607945919037,0.359421044588089,0.672884464263916 | 39026.44
322: 0.748955249786377,0.5434291362762451,0.28830811381340027,0.3379088342189789,0.7239668369293213 | 39026.44
323: 0.6721823215484619,0.5334472060203552,0.4341398775577545,0.4046359360218048,0.551636815071106 | 33592.16
324: 0.5517790913581848,0.5013543963432312,0.6089968085289001,0.5305795669555664,0.3418329656124115 | 33592.16
325: 0.517604649066925,0.4902060031890869,0.620177149772644,0.5813813209533691,0.3277446925640106 | 33592.16
326: 0.5082778930664062,0.5097379684448242,0.6698958873748779,0.5446074604988098,0.28030839562416077 | 33592.16
327: 0.5233986377716064,0.5031968355178833,0.635046660900116,0.549807071685791,0.31644710898399353 | 33592.16
328: 0.5285241007804871,0.5094239711761475,0.6317652463912964,0.540565550327301,0.3210083246231079 | 33592.16
329: 0.5313631892204285,0.503473699092865,0.5820569396018982,0.5741802453994751,0.3736443817615509 | 33592.16
330: 0.588365375995636,0.5029110312461853,0.47515571117401123,0.5465487241744995,0.4912533164024353 | 33592.16
331: 0.6339127421379089,0.5026692748069763,0.40433722734451294,0.5112733840942383,0.5699487328529358 | 33592.16
332: 0.7177963852882385,0.5253230333328247,0.29671838879585266,0.41334742307662964,0.6983890533447266 | 39026.44
333: 0.7397261261940002,0.5379630327224731,0.291061133146286,0.37189599871635437,0.7076829671859741 | 39026.44
334: 0.723149299621582,0.5380534529685974,0.3170104920864105,0.39439550042152405,0.6802629232406616 | 39026.44
335: 0.6662128567695618,0.5182862281799316,0.3994901776313782,0.463010311126709,0.5813029408454895 | 33592.16
336: 0.574518620967865,0.4996005594730377,0.5233830213546753,0.558638334274292,0.43801388144493103 | 33592.16
337: 0.5506057143211365,0.5043041706085205,0.5743964910507202,0.5680454969406128,0.38349413871765137 | 33592.16
338: 0.5387892723083496,0.5219293236732483,0.6213544607162476,0.5531208515167236,0.3378267288208008 | 33592.16
339: 0.5544878840446472,0.5176382660865784,0.6288238167762756,0.5298299789428711,0.32739385962486267 | 33592.16
340: 0.5912476181983948,0.5136929750442505,0.5294252038002014,0.5351584553718567,0.43628376722335815 | 33592.16
341: 0.5428359508514404,0.5156278014183044,0.6073399782180786,0.5690392851829529,0.3534545600414276 | 33592.16
342: 0.587763249874115,0.5206923484802246,0.5534331202507019,0.5250028967857361,0.4109451174736023 | 33592.16
343: 0.6272011995315552,0.5301958322525024,0.5008100867271423,0.4818878769874573,0.4700792729854584 | 33592.16
344: 0.691864550113678,0.540132462978363,0.3415021300315857,0.4559987187385559,0.653022050857544 | 41394.41
345: 0.6901262402534485,0.5410549640655518,0.35453924536705017,0.4533182382583618,0.6380849480628967 | 41394.41
346: 0.6947615146636963,0.542640745639801,0.3436039090156555,0.4530159533023834,0.6523814797401428 | 41394.41
347: 0.6362890601158142,0.5489208102226257,0.475633442401886,0.4802108407020569,0.5087436437606812 | 33592.16
348: 0.6013524532318115,0.5409094095230103,0.558586597442627,0.4999278783798218,0.41298583149909973 | 33592.16
349: 0.5828083157539368,0.5494609475135803,0.649730384349823,0.47402024269104004,0.31401365995407104 | 29772.55
350: 0.5715751051902771,0.5539847612380981,0.6989908814430237,0.4638952612876892,0.26365020871162415 | 29772.55
351: 0.5266298651695251,0.5518445372581482,0.7613463997840881,0.4966382384300232,0.2023046612739563 | 29772.55
352: 0.6312528848648071,0.5371284484863281,0.5770460367202759,0.45686793327331543,0.38583120703697205 | 33592.16
353: 0.7173932194709778,0.549227774143219,0.44477224349975586,0.3671819269657135,0.5268723368644714 | 39026.44
354: 0.7606235146522522,0.5486899018287659,0.37803664803504944,0.3153509497642517,0.5946138501167297 | 39026.44
355: 0.7538366913795471,0.5389391183853149,0.334403395652771,0.3523348867893219,0.6441647410392761 | 39026.44
356: 0.7679034471511841,0.5347158908843994,0.2527017891407013,0.372300386428833,0.7367822527885437 | 39026.44
357: 0.7055505514144897,0.5165733098983765,0.3539546728134155,0.44189882278442383,0.6209816932678223 | 41394.41
358: 0.6166647672653198,0.5081592202186584,0.488720178604126,0.5311770439147949,0.47644850611686707 | 33592.16
359: 0.6227385401725769,0.5200925469398499,0.5099279880523682,0.500855028629303,0.4534757137298584 | 33592.16
360: 0.6495395302772522,0.5312157869338989,0.49614614248275757,0.4505000412464142,0.46670666337013245 | 33592.16
361: 0.6252134442329407,0.5260114669799805,0.5518980026245117,0.45717912912368774,0.4057989716529846 | 33592.16
362: 0.6373666524887085,0.5182531476020813,0.47638827562332153,0.4824132025241852,0.48911556601524353 | 33592.16
363: 0.634401261806488,0.5092035531997681,0.47973474860191345,0.4956592321395874,0.48116379976272583 | 33592.16
364: 0.6861236095428467,0.5156923532485962,0.3801632821559906,0.464844286441803,0.589306116104126 | 33592.16
365: 0.7571084499359131,0.5425992608070374,0.26888900995254517,0.3846309185028076,0.7165266871452332 | 39026.44
366: 0.7755178809165955,0.5462408065795898,0.26953956484794617,0.3512893319129944,0.712542712688446 | 39026.44
367: 0.6990761756896973,0.5323882699012756,0.4106893241405487,0.42118963599205017,0.5577725768089294 | 33592.16
368: 0.6065836548805237,0.5003964900970459,0.5465311408042908,0.5234836935997009,0.4097493886947632 | 33592.16
369: 0.5258111953735352,0.4725247025489807,0.6269240975379944,0.6188206672668457,0.3283664584159851 | 33592.16
370: 0.5299486517906189,0.4695725739002228,0.6023165583610535,0.6308925151824951,0.3555891811847687 | 33592.16
371: 0.5555104613304138,0.483934223651886,0.5940981507301331,0.5907298922538757,0.3657914698123932 | 33592.16
372: 0.5075653195381165,0.47227925062179565,0.6416716575622559,0.6426419019699097,0.3203571140766144 | 33592.16
373: 0.5271035432815552,0.4865778386592865,0.6520313620567322,0.6025660634040833,0.3125527501106262 | 33592.16
374: 0.6108770966529846,0.5156090259552002,0.5488755702972412,0.5188117027282715,0.4211388826370239 | 33592.16
375: 0.6479282379150391,0.529364287853241,0.49660560488700867,0.48949652910232544,0.4752994775772095 | 33592.16
376: 0.6498532295227051,0.5384390950202942,0.525927722454071,0.46951213479042053,0.4421556890010834 | 33592.16
377: 0.613276481628418,0.5302228331565857,0.5951688885688782,0.48608991503715515,0.3689134120941162 | 33592.16
378: 0.6268342733383179,0.5345569252967834,0.5461156368255615,0.4856855869293213,0.42195427417755127 | 33592.16
379: 0.5431511402130127,0.5188823342323303,0.7077441811561584,0.5119214057922363,0.25719937682151794 | 29772.55
380: 0.5962422490119934,0.5361592173576355,0.64547199010849,0.46365490555763245,0.31917181611061096 | 29772.55
381: 0.6229856014251709,0.547465980052948,0.6071562767028809,0.43836405873298645,0.36025258898735046 | 33592.16
382: 0.6360867023468018,0.5489225387573242,0.562602698802948,0.44321194291114807,0.4089670479297638 | 33592.16
383: 0.582851767539978,0.5322807431221008,0.6741796731948853,0.46482589840888977,0.29344964027404785 | 29772.55
384: 0.5945553183555603,0.5156406760215759,0.6366614699363708,0.49051782488822937,0.325407475233078 | 33592.16
385: 0.5765081644058228,0.4990338981151581,0.6061341762542725,0.5476406216621399,0.35853591561317444 | 33592.16
386: 0.6332699656486511,0.5184816122055054,0.517318844795227,0.5040704011917114,0.44870567321777344 | 33592.16
387: 0.7315317392349243,0.5707972645759583,0.38089996576309204,0.39601823687553406,0.5917117595672607 | 39026.44
388: 0.7447386384010315,0.5889620780944824,0.375469446182251,0.3723369240760803,0.5970895290374756 | 39026.44
389: 0.6814113259315491,0.574960470199585,0.5246124267578125,0.40953680872917175,0.43846091628074646 | 33592.16
390: 0.6396427154541016,0.5539354085922241,0.5824975371360779,0.46148180961608887,0.3774181306362152 | 33592.16
391: 0.7023827433586121,0.5733045339584351,0.4404943883419037,0.4336325228214264,0.5306448340415955 | 33592.16
392: 0.7176393270492554,0.5831621289253235,0.3920094072818756,0.4248160421848297,0.5859450101852417 | 41394.41
393: 0.6496492028236389,0.5617218613624573,0.5404486656188965,0.45489245653152466,0.4268316924571991 | 33592.16
394: 0.6378093957901001,0.5487807393074036,0.5014214515686035,0.5033209323883057,0.46847566962242126 | 33592.16
395: 0.5710136890411377,0.5198323130607605,0.58127361536026,0.5704572200775146,0.38452377915382385 | 33592.16
396: 0.49225395917892456,0.47998887300491333,0.7249343395233154,0.6212416291236877,0.23769520223140717 | 33592.16
397: 0.545212984085083,0.505282998085022,0.6763214468955994,0.5652473568916321,0.28969427943229675 | 33592.16
398: 0.7092613577842712,0.5872218012809753,0.46721792221069336,0.3944636583328247,0.5142676830291748 | 33592.16
399: 0.7288234829902649,0.599723219871521,0.43834617733955383,0.37573444843292236,0.5475095510482788 | 39026.44
400: 0.737766444683075,0.6079084873199463,0.3908102810382843,0.37699657678604126,0.60118168592453 | 39026.44
401: 0.7416106462478638,0.6089099049568176,0.3720549941062927,0.37833455204963684,0.6204728484153748 | 39026.44
402: 0.6817151308059692,0.5724275708198547,0.45988041162490845,0.4522215723991394,0.5232844948768616 | 33592.16
403: 0.6323082447052002,0.5546668171882629,0.5576669573783875,0.4838223159313202,0.418427050113678 | 33592.16
404: 0.6173366904258728,0.5414162278175354,0.5296450853347778,0.5355485081672668,0.4476580023765564 | 33592.16
405: 0.6840145587921143,0.5885407328605652,0.46518784761428833,0.4406396150588989,0.5209102034568787 | 33592.16
406: 0.7137628793716431,0.6024088263511658,0.4361792802810669,0.41011014580726624,0.5514819622039795 | 33592.16
407: 0.7114733457565308,0.5998071432113647,0.43641823530197144,0.4167161285877228,0.5498878359794617 | 33592.16
408: 0.6811789274215698,0.5841430425643921,0.49799972772598267,0.4428021013736725,0.48339006304740906 | 33592.16
409: 0.6529175639152527,0.5737831592559814,0.5788341164588928,0.4547226130962372,0.39772850275039673 | 33592.16
410: 0.6021644473075867,0.5439151525497437,0.6259854435920715,0.5254486203193665,0.34667983651161194 | 33592.16
411: 0.5686220526695251,0.528963565826416,0.6499596238136292,0.5577763319015503,0.32081347703933716 | 33592.16
412: 0.5254823565483093,0.4959803521633148,0.6986756324768066,0.6143405437469482,0.2688358724117279 | 33592.16
413: 0.5603911876678467,0.5203055143356323,0.6783742904663086,0.5728705525398254,0.2911965847015381 | 33592.16
414: 0.655132532119751,0.5714448690414429,0.5756866931915283,0.48212695121765137,0.3980310559272766 | 33592.16
415: 0.7569337487220764,0.6290565729141235,0.41673868894577026,0.3837359845638275,0.5688557624816895 | 39026.44
416: 0.7998582720756531,0.6598199605941772,0.3125373125076294,0.3451656103134155,0.6834613680839539 | 39026.44
417: 0.8336812257766724,0.68705153465271,0.23768319189548492,0.3044701814651489,0.7651336789131165 | 39026.44
418: 0.8609561920166016,0.71443110704422,0.19483202695846558,0.25577932596206665,0.8121767044067383 | 39026.44
419: 0.872981607913971,0.7303894758224487,0.16043712198734283,0.23591549694538116,0.8503614068031311 | 36301.13
420: 0.8302274942398071,0.6789782047271729,0.21118159592151642,0.32169798016548157,0.7953831553459167 | 39026.44
421: 0.7545579671859741,0.6232827305793762,0.32005470991134644,0.4198340177536011,0.6758753657341003 | 41394.41
422: 0.6701971292495728,0.5682646036148071,0.4710617959499359,0.4984853267669678,0.5073068141937256 | 33592.16
423: 0.660559356212616,0.5632738471031189,0.4760603606700897,0.5115501880645752,0.5024731755256653 | 33592.16
424: 0.6116419434547424,0.5439429879188538,0.5491481423377991,0.5507393479347229,0.4235650599002838 | 33592.16
425: 0.5719877481460571,0.51345294713974,0.6268336176872253,0.59095698595047,0.34003975987434387 | 33592.16
426: 0.5931244492530823,0.5229766964912415,0.6445148587226868,0.5580270290374756,0.3246724307537079 | 33592.16
427: 0.5975238680839539,0.5223575234413147,0.6339898109436035,0.5580560564994812,0.33731216192245483 | 33592.16
428: 0.6800098419189453,0.5747969150543213,0.5246465802192688,0.4768204092979431,0.46005430817604065 | 33592.16
429: 0.7454188466072083,0.618544340133667,0.3973108232021332,0.42146340012550354,0.6018699407577515 | 41394.41
430: 0.8420785665512085,0.6995013952255249,0.26575151085853577,0.27814021706581116,0.7507635951042175 | 39026.44
431: 0.8148806691169739,0.6835421919822693,0.3054671585559845,0.3059259355068207,0.7066330909729004 | 39026.44
432: 0.755289614200592,0.6435624361038208,0.4511496424674988,0.35352933406829834,0.5474504232406616 | 37862.5
433: 0.7654339671134949,0.645805299282074,0.385711669921875,0.35978320240974426,0.615788996219635 | 39026.44
434: 0.6921244859695435,0.588759183883667,0.5109699964523315,0.44572582840919495,0.47485747933387756 | 33592.16
435: 0.6311644911766052,0.540172815322876,0.6067964434623718,0.521027147769928,0.36962810158729553 | 33592.16
436: 0.587412416934967,0.5174759030342102,0.6563228368759155,0.5684685707092285,0.31790611147880554 | 33592.16
437: 0.625164806842804,0.541208028793335,0.5810166001319885,0.5452558398246765,0.39836546778678894 | 33592.16
438: 0.5053590536117554,0.46483346819877625,0.7705631852149963,0.6313192248344421,0.20123808085918427 | 36510.52
439: 0.5066529512405396,0.4566415846347809,0.731931209564209,0.6566291451454163,0.23809011280536652 | 33592.16
440: 0.6019269227981567,0.5172011256217957,0.6155944466590881,0.5690683722496033,0.36011797189712524 | 33592.16
441: 0.7082244157791138,0.5961189866065979,0.47995689511299133,0.44092005491256714,0.5095050930976868 | 33592.16
442: 0.799785315990448,0.6693299412727356,0.33211690187454224,0.3262251019477844,0.6731509566307068 | 39026.44
443: 0.790600061416626,0.6615092754364014,0.33108848333358765,0.34585073590278625,0.6732725501060486 | 39026.44
444: 0.8014754056930542,0.6749484539031982,0.34970158338546753,0.31646257638931274,0.6540534496307373 | 39026.44
445: 0.7907396554946899,0.6638959050178528,0.43029165267944336,0.3178086280822754,0.5671492218971252 | 37862.5
446: 0.7238448858261108,0.6119089126586914,0.5275722742080688,0.4038863778114319,0.4591938257217407 | 37862.5
447: 0.6848714351654053,0.5877075791358948,0.5523403286933899,0.4488266706466675,0.4305807650089264 | 33592.16
448: 0.6293591856956482,0.547225296497345,0.6343620419502258,0.5058211088180542,0.3414580523967743 | 33592.16
449: 0.5698022842407227,0.5079023838043213,0.7185587882995605,0.556231677532196,0.25383856892585754 | 29772.55
450: 0.5466820001602173,0.49601948261260986,0.7186225652694702,0.5815446972846985,0.2532505691051483 | 33592.16
451: 0.5601473450660706,0.49946996569633484,0.7107025384902954,0.5737538933753967,0.2623751163482666 | 33592.16
452: 0.6250486373901367,0.5425662994384766,0.7019885182380676,0.47980260848999023,0.27565568685531616 | 29772.55
453: 0.679259717464447,0.5820073485374451,0.587749183177948,0.4418738782405853,0.39585304260253906 | 33592.16
454: 0.6993865966796875,0.5996448397636414,0.5510076284408569,0.4202413856983185,0.43621745705604553 | 33592.16
455: 0.7242459654808044,0.6171050071716309,0.4680684208869934,0.4124176800251007,0.5244125127792358 | 33592.16
456: 0.7158988118171692,0.6023813486099243,0.4744648039340973,0.44337645173072815,0.5158735513687134 | 33592.16
457: 0.6870185732841492,0.5909857749938965,0.5548763275146484,0.44667407870292664,0.42872074246406555 | 33592.16
458: 0.6176842451095581,0.55527263879776,0.6436944603919983,0.5003203749656677,0.33378276228904724 | 33592.16
459: 0.5973591208457947,0.536919355392456,0.6478186845779419,0.5406442284584045,0.32754045724868774 | 33592.16
460: 0.6199046969413757,0.5395166873931885,0.6131772398948669,0.5441948771476746,0.361572802066803 | 33592.16
461: 0.6142504215240479,0.5317034125328064,0.6586768627166748,0.5358702540397644,0.31469568610191345 | 33592.16
462: 0.6433213949203491,0.5540456771850586,0.6174772381782532,0.4974547326564789,0.3572107255458832 | 33592.16
463: 0.659248411655426,0.5652310252189636,0.6154184937477112,0.4705534875392914,0.3596249222755432 | 33592.16
464: 0.6854740977287292,0.5834448337554932,0.5296798944473267,0.4681205451488495,0.44807693362236023 | 33592.16
465: 0.6673681139945984,0.5769447088241577,0.5698053240776062,0.47537463903427124,0.40699437260627747 | 33592.16
466: 0.6168189644813538,0.5308455228805542,0.6317352652549744,0.560315728187561,0.34196579456329346 | 33592.16
467: 0.7262809872627258,0.6113234162330627,0.4617633521556854,0.4635203778743744,0.5235598087310791 | 33592.16
468: 0.7812646627426147,0.6584383249282837,0.38774386048316956,0.3929213583469391,0.6051316857337952 | 39026.44
469: 0.7821030616760254,0.6664817929267883,0.4041663408279419,0.37134459614753723,0.5882169008255005 | 39026.44
470: 0.7709466218948364,0.6527517437934875,0.42550843954086304,0.3917500376701355,0.5638991594314575 | 37862.5
471: 0.7524803876876831,0.6373875737190247,0.4333736002445221,0.4191754460334778,0.5543912649154663 | 41394.41
472: 0.7458209991455078,0.6311091184616089,0.4322415590286255,0.4266018271446228,0.555371880531311 | 41394.41
473: 0.7553934454917908,0.6450278759002686,0.4518680274486542,0.38043931126594543,0.5373005270957947 | 37862.5
474: 0.758738100528717,0.6478441953659058,0.4812677204608917,0.36117812991142273,0.5078951716423035 | 37862.5
475: 0.6953840255737305,0.5889601111412048,0.5345633029937744,0.46782174706459045,0.44695305824279785 | 33592.16
476: 0.6883171796798706,0.5816503763198853,0.4934904873371124,0.5063539743423462,0.48758888244628906 | 33592.16
477: 0.7078900933265686,0.6016519665718079,0.4239092469215393,0.49931514263153076,0.5621882081031799 | 33592.16
478: 0.7380405068397522,0.6282292604446411,0.41867795586586,0.4473855495452881,0.5715484619140625 | 41394.41
479: 0.6948248744010925,0.5932158827781677,0.4630117118358612,0.5079885721206665,0.5236773490905762 | 33592.16
480: 0.7075282335281372,0.5961865782737732,0.5530813932418823,0.4585633873939514,0.4320998191833496 | 33592.16
481: 0.7132472395896912,0.6040735244750977,0.5535022020339966,0.4390021562576294,0.43183237314224243 | 33592.16
482: 0.6691300868988037,0.5742346048355103,0.5677356123924255,0.493665486574173,0.4148191809654236 | 33592.16
483: 0.6694186329841614,0.5743458271026611,0.5760035514831543,0.4867348372936249,0.4064939618110657 | 33592.16
484: 0.6604766249656677,0.5714411735534668,0.6307458281517029,0.4649701416492462,0.35110244154930115 | 29772.55
485: 0.6694474816322327,0.5797472596168518,0.5683912038803101,0.4778784215450287,0.4144747853279114 | 33592.16
486: 0.5930365920066833,0.5208557844161987,0.7159639000892639,0.5294279456138611,0.26311588287353516 | 29772.55
487: 0.6346759796142578,0.5520949363708496,0.6595869064331055,0.5022746920585632,0.31692591309547424 | 29772.55
488: 0.6851357817649841,0.5779215097427368,0.5342387557029724,0.5227423310279846,0.44114500284194946 | 33592.16
489: 0.6724015474319458,0.5710323452949524,0.5613706111907959,0.5312818884849548,0.41245976090431213 | 33592.16
490: 0.6913279891014099,0.5875465869903564,0.5120328068733215,0.5205627679824829,0.46592646837234497 | 33592.16
491: 0.7277440428733826,0.617730438709259,0.38798290491104126,0.5155346989631653,0.6004761457443237 | 41394.41
492: 0.7563155889511108,0.6399272084236145,0.340207576751709,0.4911253750324249,0.6578786373138428 | 41394.41
493: 0.8055257201194763,0.6851441860198975,0.31325915455818176,0.4003944396972656,0.6990638375282288 | 41394.41
494: 0.797423779964447,0.6821749210357666,0.3838471472263336,0.3666043281555176,0.6304877400398254 | 39026.44
495: 0.7212070226669312,0.6185357570648193,0.5215479135513306,0.4385356307029724,0.47665539383888245 | 33592.16
496: 0.6792313456535339,0.5778883099555969,0.60334712266922,0.4844827651977539,0.3870250880718231 | 33592.16
497: 0.6848775148391724,0.5816622376441956,0.5731582641601562,0.49641549587249756,0.41908541321754456 | 33592.16
498: 0.7039603590965271,0.6036308407783508,0.5360283255577087,0.468831866979599,0.45990073680877686 | 33592.16
499: 0.7296493649482727,0.6204366683959961,0.4716734290122986,0.4753068685531616,0.5275748372077942 | 33592.16
500: 0.7292006611824036,0.6258223652839661,0.47836366295814514,0.46710312366485596,0.5207294225692749 | 33592.16
501: 0.7478898167610168,0.6422467231750488,0.4693044126033783,0.4412905275821686,0.5330867767333984 | 33592.16
502: 0.7569131255149841,0.6547465920448303,0.4082763195037842,0.45122215151786804,0.5971335172653198 | 41394.41
503: 0.7230550646781921,0.6189349889755249,0.4557971954345703,0.5141944885253906,0.5426867604255676 | 33592.16
504: 0.7006247639656067,0.5967951416969299,0.5384928584098816,0.5187055468559265,0.4546731114387512 | 33592.16
505: 0.7039905786514282,0.6032248735427856,0.5569860935211182,0.49010637402534485,0.43834370374679565 | 33592.16
506: 0.7623491287231445,0.6504290103912354,0.5044548511505127,0.40839022397994995,0.5059283375740051 | 37862.5
507: 0.7718614935874939,0.661289632320404,0.4928722083568573,0.38481852412223816,0.5209522843360901 | 37862.5
508: 0.7629518508911133,0.6532201766967773,0.45200270414352417,0.4245027005672455,0.560163676738739 | 37862.5
509: 0.7870921492576599,0.6698639988899231,0.4707539677619934,0.364165723323822,0.546003520488739 | 37862.5
510: 0.7934721112251282,0.6793574690818787,0.44589555263519287,0.34941455721855164,0.5709275603294373 | 37862.5
511: 0.7133994698524475,0.608238697052002,0.5979182720184326,0.4161640405654907,0.40075021982192993 | 29772.55
512: 0.6678321361541748,0.5779306292533875,0.616066038608551,0.46834251284599304,0.37497061491012573 | 33592.16
513: 0.7052096724510193,0.5964772701263428,0.6107755899429321,0.4290027916431427,0.38542723655700684 | 29772.55
514: 0.7141269445419312,0.6073450446128845,0.5582678318023682,0.43497321009635925,0.439522385597229 | 33592.16
515: 0.7175936698913574,0.6098914742469788,0.50738126039505,0.46544650197029114,0.4907268285751343 | 33592.16
516: 0.6929484605789185,0.5960336923599243,0.5165136456489563,0.4964582920074463,0.4762260615825653 | 33592.16
517: 0.7209457159042358,0.63057941198349,0.48159536719322205,0.44011542201042175,0.5150519013404846 | 33592.16
518: 0.7262907028198242,0.636218249797821,0.4334836006164551,0.4632701277732849,0.5649591088294983 | 41394.41
519: 0.8032689094543457,0.7059366106987,0.2999516427516937,0.39076095819473267,0.7127029895782471 | 41394.41
520: 0.8591247200965881,0.758398175239563,0.224265456199646,0.3212638199329376,0.7960193753242493 | 36301.13
521: 0.8404003381729126,0.7354933619499207,0.26794251799583435,0.35204532742500305,0.7512015700340271 | 39026.44
522: 0.8119785189628601,0.7042362093925476,0.3317258954048157,0.38981252908706665,0.6837738752365112 | 39026.44
523: 0.7496059536933899,0.6505875587463379,0.43444183468818665,0.445597380399704,0.5698418617248535 | 41394.41
524: 0.731700599193573,0.6374160647392273,0.457091748714447,0.45781293511390686,0.543753981590271 | 33592.16
525: 0.7281045913696289,0.6291531920433044,0.47505927085876465,0.4737316966056824,0.5257676839828491 | 33592.16
526: 0.7183247208595276,0.6282156705856323,0.4746086895465851,0.4773188829421997,0.5240833163261414 | 33592.16
527: 0.7033490538597107,0.6115095019340515,0.5687836408615112,0.46860170364379883,0.4271076023578644 | 33592.16
528: 0.7676131129264832,0.6684890985488892,0.4508610963821411,0.4184962213039398,0.5551385879516602 | 37862.5
529: 0.7529085278511047,0.6545971035957336,0.4416423738002777,0.4582872986793518,0.561966598033905 | 41394.41
530: 0.7520285844802856,0.6434481143951416,0.4722401797771454,0.4747887849807739,0.5312493443489075 | 33592.16
531: 0.746162474155426,0.64005446434021,0.4749913811683655,0.47753962874412537,0.5271173119544983 | 33592.16
532: 0.7069223523139954,0.609720766544342,0.5483638644218445,0.4974803924560547,0.44767826795578003 | 33592.16
533: 0.6908706426620483,0.5939967036247253,0.572979211807251,0.5202640891075134,0.42167896032333374 | 33592.16
534: 0.7082514762878418,0.6120997667312622,0.5461702942848206,0.4950880706310272,0.45094165205955505 | 33592.16
535: 0.7638373374938965,0.6602209806442261,0.463100403547287,0.43479272723197937,0.5401179194450378 | 37862.5
536: 0.7709767818450928,0.6637020111083984,0.43978607654571533,0.44345206022262573,0.5620962381362915 | 41394.41
537: 0.7394022941589355,0.6364795565605164,0.5225358605384827,0.4614618122577667,0.47237449884414673 | 33592.16
538: 0.8002771139144897,0.6881951093673706,0.45481836795806885,0.39039644598960876,0.5488141179084778 | 37862.5
539: 0.8024967312812805,0.6870919466018677,0.5106615424156189,0.36276522278785706,0.49349141120910645 | 37862.5
540: 0.8491028547286987,0.7368064522743225,0.41533347964286804,0.29891151189804077,0.5977847576141357 | 37862.5
541: 0.8072034120559692,0.6946544647216797,0.48515379428863525,0.3557104766368866,0.5207760334014893 | 37862.5
542: 0.7345826029777527,0.6365642547607422,0.5407339334487915,0.44677698612213135,0.45520490407943726 | 33592.16
543: 0.7254033088684082,0.6248788237571716,0.5621225237846375,0.4564473628997803,0.4327162504196167 | 33592.16
544: 0.7501752376556396,0.6433339715003967,0.5162935256958008,0.4400712251663208,0.48105213046073914 | 37862.5
545: 0.7484732270240784,0.6488094329833984,0.47792357206344604,0.4451752305030823,0.5183892250061035 | 33592.16
546: 0.7237393260002136,0.631499171257019,0.467413991689682,0.4890716075897217,0.5250855088233948 | 33592.16
547: 0.7248715758323669,0.6346417665481567,0.4200350344181061,0.514951765537262,0.5711620450019836 | 41394.41
548: 0.702046811580658,0.6111356616020203,0.4969024658203125,0.523953914642334,0.4910060167312622 | 33592.16
549: 0.7101353406906128,0.6147831678390503,0.49527689814567566,0.5191072225570679,0.49274274706840515 | 33592.16
550: 0.7174175381660461,0.6189581155776978,0.5133879780769348,0.4995132088661194,0.47454673051834106 | 33592.16
551: 0.757821261882782,0.6572508215904236,0.49292293190956116,0.4190410375595093,0.49862349033355713 | 37862.5
552: 0.7751613259315491,0.6714463829994202,0.41148146986961365,0.4374871551990509,0.5815147757530212 | 41394.41
553: 0.7753387093544006,0.6728930473327637,0.4107930362224579,0.4360010623931885,0.5810791850090027 | 41394.41
554: 0.7450560927391052,0.6509342789649963,0.43436041474342346,0.4706036448478699,0.5549357533454895 | 41394.41
555: 0.7601193785667419,0.6619254946708679,0.43392837047576904,0.45070239901542664,0.5581783056259155 | 41394.41
556: 0.7811926603317261,0.6804307699203491,0.4544486701488495,0.39987263083457947,0.5394200086593628 | 37862.5
557: 0.7906889915466309,0.6839842796325684,0.47997063398361206,0.39070308208465576,0.5139593482017517 | 37862.5
558: 0.7651993632316589,0.6611934304237366,0.49998795986175537,0.434215247631073,0.4917718470096588 | 37862.5
559: 0.7571950554847717,0.6514248251914978,0.4940361976623535,0.46476104855537415,0.4966742694377899 | 33592.16
560: 0.7918892502784729,0.6842106580734253,0.390962153673172,0.4528155028820038,0.6008074879646301 | 41394.41
561: 0.7963454127311707,0.6858862638473511,0.37341180443763733,0.4654737710952759,0.6164396405220032 | 41394.41
562: 0.7963870763778687,0.6924081444740295,0.3814479410648346,0.43639010190963745,0.6057440638542175 | 41394.41
563: 0.7555212378501892,0.6540438532829285,0.469463050365448,0.47163650393486023,0.5147882699966431 | 33592.16
564: 0.7281238436698914,0.6362313032150269,0.5522462129592896,0.45869937539100647,0.43149086833000183 | 33592.16
565: 0.7023043632507324,0.6096581816673279,0.6307799816131592,0.47898396849632263,0.3529813289642334 | 29772.55
566: 0.7422638535499573,0.6459348201751709,0.5742742419242859,0.4371371567249298,0.40908926725387573 | 29772.55
567: 0.7551523447036743,0.6561450958251953,0.5073500871658325,0.4586428999900818,0.4757527709007263 | 33592.16
568: 0.7598117589950562,0.6580051779747009,0.5468733310699463,0.42958563566207886,0.43648964166641235 | 37862.5
569: 0.7441015243530273,0.641933262348175,0.5341141819953918,0.4772879183292389,0.4491643011569977 | 33592.16
570: 0.7570832371711731,0.6574605107307434,0.46571993827819824,0.4857252538204193,0.518072783946991 | 33592.16
571: 0.7317438721656799,0.6367999911308289,0.4820462763309479,0.522253155708313,0.4997352659702301 | 33592.16
572: 0.6470156311988831,0.5752080678939819,0.5625321865081787,0.5975931286811829,0.4143793284893036 | 33592.16
573: 0.6335751414299011,0.565098226070404,0.600784182548523,0.5903564095497131,0.3742956519126892 | 33592.16
574: 0.667923629283905,0.5942883491516113,0.5619141459465027,0.5578420758247375,0.4143901765346527 | 33592.16
575: 0.6904788613319397,0.6114711761474609,0.5958285927772522,0.4965345859527588,0.3819078803062439 | 29772.55
576: 0.7201817035675049,0.6374879479408264,0.5149147510528564,0.5011715888977051,0.4633443355560303 | 33592.16
577: 0.7511694431304932,0.6613838076591492,0.5010492205619812,0.4610867202281952,0.47804343700408936 | 33592.16
578: 0.7398479580879211,0.6535650491714478,0.4940841495990753,0.48784494400024414,0.4864523410797119 | 33592.16
579: 0.7571210861206055,0.6723805665969849,0.45029211044311523,0.4798260033130646,0.5353122353553772 | 41394.41
580: 0.729994535446167,0.6409276127815247,0.5371506214141846,0.49641716480255127,0.44837430119514465 | 33592.16
581: 0.7233306169509888,0.632678210735321,0.5887488722801208,0.47522926330566406,0.39846569299697876 | 29772.55
582: 0.7596535682678223,0.6612374782562256,0.5822761654853821,0.4219537675380707,0.4082874059677124 | 37862.5
583: 0.7528054714202881,0.6575262546539307,0.5877280831336975,0.42702850699424744,0.40115582942962646 | 29772.55
584: 0.7585217952728271,0.6697490215301514,0.5277242064476013,0.43719685077667236,0.461442232131958 | 37862.5
585: 0.758987307548523,0.6731740832328796,0.48409581184387207,0.45808207988739014,0.5052952170372009 | 37862.5
586: 0.7295430898666382,0.643128514289856,0.5774977207183838,0.458293616771698,0.4100397229194641 | 29772.55
587: 0.7637181282043457,0.6667842864990234,0.560925304889679,0.4220770001411438,0.43131548166275024 | 37862.5
588: 0.7642337679862976,0.6701731085777283,0.5219690799713135,0.4369698464870453,0.47111648321151733 | 37862.5
589: 0.7562417387962341,0.6596916913986206,0.5824013948440552,0.417219877243042,0.4098612368106842 | 37862.5
590: 0.7738556265830994,0.6744327545166016,0.5594422817230225,0.3995952904224396,0.4327353537082672 | 37862.5
591: 0.758953332901001,0.6596983075141907,0.5774045586585999,0.4213361144065857,0.4121803641319275 | 37862.5
592: 0.7011149525642395,0.6191725730895996,0.5629998445510864,0.50966876745224,0.4208231568336487 | 33592.16
593: 0.6693353652954102,0.5912843346595764,0.5895766019821167,0.5541687607765198,0.39125633239746094 | 33592.16
594: 0.6591670513153076,0.5914859175682068,0.595871090888977,0.5411081910133362,0.3841860890388489 | 33592.16
595: 0.747391939163208,0.6708109974861145,0.4546011686325073,0.4658617079257965,0.5280072093009949 | 41394.41
596: 0.7871550917625427,0.7023758292198181,0.44176357984542847,0.4131476581096649,0.5409760475158691 | 37862.5
597: 0.8195047378540039,0.7274228930473328,0.4128035008907318,0.3918217718601227,0.5705150365829468 | 37862.5
598: 0.7985674142837524,0.7013677954673767,0.495655357837677,0.4061625301837921,0.4858379364013672 | 37862.5
599: 0.8080164194107056,0.7121557593345642,0.48601967096328735,0.39409416913986206,0.4967457950115204 | 37862.5
600: 0.7757598757743835,0.68207848072052,0.5362915396690369,0.43425923585891724,0.44545575976371765 | 37862.5
601: 0.7792863249778748,0.6856150031089783,0.5422625541687012,0.43291544914245605,0.44038477540016174 | 37862.5
602: 0.7956293225288391,0.6999009847640991,0.516460657119751,0.4233207702636719,0.4674476385116577 | 37862.5
603: 0.7765495777130127,0.6787797808647156,0.5665553212165833,0.43333375453948975,0.41627371311187744 | 37862.5
604: 0.7951241731643677,0.7070107460021973,0.45237672328948975,0.4461402893066406,0.5328161716461182 | 37862.5
605: 0.8150014877319336,0.7223207950592041,0.44704777002334595,0.41763532161712646,0.5410574078559875 | 37862.5
606: 0.8155215382575989,0.7236189842224121,0.42349329590797424,0.4316856861114502,0.5656342506408691 | 41394.41
607: 0.7747795581817627,0.6825678944587708,0.4987262785434723,0.46996065974235535,0.4864616394042969 | 37862.5
608: 0.7637807726860046,0.6728985905647278,0.5249634981155396,0.4724861979484558,0.4603976011276245 | 33592.16
609: 0.7226837277412415,0.6375111937522888,0.5894161462783813,0.49991288781166077,0.39478886127471924 | 29772.55
610: 0.7741343975067139,0.6846550107002258,0.5321084260940552,0.43802663683891296,0.45666444301605225 | 37862.5
611: 0.7395217418670654,0.6451014876365662,0.6350501179695129,0.44013848900794983,0.3507397472858429 | 29772.55
612: 0.7602653503417969,0.6628919839859009,0.623910665512085,0.40523725748062134,0.3620491921901703 | 29772.55
613: 0.7855719923973083,0.6847667098045349,0.595879852771759,0.3827494978904724,0.3917766809463501 | 37862.5
614: 0.7733561396598816,0.670128583908081,0.581493616104126,0.4284478425979614,0.4051000773906708 | 37862.5
615: 0.7666571736335754,0.6651044487953186,0.5980880260467529,0.42433708906173706,0.38950830698013306 | 29772.55
616: 0.7255797982215881,0.6345940828323364,0.6082872152328491,0.4748413562774658,0.37601280212402344 | 29772.55
617: 0.732403576374054,0.6414721012115479,0.5755354762077332,0.4781544506549835,0.40938258171081543 | 29772.55
618: 0.7764657735824585,0.6714749336242676,0.6002321243286133,0.3952847123146057,0.3901386260986328 | 37862.5
619: 0.7935418486595154,0.6873500347137451,0.5838949680328369,0.37888604402542114,0.40924400091171265 | 37862.5
620: 0.7847922444343567,0.6923221349716187,0.5176033973693848,0.41250550746917725,0.4751773476600647 | 37862.5
621: 0.7713776230812073,0.6821105480194092,0.5033139586448669,0.4458683431148529,0.48847827315330505 | 37862.5
622: 0.8184956312179565,0.7270025610923767,0.4268733561038971,0.39792194962501526,0.5694463849067688 | 37862.5
623: 0.8844553828239441,0.7961886525154114,0.3170888125896454,0.3089844286441803,0.6855939626693726 | 39026.44
624: 0.8776326179504395,0.7874993681907654,0.33779722452163696,0.3181617259979248,0.6630392670631409 | 39026.44
625: 0.846141517162323,0.7498855590820312,0.47070178389549255,0.32360613346099854,0.5261276960372925 | 37862.5
626: 0.8144156336784363,0.7159262299537659,0.5455337166786194,0.3596894145011902,0.4481585621833801 | 37862.5
627: 0.8062413930892944,0.7031049728393555,0.6017586588859558,0.3629988431930542,0.3903025984764099 | 37862.5
628: 0.8043792247772217,0.7036775350570679,0.564498782157898,0.3964156210422516,0.4262683391571045 | 37862.5
629: 0.7985185384750366,0.6997458338737488,0.54443359375,0.42524105310440063,0.4451708495616913 | 37862.5
630: 0.8182039260864258,0.7205076217651367,0.5048360824584961,0.40930789709091187,0.48493385314941406 | 37862.5
631: 0.807074785232544,0.7084237337112427,0.5198249220848083,0.4382154643535614,0.469848096370697 | 37862.5
632: 0.8304458260536194,0.7269477248191833,0.5124058127403259,0.40146616101264954,0.4757815897464752 | 37862.5
633: 0.8138855695724487,0.7127894163131714,0.5250869989395142,0.42675864696502686,0.46112748980522156 | 37862.5
634: 0.7915657162666321,0.6924580931663513,0.5730509757995605,0.4364599287509918,0.41015058755874634 | 37862.5
635: 0.7667718529701233,0.6770103573799133,0.544784665107727,0.4944370985031128,0.4360315203666687 | 29772.55
636: 0.6826010346412659,0.6077786087989807,0.652452290058136,0.5510262250900269,0.32779353857040405 | 29772.55
637: 0.6892774105072021,0.6163660883903503,0.627070426940918,0.5370157361030579,0.3498472273349762 | 29772.55
638: 0.6704947352409363,0.5997334122657776,0.6313020586967468,0.5547428131103516,0.34422755241394043 | 29772.55
639: 0.7348183393478394,0.6491700410842896,0.5558100938796997,0.49818167090415955,0.41674894094467163 | 33592.16
640: 0.7714093923568726,0.6798863410949707,0.5090174078941345,0.449407160282135,0.4620770514011383 | 37862.5
641: 0.7976313829421997,0.6990894675254822,0.4572230875492096,0.4332873523235321,0.5142368674278259 | 37862.5
642: 0.8570560812950134,0.7533854246139526,0.3580152988433838,0.3621688783168793,0.6166871786117554 | 39026.44
643: 0.8633874654769897,0.7557380795478821,0.3786202371120453,0.3350493013858795,0.5983245968818665 | 37862.5
644: 0.8629120588302612,0.7594000697135925,0.34618231654167175,0.35189735889434814,0.634691059589386 | 39026.44
645: 0.8347452282905579,0.7363225817680359,0.351658433675766,0.4099058210849762,0.628995954990387 | 41394.41
646: 0.818245530128479,0.7130222320556641,0.4244193732738495,0.42542895674705505,0.5549697279930115 | 37862.5
647: 0.7888205647468567,0.6822802424430847,0.4792182445526123,0.473631352186203,0.4992448687553406 | 37862.5
648: 0.7238267064094543,0.6300036311149597,0.5367468595504761,0.5547975897789001,0.4400135278701782 | 33592.16
649: 0.7318210601806641,0.6349388360977173,0.5851964354515076,0.5132985711097717,0.3931080102920532 | 29772.55
650: 0.7394960522651672,0.641699492931366,0.5714833736419678,0.514440655708313,0.4072931706905365 | 33592.16
651: 0.7403238415718079,0.6381239891052246,0.6054031848907471,0.4960428774356842,0.37496328353881836 | 29772.55
652: 0.7749072313308716,0.6678619384765625,0.5902594327926636,0.43886619806289673,0.39152833819389343 | 29772.55
653: 0.7802340984344482,0.6700687408447266,0.5677094459533691,0.4504813551902771,0.4143996834754944 | 29772.55
654: 0.7800451517105103,0.6768685579299927,0.5234763026237488,0.465219646692276,0.4591307044029236 | 37862.5
655: 0.807937502861023,0.6990336179733276,0.519173264503479,0.41288119554519653,0.46342402696609497 | 37862.5
656: 0.7904284000396729,0.685869038105011,0.5023866891860962,0.4578700661659241,0.47842809557914734 | 37862.5
657: 0.7714343667030334,0.6634966731071472,0.5489662289619446,0.47208479046821594,0.42928558588027954 | 29772.55
658: 0.8062030673027039,0.6997923254966736,0.46993201971054077,0.4581010937690735,0.5077938437461853 | 37862.5
659: 0.7791843414306641,0.6751312613487244,0.49470654129981995,0.5006950497627258,0.48333412408828735 | 33592.16
660: 0.7911678552627563,0.6841592788696289,0.47187167406082153,0.5072013735771179,0.5071372985839844 | 41394.41