1: 0.31689266900361923,0.6254221512937969,0.4136905869861119,0.0734543867451466,1.137241061699184,0.7304515609813638
2: 0.7310745776199373,1.6966201023871532,0.14308400412534328,1.0168288260476044,0.2994663128935693,-0.15877090370450064
3: 0.7293694972955327,-0.3968313517159662,0.9184632709572892,1.0781414015188957,0.9673384295572849,0.2157252633364014
4: 0.2183772494830557,0.3354471990442536,0.8392426321899411,0.2014681321225995,0.13940059996009319,0.33393200658898214
5: 0.3334442711935236,0.6691220359715186,0.7366917740320912,0.8090335328589866,0.6623956501072956,1.1085948049713306
6: 0.08117879195648536,0.7014728586786618,0.051700738253141365,0.6817128425453212,0.19957706691408417,-0.470401898822017
7: -0.062297963491122044,1.024862507023756,0.38981566527441197,0.7854600612699248,-0.26210147750217405,0.7062382718448089
8: 0.6627518464649061,0.6273260864800733,0.38507957698312345,0.8468936774819666,0.11377642317249481,0.8162249466247514
9: 0.6742445537075983,0.590208780670632,0.7924594078085406,0.030325783053393784,-0.22222685645418627,1.1248326798426924
10: 1.1317623847640466,0.3809036612292323,0.12489957373727728,0.34623664520031533,0.9969678790140015,0.1767134116722509
11: 0.14591612750640437,0.9770714714829103,0.9822718532764061,0.413218381414873,0.44053896716035285,0.5720138715697851
12: -0.46795483270995986,0.006797778949993449,0.755332129016482,0.39817405306361375,0.5973360873782791,0.5262895408489143
13: 0.27656415685468694,0.9829864201630555,0.19908971709876555,-0.3383139144180147,-0.09380498305082197,0.10430611861329198
14: 0.8228774819335074,0.3867474388425689,0.03926478327191407,0.3801401902686701,0.7820975360801852,0.07206052946171387
15: 0.6033534151888434,-0.21140527270988285,-0.2093903643776418,0.9922828438293573,0.569327769961835,0.44809299361062466
16: 0.7911728188962561,0.7450347210862592,1.125474336897593,0.0016772688637823885,-0.027210983730791227,0.616227251166598
17: 0.07370269238265226,0.6978849170054902,0.6374761402565077,0.36891723910752583,-0.058935072467634964,0.3685378355586329
18: 0.7235102985620433,0.4688519656838979,1.2123405442654378,1.285085448122603,0.6544459953786349,0.5978230034012342
19: 0.49938646231182654,1.1649859940401925,-0.04759083134954811,0.588986834768892,0.880171923451706,0.5992177640227445
20: 0.1533929644195115,0.2815953240708464,1.1142444240814053,0.8243910401410517,0.5545798672845637,0.22202680170539885
21: 0.6787893913937637,0.00976520905077638,0.7418800965595742,0.8173573975685411,0.4395431845811105,0.35228112520429145
22: 0.3915140671836838,0.34216210653085566,-0.195303454967113,0.6382239456526898,0.20157029181240865,0.18250473255309396
23: 0.3559109946450837,-0.17978865423056978,0.490657624287855,1.035446588501992,0.6054520540858738,1.30215912949067
24: 0.13495633556068543,0.4901316531223249,-0.33928110121917876,0.11753411823763454,0.9113209669834295,0.6635915708442243
25: 0.17604151712820287,0.17458481144585192,0.11096899071485583,0.2986515105836056,1.3137783503592266,1.0558496938205661
26: -0.004121596775222391,0.10319843703804882,0.20856471235509283,0.8728517494173077,0.11273466056767872,0.043107223312147
27: 0.34708124803659524,0.22003483572208643,0.6167556694864011,0.6452189314879455,1.0538890763511386,0.7076401087315606
28: 0.5405278832339334,0.9416733621456309,0.44116075385574177,0.5540791430609354,-0.13351518195263512,0.6378044495852508
29: 0.3436974324125982,0.6822899209781214,0.8020792494556078,0.33850751177835425,0.9975935435324559,-0.14264122943291735
30: 0.8458185218752632,0.15468666525078528,0.8789668025275454,1.1680903402167346,1.0029999073426108,0.3972254544677432
31: 0.43784870458238523,0.38946252670266707,0.6210987168783795,0.14211327239542376,0.8348506739566897,0.5472699203258182
32: 0.552297753865163,0.5110378646291807,0.22492291077634036,0.08737864797642236,-0.058628265658070555,0.1739800941508804
33: -0.009506648611683821,0.8923463623812127,0.6489067319297182,0.4468799554121926,-0.34331430116322104,-0.2807663527746942
34: 0.631663173731396,1.159023413088891,0.8088034176150215,0.7720161255366613,0.7919556455311981,0.8477018176087725
35: 0.41915249960240575,0.4260480141541538,0.05814085817112746,0.672959283240679,0.6728494041651814,1.146422709531432
36: 0.39165093063808754,0.6307338116527217,0.45326019745228796,0.9837657104743986,0.39558631567356584,0.5912841397935005
37: 0.7519991384420509,0.40562617794531375,0.5280982165505892,1.1238382106051081,0.9102628466352211,0.47958811978356936
38: 0.25112983622206125,0.3250622442480192,0.6466878041811415,-0.007800080174515833,0.4338234236080961,0.3724181775706493
39: 0.7850816946243462,0.5646767217620304,0.553539995550688,0.8997527592982254,0.2539165255767742,0.09879352106160011
40: 0.15504181990744637,0.4882183923859885,1.0800812326839484,0.9840029412450533,0.955017120823932,0.7501605440223194
41: 0.4831762274251076,0.8380426090893369,0.01972538907773036,0.5701016589188777,0.6720646874321058,0.9093407086089489
42: 0.6542904606456996,0.30012998417565695,-0.11790361595862575,-0.14497551443932366,0.6921441077168045,0.5054403848964711
43: 0.7267282059236106,0.5989053979448904,0.6215208451294698,0.4769739181337309,0.6272128890415746,0.6182151844439441
44: 0.09189252173595502,0.8480132981824782,0.4210304983096437,0.3177192504949241,0.6938007075528154,0.5448523421019942
45: 0.5299547750382759,0.7715270982590008,0.6420534223907122,0.3919162834990989,0.12512307519221155,0.4286155717343873
46: 0.6032800354186604,0.26938801186674166,0.8124972802140037,0.6349905800377915,0.19679673553386573,0.5710159836221457
47: 0.5864982192228554,0.39175600541317235,0.4913330173593172,0.2631635609827632,0.7017003742935654,0.8877308606786732
48: 0.4555032461093254,0.17981212072944264,0.2248821276212531,0.8905459473005581,0.278602848755784,0.539257218810251
49: 0.7304742108981721,0.9554147956646257,0.8382893868050023,0.7557233782997725,0.8014006295344189,0.3978441895882822
50: 0.41955026380054494,0.5746609555954129,0.6102238941209503,0.7026285986582347,0.44596934939558325,0.39203809777185805
51: 0.6134998374823867,0.4848143892063675,0.8035976775463208,0.369936738115593,0.672939282493303,1.1502814925683935
52: 0.5572201969835441,0.7569838081056555,0.7326078480295639,0.9371522271897277,0.5860624484611402,0.6054463909905781
53: 0.8062080800989162,0.6150639920325633,0.5139702235051831,0.6332088496010744,0.1715446262233078,0.473452200689525
54: 0.4294802757755178,0.5969429963251474,0.3525369611070037,0.37998675233193735,0.9420349178505568,0.7115805762420837
55: 0.42948350224489085,0.20756978670485887,0.9259630486758181,0.2523138004375757,0.561839240934563,0.8460817654693776
56: 1.021702430646624,0.35506406437557436,0.4967756535774755,0.39902171133511943,0.20405375561112554,0.39982353491554656
57: 0.20206286054196182,0.07764590994425696,0.5971436932921853,0.7199613150846169,0.5773102602765474,0.2514151185966339
58: 0.6013742299723934,0.5768970144252944,0.5016199139374262,0.6804983398242984,0.4939092866634628,0.5209737511684929
59: 0.6473534755825459,0.5453186772093647,0.4953710327471981,0.4468010256118471,0.3807263187947697,0.24668431881021596
60: 0.4794813042884349,0.2814166568988863,0.8972675529449067,0.546265328839644,0.4425576385747046,0.5764217649453853
61: 0.4960558479881898,0.8067404917458832,0.8214618534132744,0.6703809755037949,0.1713560939977239,0.15489299368630272
62: 0.15992310525567083,0.6892952750149981,0.5235288703067302,0.5848947900623686,0.21966239196005888,0.821563817758002
63: 0.9318955222689076,1.3412714394576168,0.5133441256146757,0.6383545843599461,0.4084117435180626,0.7141467450794095
64: 0.40261804443698934,0.544644383393178,0.6492434009390288,0.0063597318178297835,0.577800838239644,0.802777134468154
65: 0.788902690596631,0.7209470189473535,0.5087561897536104,0.807526251947099,0.43484519421820145,0.8983423377045798
66: 0.2929218914262551,0.670778567140147,0.3650420799631656,0.5293268559714644,0.604597327265546,0.8928018007984498
67: 0.43805711395013086,0.6391394847892884,0.51253373142826,0.4363558204917075,0.638536800868919,0.832519335754192
68: 0.4064460641698756,0.9195543617321299,0.4927840616569512,0.6653218686760196,0.8268763909295687,0.7307087982242048
69: 0.7148788738737412,0.7352410076254475,0.44016786389597284,0.33882203927853805,0.8803088360130035,1.0332835980284716
70: 0.6465284380558811,0.7885932006681243,0.31888227817197495,0.4088552235109103,1.1017703229351756,1.13605667175216
71: 0.7841416371965977,0.6086693113317865,0.3809230121528221,0.6018651482514301,0.5277205713784991,0.9624301003791218
72: 0.7394166927179071,1.0222178047633188,0.26716075078743245,0.5592091467524967,1.1003766912243256,1.2964730123957577
73: 0.6898285804488514,0.7610556071732846,0.25762124657661445,0.4706810357911161,0.6646356719041477,0.7737221423421075
74: 0.7566332196478902,1.0873002731285617,0.05343694552085393,0.5318438461547943,0.7461106890714531,0.6969716984549701
75: 0.7841303980969951,0.789331766315474,0.1464699435066713,0.3044377165331978,0.6613219147209252,1.0029627754526913
76: 0.7424589522209298,1.1291779353222098,-0.07552260297498639,0.6403174996676602,0.9230985869133558,0.9396110017721083
77: 0.8766716590908911,1.1834336418853815,0.05238020896465835,0.2349713638296682,0.8691953840804947,0.8973750682029642
78: 0.7958891272510412,1.09870840686039,0.32717850982876096,0.2956725962776692,0.7813490940292731,0.9979450336305455
79: 0.7501195364288523,1.0167572983890314,-0.16550436510264355,0.21756377119458972,0.9109037622298872,1.1441062008257992
80: 0.8446923667815155,1.0637911379717484,0.10844938569358151,0.22956468886087247,0.8862394182244379,0.8091870387764569
81: 0.9831206051872003,0.9452584496765762,-0.046554297093469726,0.2760972854889184,1.0337776828945588,0.970168447622627
82: 0.6702748668924817,0.9370670430506635,0.28464761323574705,0.11447241495557431,0.713054952247897,1.030249251460779
83: 0.8739847814268066,1.2441093618574675,0.27920221156112435,-0.06471442533997884,0.79264365432467,0.8103058897607613
84: 0.5053652394919061,1.1065211450637404,0.11204039089733248,0.0008139376547104671,0.7624546994356711,1.0372718890459756
85: 0.7232483806492479,0.8373882225134143,0.25452447129262334,0.2589604260142119,1.1381848975344906,0.8865903578333559
86: 1.075139377451884,1.1168983063618882,0.0903355423004232,0.02527110634854851,0.9848790992674985,0.832480872586145
87: 0.8851853704444873,0.8345228118336695,0.06344805918208332,-0.038447456011171055,0.9424345488356228,0.8662944279659708
88: 0.9701681020036521,0.7392665968568185,0.13563828654453308,0.13226541458380303,1.269941765772841,1.090265292007634
89: 1.1665568507857327,0.8955920036402746,0.01201212913033696,0.1778970222668001,0.8913646461799758,0.9079067731024114
90: 0.7588657768309527,0.844216623510588,0.02685857856339115,0.13473480369691243,0.8145135804824316,0.8802644600063887
91: 1.1135939489659181,1.0267925079060227,0.03478107103381044,0.13082582140010274,1.065070402511583,0.9068695188213277
92: 0.710222353681025,0.8329966208233237,0.09282746901624259,0.10831742340231065,1.0022891800652223,0.7484369013244428
93: 0.9110122239424977,0.8976683602044353,-0.0054922009297591196,0.16824364607262854,0.9918272499963798,0.8595838638904656
94: 0.8209386241103429,1.1194870649453168,0.09767454022246513,0.24902588332945058,1.0007973276098194,1.0057681254260367
95: 0.9318971508565499,1.150518329097495,0.16393749236271793,0.056257105086775554,0.8684762223498834,0.9873586452429123
96: 0.8723071476020415,1.0496805497484503,0.030071268931016512,0.10126363095313037,0.8590635930631884,0.8973674608170246
97: 0.9169605231271316,1.0495582526021727,0.019655229733224023,0.02570424348046745,0.8160800649177432,1.022214143421461
98: 1.042184436042148,0.9082963895984011,0.17257247406315404,0.052442703974201026,1.123149610595181,1.0591395420085372
99: 0.999615442072492,0.9885282159107838,0.27243852130985236,-0.011524881130433921,0.6747522375443764,0.9197503960736135
100: 0.9278247814006328,1.0275261203058537,0.12249193892099763,0.18072690139496939,1.1024119244295925,0.971791359485492
101: 1.010363636130934,0.9451581045173937,0.12368518431125428,0.1316031243778547,0.9469776030604682,0.9320404485639837
102: 0.8820345633255122,0.9550349448489628,0.05788540721316048,-0.1528357370317481,0.8504766521822085,0.9166911755084196
103: 0.8367765324928708,0.8347445936376506,-0.0294064749014123,0.23267479655620943,0.820612271885022,0.8776695011861168
104: 0.9426517114271856,0.8642381173766573,0.07569723928589675,0.35264764627934786,1.0388390365120286,0.8588847674409454
105: 0.7876924290808455,0.8743943481180398,0.017296083978033353,0.13020739222651803,1.0184558910375148,1.0082558119850558
106: 0.8563417922071824,1.0378311190398786,0.12471341184384462,0.15383044687623776,0.8407930170778568,0.9289318934365484
107: 1.1487943729924033,0.9526211972715539,-0.006143609997839798,0.07813415298298046,1.110888174810357,1.0779973688001077
108: 0.8304934511710697,0.8888620313264594,0.068276567216631,-0.10880322647401725,0.898690909506271,0.9397459751189502
109: 1.0211967415054874,1.0269881167612007,0.03741728481524871,0.1354693580690342,0.9857251857625139,0.9189314115799592
110: 0.8952501901680687,1.1939824911548216,-0.09802059361491734,0.05130509018678103,1.1387697854890169,0.8622311547804252
111: 1.0163041776943573,0.998033515826289,0.12794775999412283,-0.10763912648755403,1.0053353225238975,0.9376204161612798
112: 0.97817489353846,1.0837133469164406,-0.030531912797672547,0.06355158507979328,0.8984236874466114,0.9079409180808056
113: 1.0832964062038306,0.9366440185874201,-0.0027139581458981085,-0.015385244588230894,0.970770170965483,0.9577567369925067
114: 0.9077523370598631,0.9620304181326106,0.09743542719655232,0.06674811403818967,0.9068585958191578,0.9463449042444256
115: 0.9697466226429394,0.993289208809037,-0.05907339800358406,0.1003328139434862,1.0744817999120075,0.8793636908580013
116: 1.017463158271544,0.9700680453143562,0.151333023723341,0.09767469290166707,1.1122986597471998,0.9788221269261064
117: 0.9781623742317875,1.0019321219714237,0.12376059370165399,0.12618454658910427,0.9137928794914726,1.0045164127487154
118: 0.9730044878579347,0.8819945449863136,0.17660072083832354,0.004516484057379148,0.9049212597831541,1.0419966518460315
119: 0.8358130188911206,1.0381362234462161,-0.00452621334554254,-0.13149859347602968,0.938605757231271,0.964234575588154
120: 0.9507090809773122,1.0006788404108844,-0.0681811285295074,0.11725863931474628,1.0851219131483838,1.0014397289432244
121: 1.0698718888015146,0.9431976375755917,0.07724000283464008,0.07714082005333239,1.144423036799922,0.9740769079220895
122: 1.048249212390284,0.930915248772307,-0.019910853813594018,0.1416700987478229,0.8909994602086014,0.9416609601993843
123: 0.9943781630533244,1.0262402226849678,0.11451085618783788,0.08029944664647892,0.8268338716491436,1.028725229871356
124: 1.0818241767000303,0.9912558720842526,0.15757928351946787,0.0030542705306428174,1.0526795611511075,1.1047348406261912
125: 0.9769437289660146,1.1071599300098358,0.0766221278080661,-0.024612558429991903,1.148569628480477,0.8997241051352166
126: 0.848024069047372,0.9883736125104863,-0.06465909655512767,0.06988003139802879,0.9180026219160211,0.9544354907490827
127: 0.9755709797258939,0.9093976979310243,0.11647683004459164,-0.017120115167117672,0.9733497021894775,1.0027145087389648
128: 0.9485009829415026,1.08982935208371,0.031412602264943336,0.02277380356536461,1.0404729443440883,0.9948045993471595
129: 0.9411049960358691,1.0140783357053385,-0.0501236207029578,-0.02067964471377444,0.9720675839608645,0.9293538065675643
130: 0.9793157983460985,0.9927982521905586,-0.0634160691579787,0.08759881194880521,1.0102619393763321,0.9972707139341953
131: 1.040487256133052,0.93381597002821,0.04659870287625258,-0.12572088309425908,1.0314622909097164,0.8164820160020233
132: 0.8815562263751129,0.9927773317861812,-0.025874062160619847,0.004286230539877516,0.9879656833799755,1.0512979210243498
133: 1.0496721961632651,0.9684601421114469,0.04041228379677867,-0.08389715993390763,0.9300652832842012,1.0315405739512007
134: 0.9690859829914429,1.0382735181849396,0.013848871315096267,-0.0742706666730687,0.9841169317025651,0.9816169207687232
135: 0.990028599155526,0.9423486893223305,0.016722359885807375,0.024617719790796033,1.0302019555472874,1.0725574108342582
136: 1.0652481973768675,0.9481389630930765,0.04591929665124577,0.06484376594431862,0.9750454397881898,1.038472995937441
137: 0.9321378484061493,0.9499394438215139,0.06744160904428886,-0.06373752375533047,1.067665870483242,0.8940849028113822
138: 1.0513011059872366,0.9577899951592618,-0.04272280486742991,-0.044073480662243196,0.9698741169498409,1.0163390203136107
139: 0.9269190487487398,1.1275902048382416,0.05845517958454328,0.03189945411339633,1.0164251215289555,0.9132763615488206
140: 0.9722717507664853,1.0064947738116232,0.1769775862546668,0.02315752027375414,1.109356172187401,0.9128311072664237
141: 0.8914563712325829,1.0223331569047887,-0.04985406969365285,0.010605580045956629,1.0196006756799774,1.0156188551412881
142: 1.0418611026872957,1.0406343794140729,-0.16375100847640806,0.09921669756224247,1.0445277038086158,0.8890904159174874
143: 1.0884392453521055,0.9727942190999945,0.060863989740229205,0.08393296437448472,0.9505817227375911,0.9453645406122694
144: 0.9289066496351772,0.9588627834467305,-0.05499451065756361,-0.10992726516631057,0.9870940603920035,0.9207629003335651
145: 1.1099662133258414,1.0347112946894852,0.04933945624743815,-0.007997111135850854,0.9559020617675444,0.9537218225628158
146: 0.9197058066604304,0.9840366594695762,0.015018073666402228,0.08621848105973948,1.0155886953080462,0.9645409627193369
147: 1.0252933245523241,0.9158041822354797,-0.01576646203812667,0.019229402969989408,1.0265561835381174,1.009158448033917
148: 1.080092160272822,0.9709639086933851,-0.0023915599780261337,0.030679498312296598,1.0113581152126132,0.9907367252830737
149: 1.0175988505606708,0.9810870301741069,0.028723731983910882,0.027444338455791816,0.9903540638919556,0.9893393313465615
150: 1.0381300982098007,1.0573425243803343,0.030160080906890867,-0.0625291385157608,1.035171306823688,0.9483631372201634
151: 0.9645228135040157,0.9694597435853025,0.0012291075325848435,-0.012866837913272575,0.9855855441873207,0.9932048303001428
152: 0.9630415166115222,1.0401012313777152,-0.02775338966971823,-0.031976787166673445,1.082502114898377,1.0403848714245407
153: 0.9792685364528448,0.891389348194391,0.06846532165506977,-0.07518581077373998,0.9844019922040448,1.0166929955410815
154: 0.9687309219763653,1.0320947497064337,0.06351863332207656,-0.024927524593657577,1.0200439980620744,0.9968276387103429
155: 0.9208148925366484,0.9791605561283923,0.05522662995776605,-0.03043546360557653,0.8863319978213222,0.9589440606438452
156: 0.95237334189741,1.029096442347208,-0.07368162990734982,0.016568610698603534,1.0044220713736172,0.9347333866125245
157: 0.9984738607460767,0.9945310759342088,-0.00395346408331965,-0.006231710425987918,0.9808111952201973,1.0140559160046743
158: 0.9338597801351947,1.0058380426722637,-0.026493951554867785,0.0033165552133842743,0.9747801758213348,1.0343462987331367
159: 1.0013259026331047,1.0394491184228989,-0.01951994546917947,0.04542037857724527,1.0106047356616656,1.0564393585873677
160: 0.96285724473357,0.9154011110459496,0.10149545267967003,-0.029949778608122958,0.9560716048743171,0.9944317479493775
161: 0.9440415091423194,0.9935245829449868,-0.07992055263027323,0.0535140146318921,0.9045718515424009,1.032454736496773
162: 0.9846288297927747,1.0657411183449823,0.020059321279569466,-0.029505368855144473,0.9982438995883353,1.0657772994871189
163: 0.9618894788358088,0.9818255793300489,-0.021781470628974193,0.06059434492226477,0.9833311491783089,1.0345808382172719
164: 0.9358940333838098,0.9454853534431426,-0.0010710332254964452,-0.01682398546170178,0.9752131773223522,1.0055884689480548
165: 0.9395710264708396,0.939230679340552,0.04621162558329596,-0.02166925953087847,1.0339584955037253,0.9506006796976056
166: 0.9839767462524803,0.9817994785174823,0.01636957636176741,0.05009701534460801,0.9736765423268675,1.0082095800470234
167: 0.9440435830337627,1.015275580278209,0.05580820545797583,0.012566639724312312,0.9672728004324774,0.9242244661188295
168: 0.9881818737206188,0.9241379980524406,-0.03271945362163641,0.03168331529640245,1.0132358665073853,1.0039130038128907
169: 0.9710575124199411,0.8738572701740108,-0.05470636864297302,-0.004150903612927943,0.9893267188901559,0.9785146237203401
170: 1.1371842543760038,1.0099042172832855,0.05072714392509908,0.04794834907310694,0.9893398958041539,0.9920068849631041
171: 0.9082738815411878,0.9553871621762449,0.08680680286417367,0.008723384410880912,0.9395703435013071,1.0051954833516616
172: 0.9346164899188574,0.9470799314863967,0.014176491791331007,0.0011570329199762886,0.9072838966113888,0.989295153367061
173: 0.9574314195675483,1.015337650834831,-0.0031764390324362747,0.02052241113265501,1.0010448837046615,0.9246280365917683
174: 0.9692487757913004,1.0388632610242028,-0.06452053678446634,-0.019587646511319445,1.0093556831696493,1.0028770749248932
175: 1.041477059190929,0.9491988010521742,-0.030129950737303804,-0.01477006100662193,0.9741560661988764,0.9542857020497899
176: 0.9041290397470945,1.0069304031034108,-0.02305245398612695,0.027557935074006498,0.9526509712086004,0.9546991247483905
177: 0.9961131953323693,0.9727080403189414,0.05165242217395101,0.04270110345483733,0.9486734953814089,0.9935716831687191
178: 0.979841466565949,0.9347530613210449,-0.028904446579100802,-0.03913634886297922,1.0082958224674423,0.9840305389837268
179: 0.9955612346779035,0.9146495663127272,0.02926322172566036,0.02280898142234649,1.0205142790610535,1.02369967173601
180: 0.9896899667807714,0.9444040541945712,-0.002993470368560589,-0.002174792301482262,1.013075776531439,0.9339532659614789
181: 0.9802166555983144,0.9748413060158692,0.025077702286477963,-0.022450236194169353,1.0092421890757381,0.9928785464841746
182: 0.9981140271404931,0.9487923817020746,-0.04218893118708914,-0.0293132962405947,0.9960768661887306,0.9437356171643314
183: 1.0302260585584555,1.024067495909715,0.017698158897814814,-0.006856084248313056,0.9640926600415411,1.0180118079997407
184: 0.9791809431828451,0.9356202188558527,0.0350606939781599,-0.0705223554997214,0.9828280800515033,1.023921943529048
185: 1.0091085291383708,0.9324591995310002,-0.011879972114515644,-0.06821901071345333,1.0328328561164375,0.9721088942127848
186: 1.0616990223639857,1.0375942385517933,-0.0034554750493038877,0.0036766070795407127,0.9725482728520815,1.0164186701821287
187: 0.9264322650036444,0.9691434089519272,-0.022229506030388903,-0.013756350919063956,0.9762121742345886,1.0132770872009167
188: 0.9773986517956412,0.9877146825635282,0.04880826555911883,0.01859071219016706,1.0452692788552584,1.0567449754484186
189: 1.0023307781427087,1.0187163282099303,0.014859898465382252,-0.026171428974684788,0.9887550176310708,1.018822893242188
190: 1.062385008639915,0.9784172319109552,0.05184100410240591,0.01827491660950759,1.0199243965988714,1.0430919291881355
191: 1.0501757320486698,1.0138823387625255,0.010746564545964052,-0.02535785398313737,0.9708945314728717,0.962233247316515
192: 1.0025673708360523,0.9847697970412124,-0.02461757587581369,-0.01684274315419895,0.9427238281736889,0.9799679228230516
193: 1.005529963386397,0.9550361815100816,0.0162971340724662,-0.006850410681673955,1.0171985936104393,1.0060345257500634
194: 0.9893325359124785,0.982360711349489,0.022826819513031456,-0.025785669361403238,1.0068722335266107,1.0553143703919345
195: 0.985727883669142,0.9429043310541196,0.01799792111539824,0.01365576508305843,1.0159388236441003,0.9987367836512624
196: 0.9863950754182081,1.042617150928336,-0.002803712456778548,-0.016408150906009146,0.9985898133271058,0.9799277647796585
197: 0.9766304405019314,0.9914923891993492,0.08055769442451047,0.04500503636327711,1.0339892614195585,1.0188550347836283
198: 1.0334180815126162,0.9819902841029139,0.007381577648777148,-0.04260933055089675,0.981126531764094,1.0040772128229911
199: 0.9738157258628239,0.9793537501230414,-0.0035852599791439278,-0.04914704449344836,0.9964269580307239,0.992266972041149
200: 0.9506232208711488,1.0053229549585723,-0.013226953320881498,0.008764399924806163,1.0034939629916033,0.9869336809446292
201: 0.9816750171333674,1.0217709906442407,-0.021022216772447713,-0.035274704935421196,0.9974544879987925,1.0058738304044104
202: 0.9972358345985413,0.9885255694389343,0.0015574077842757106,0.0012012617662549019,0.9955710768699646,0.9965613484382629
203: 0.997294008731842,0.988505482673645,0.0015222476795315742,0.0011751780984923244,0.9956368803977966,0.9966124892234802
204: 0.9973498582839966,0.9884942173957825,0.0014885765267536044,0.0011502791894599795,0.9957013726234436,0.9966632723808289
205: 0.9974139928817749,0.9884971380233765,0.0014499016106128693,0.0011219430016353726,0.99577796459198,0.996724545955658
206: 0.9974716901779175,0.988474428653717,0.0014150793431326747,0.0010962187079712749,0.9958456158638,0.996778666973114
207: 0.9975269436836243,0.9884451627731323,0.001381798880174756,0.0010715628741309047,0.99591064453125,0.9968308806419373
208: 0.9975830316543579,0.9884236454963684,0.0013481170171871781,0.0010466764215379953,0.9959779977798462,0.9968854784965515
209: 0.9976348876953125,0.9883910417556763,0.001317087677307427,0.001023584045469761,0.9960397481918335,0.9969357252120972
210: 0.997687578201294,0.9883635640144348,0.0012856568209826946,0.001000237069092691,0.9961036443710327,0.9969879984855652
211: 0.9977352619171143,0.9883358478546143,0.001257258583791554,0.0009790778858587146,0.996161699295044,0.9970358610153198
212: 0.997779905796051,0.9882988929748535,0.0012307468568906188,0.0009592449641786516,0.9962157607078552,0.9970807433128357
213: 0.99782395362854,0.9882683157920837,0.001204639207571745,0.0009397428948432207,0.9962701797485352,0.9971262812614441
214: 0.9978691339492798,0.9882423281669617,0.0011778398184105754,0.0009197924518957734,0.9963269829750061,0.9971737861633301
215: 0.9979142546653748,0.988206684589386,0.0011511999182403088,0.0008999084820970893,0.9963834285736084,0.9972211122512817
216: 0.9979598522186279,0.9881654977798462,0.001124256057664752,0.0008798019262030721,0.9964407086372375,0.997269332408905
217: 0.9980019927024841,0.9881170988082886,0.0010994472540915012,0.0008612197707407176,0.9964936375617981,0.9973140358924866
218: 0.9980440139770508,0.9880688786506653,0.0010746937477961183,0.0008427370339632034,0.9965474009513855,0.9973596930503845
219: 0.9980838298797607,0.9880103468894958,0.001051311381161213,0.0008252284023910761,0.9965983033180237,0.997403085231781
220: 0.9981227517127991,0.9879453182220459,0.001028511207550764,0.0008081105188466609,0.9966486096382141,0.9974462985992432
221: 0.9981634020805359,0.9878609776496887,0.0010047144023701549,0.0007902326178736985,0.9967014193534851,0.9974915981292725
222: 0.9982019662857056,0.9877657890319824,0.0009821810526773334,0.0007732725352980196,0.9967517852783203,0.9975351095199585
223: 0.99824059009552,0.9876660108566284,0.0009596477029845119,0.0007563146064057946,0.9968026876449585,0.9975795149803162
224: 0.9982814788818359,0.9875445365905762,0.0009358350653201342,0.0007384306518360972,0.9968570470809937,0.9976269602775574
225: 0.998320996761322,0.987413763999939,0.0009128398378379643,0.0007211441406980157,0.9969101548194885,0.9976734519004822
226: 0.9983565211296082,0.9872777462005615,0.0008923111599870026,0.0007056311587803066,0.9969577789306641,0.9977155923843384
227: 0.9983919262886047,0.9871186017990112,0.0008718626922927797,0.000690142740495503,0.9970054030418396,0.9977580904960632
228: 0.998428463935852,0.9869433641433716,0.000850914278998971,0.0006742991390638053,0.997054934501648,0.9978020787239075
229: 0.9984638690948486,0.9867432117462158,0.0008305315859615803,0.0006588393007405102,0.9971032738685608,0.9978454113006592
230: 0.9984956979751587,0.98653244972229,0.0008123174775391817,0.0006449422799050808,0.9971466660499573,0.9978845715522766
231: 0.9985238909721375,0.9863312244415283,0.0007963170064613223,0.0006326597649604082,0.9971852898597717,0.9979197382926941
232: 0.9985536932945251,0.9861183166503906,0.0007793552940711379,0.0006197031470946968,0.997227132320404,0.9979575872421265
233: 0.9985841512680054,0.9858593344688416,0.0007620531832799315,0.0006064388435333967,0.9972698092460632,0.9979963898658752
234: 0.9986155033111572,0.9855982661247253,0.000744248041883111,0.0005928690079599619,0.9973151087760925,0.9980371594429016
235: 0.9986429810523987,0.9853072166442871,0.0007288109045475721,0.0005809903377667069,0.99735426902771,0.9980728626251221
236: 0.9986701011657715,0.9849727153778076,0.000713552872184664,0.0005692075937986374,0.9973932504653931,0.9981083869934082
237: 0.9986972212791443,0.9846004843711853,0.0006982809281907976,0.0005573921953327954,0.9974325299263,0.9981440305709839
238: 0.9987239241600037,0.9841922521591187,0.0006832662620581686,0.0005457320949062705,0.9974713325500488,0.99817955493927
239: 0.9987496137619019,0.983755350112915,0.0006688855937682092,0.0005345333484001458,0.9975086450576782,0.9982137680053711
240: 0.9987751841545105,0.9832853674888611,0.0006545599899254739,0.0005233928677625954,0.997546374797821,0.9982483386993408
241: 0.99880051612854,0.9827358722686768,0.0006403938750736415,0.0005123369628563523,0.9975837469100952,0.998282790184021
242: 0.9988259673118591,0.9821001887321472,0.0006261649541556835,0.000501221336890012,0.9976212382316589,0.9983175992965698
243: 0.9988499879837036,0.9814173579216003,0.0006127619417384267,0.0004907401744276285,0.9976569414138794,0.998350977897644
244: 0.9988725781440735,0.9807040691375732,0.000600190251134336,0.00048090057680383325,0.9976910352706909,0.998382568359375
245: 0.9988943934440613,0.9798980355262756,0.0005881769466213882,0.0004714765236712992,0.9977237582206726,0.9984130859375
246: 0.9989166259765625,0.9789080023765564,0.0005758532788604498,0.00046179399942047894,0.9977574944496155,0.9984443783760071
247: 0.9989385008811951,0.97775799036026,0.0005637753056362271,0.00045227748341858387,0.9977905750274658,0.9984752535820007
248: 0.9989591836929321,0.9765223264694214,0.0005524354637600482,0.000443339318735525,0.9978221654891968,0.998504638671875
249: 0.9989789724349976,0.9751405119895935,0.0005415657069534063,0.00043475936399772763,0.9978526830673218,0.9985330104827881
250: 0.9989981055259705,0.9735466837882996,0.0005310597480274737,0.00042645170469768345,0.9978825449943542,0.9985608458518982
251: 0.9990158081054688,0.9716048836708069,0.0005213742842897773,0.0004187130252830684,0.9979098439216614,0.9985866546630859
252: 0.9990350008010864,0.969206690788269,0.0005109332269057631,0.00041043065721169114,0.9979398846626282,0.9986144304275513
253: 0.9990546107292175,0.9661529064178467,0.0005001656245440245,0.0004018936597276479,0.9979711174964905,0.9986429810523987
254: 0.9990739822387695,0.9623110890388489,0.0004896248574368656,0.0003935054410248995,0.998001754283905,0.9986711740493774
255: 0.9990919828414917,0.9576920866966248,0.00047985403216443956,0.0003856830589938909,0.9980303645133972,0.9986974596977234
256: 0.9991087317466736,0.9518637657165527,0.00047081185039132833,0.0003783780848607421,0.9980567097663879,0.9987218976020813
257: 0.9991251826286316,0.9443182945251465,0.00046194568858481944,0.00037120419437997043,0.9980827569961548,0.9987460374832153
258: 0.9991410970687866,0.934997022151947,0.00045333930756896734,0.0003642402298282832,0.9981082677841187,0.9987694621086121
259: 0.999157190322876,0.9227157235145569,0.0004446536477189511,0.0003572296991478652,0.9981343150138855,0.9987932443618774
260: 0.999174177646637,0.9056620001792908,0.00043544062646105886,0.0003498185542412102,0.9981622099876404,0.998818576335907
261: 0.9991890788078308,0.8831965327262878,0.00042750060674734414,0.00034333925577811897,0.998185932636261,0.9988407492637634
262: 0.999203622341156,0.8543068170547485,0.00041970686288550496,0.00033702250220812857,0.9982095956802368,0.9988623857498169
263: 0.9992172718048096,0.8166307806968689,0.0004124047700315714,0.00033107909257523715,0.9982317090034485,0.9988828301429749
264: 0.9992306232452393,0.7673829793930054,0.00040525957592763007,0.00032526120776310563,0.9982531666755676,0.9989029169082642
265: 0.9992467164993286,0.704287052154541,0.00039659070898778737,0.00031836447305977345,0.9982798099517822,0.9989266991615295
266: 0.9992609620094299,0.6304751038551331,0.00038893125019967556,0.00031220033997669816,0.9983023405075073,0.99894779920578
267: 0.9992745518684387,0.5504485964775085,0.000381514779292047,0.00030628746026195586,0.9983231425285339,0.9989678859710693
268: 0.9992868304252625,0.47125035524368286,0.0003746371658053249,0.0003009194624610245,0.9983404874801636,0.9989860653877258
269: 0.9992966651916504,0.39742252230644226,0.00036859457031823695,0.0002964417217299342,0.9983513355255127,0.9990010857582092
270: 0.999301552772522,0.330374151468277,0.0003635985776782036,0.00029332502163015306,0.9983488321304321,0.9990103244781494
271: 0.999293327331543,0.27303189039230347,0.0003608121769502759,0.0002927771129179746,0.998316764831543,0.999006450176239
272: 0.9992552399635315,0.2251645028591156,0.00036278300103731453,0.00029660342261195183,0.9982263445854187,0.9989748001098633
273: 0.99919193983078,0.18643304705619812,0.0003691395977512002,0.0003053238906431943,0.9980747699737549,0.9989193677902222
274: 0.9991375207901001,0.15696269273757935,0.00038007600232958794,0.00032028788700699806,0.9978994131088257,0.9988654851913452
275: 0.9990717172622681,0.1331627368927002,0.00040420048753730953,0.0003492097894195467,0.9976798892021179,0.9988040924072266
276: 0.998986542224884,0.11337044835090637,0.0004407308006193489,0.0003926160861738026,0.9974103569984436,0.998728334903717
277: 0.9989336133003235,0.09940265864133835,0.00046606530668213964,0.0004215011722408235,0.9972288012504578,0.9986741542816162
278: 0.9989069700241089,0.0893154963850975,0.0004847769741900265,0.0004380535101518035,0.9971202611923218,0.9986255168914795
279: 0.998883068561554,0.08096829801797867,0.0005085545708425343,0.00045541030704043806,0.9970190525054932,0.9985584616661072
280: 0.9988769888877869,0.07310695946216583,0.000526183343026787,0.00046802457654848695,0.9969659447669983,0.9985058307647705
281: 0.9988536834716797,0.06632787734270096,0.0005688458331860602,0.000499375571962446,0.9968697428703308,0.9984127283096313
282: 0.9988470077514648,0.06006704643368721,0.0006215456523932517,0.0005408349679782987,0.9968329071998596,0.998346209526062
283: 0.998839795589447,0.054385289549827576,0.0006954050622880459,0.0005996113177388906,0.9968041181564331,0.9982811212539673
284: 0.9988192915916443,0.050243936479091644,0.0007638289825990796,0.0006508047226816416,0.9967323541641235,0.9982082843780518
285: 0.9988208413124084,0.04703934118151665,0.0007923544617369771,0.0006703610997647047,0.9967201352119446,0.9981867671012878
286: 0.99882572889328,0.04447478801012039,0.000804697279818356,0.0006765049765817821,0.9967165589332581,0.9981790781021118
287: 0.9988092184066772,0.042595990002155304,0.0008274918654933572,0.0006887445342727005,0.9966500401496887,0.9981406927108765
288: 0.9988163709640503,0.040625251829624176,0.0008303951472043991,0.0006867628544569016,0.9966539144515991,0.9981430768966675
289: 0.9988227486610413,0.038933172821998596,0.0008323672809638083,0.0006839861744083464,0.9966577291488647,0.9981459379196167
290: 0.998826801776886,0.03741375356912613,0.0008358871564269066,0.0006819746340624988,0.9966554641723633,0.998145580291748
291: 0.9988327622413635,0.03605988249182701,0.0008374417666345835,0.0006786029553040862,0.9966609477996826,0.9981492757797241
292: 0.9988366961479187,0.03482723981142044,0.0008404375403188169,0.0006761356489732862,0.9966613054275513,0.998150110244751
293: 0.9988417029380798,0.03353949263691902,0.0008433925686404109,0.0006728791631758213,0.9966649413108826,0.9981524348258972
294: 0.9988467693328857,0.03219427913427353,0.000847013492602855,0.0006694493349641562,0.9966678023338318,0.9981542229652405
295: 0.9988505840301514,0.030999010428786278,0.0008512021158821881,0.0006666994304396212,0.9966676831245422,0.9981544613838196
296: 0.9988560676574707,0.029921073466539383,0.000853407836984843,0.0006630133138969541,0.9966733455657959,0.9981583952903748
297: 0.9988372921943665,0.029183093458414078,0.0008736406452953815,0.0006729195010848343,0.9966020584106445,0.9981243014335632
298: 0.9988409876823425,0.028243515640497208,0.0008759679039940238,0.000670097884722054,0.9966012239456177,0.9981274008750916
299: 0.99885094165802,0.027313442900776863,0.0008726614178158343,0.0006637665792368352,0.9966198205947876,0.9981411695480347
300: 0.9988561868667603,0.026460228487849236,0.0008724551880732179,0.0006600708584301174,0.9966222047805786,0.9981482028961182
301: 0.9988604784011841,0.0256981048732996,0.0008721119957044721,0.000656912918202579,0.99662184715271,0.9981545805931091
302: 0.9988669157028198,0.024996446445584297,0.0008694017888046801,0.0006526028155349195,0.9966287016868591,0.9981651902198792
303: 0.998874843120575,0.024287207052111626,0.0008651682292111218,0.0006474207621067762,0.9966392517089844,0.9981786012649536
304: 0.9988839030265808,0.02354283444583416,0.0008597693522460759,0.0006415441748686135,0.9966515898704529,0.9981940388679504
305: 0.9988922476768494,0.022890279069542885,0.0008542018476873636,0.000636051467154175,0.9966631531715393,0.9982089996337891
306: 0.9988996982574463,0.02230934612452984,0.0008491161279380322,0.0006311862962320447,0.996672511100769,0.9982228875160217
307: 0.9989131689071655,0.021660855039954185,0.0008392747840844095,0.0006228930433280766,0.9967004656791687,0.9982460737228394
308: 0.9989162683486938,0.021175632253289223,0.0008368263370357454,0.0006205015815794468,0.9966955184936523,0.9982536435127258
309: 0.9989244341850281,0.02067352831363678,0.0008304271032102406,0.0006152399000711739,0.9967080354690552,0.9982692003250122
310: 0.9989327788352966,0.020195728167891502,0.0008238695445470512,0.0006099393940530717,0.9967214465141296,0.9982851147651672
311: 0.998939573764801,0.019765758886933327,0.0008182742749340832,0.0006055439589545131,0.9967302083969116,0.9982985854148865
312: 0.998945415019989,0.019391600042581558,0.0008132957154884934,0.000601690262556076,0.9967376589775085,0.9983105659484863
313: 0.9989533424377441,0.01901881955564022,0.0008067486924119294,0.0005966707249172032,0.9967526197433472,0.9983258843421936
314: 0.9989594221115112,0.018664255738258362,0.0008015105850063264,0.0005926802987232804,0.99676114320755,0.9983384609222412
315: 0.9989668130874634,0.018279260024428368,0.0007951974403113127,0.0005879429518245161,0.9967724680900574,0.9983532428741455
316: 0.9989748001098633,0.017882464453577995,0.0007883643265813589,0.0005828542052768171,0.9967852830886841,0.9983689188957214
317: 0.9989859461784363,0.017480116337537766,0.0007791752577759326,0.0005759476916864514,0.9968101382255554,0.998389482498169
318: 0.9989883303642273,0.01721150241792202,0.0007764983456581831,0.0005741075146943331,0.9968070983886719,0.9983963370323181
319: 0.9989942908287048,0.016918370500206947,0.0007712112856097519,0.0005702227936126292,0.9968166947364807,0.998408854007721
320: 0.9990049004554749,0.016581036150455475,0.0007625362486578524,0.0005637529538944364,0.996841311454773,0.998428225517273
321: 0.9990088939666748,0.016328489407896996,0.0007586407591588795,0.0005609860527329147,0.9968447685241699,0.9984374642372131
322: 0.9990140199661255,0.01607663556933403,0.0007539532380178571,0.0005575669929385185,0.996852695941925,0.9984487295150757
323: 0.9990248680114746,0.015766089782118797,0.0007451404817402363,0.0005510203191079199,0.9968787431716919,0.9984681010246277
324: 0.9990266561508179,0.015548354014754295,0.0007428337703458965,0.0005494430661201477,0.9968750476837158,0.9984745383262634
325: 0.9990358352661133,0.015277131460607052,0.0007352599059231579,0.0005438310909084976,0.9968967437744141,0.9984914064407349
326: 0.9990419745445251,0.015054764226078987,0.0007298575947061181,0.0005398932262323797,0.9969095587730408,0.9985038042068481
327: 0.9990449547767639,0.014868572354316711,0.0007268140325322747,0.0005376941408030689,0.9969121217727661,0.9985117316246033
328: 0.9990295171737671,0.01485090609639883,0.0007371745887212455,0.0005457077058963478,0.996852457523346,0.998492956161499
329: 0.9990336894989014,0.01464082021266222,0.000733213615603745,0.0005428398726508021,0.9968576431274414,0.9985026121139526
330: 0.9990383386611938,0.01443558931350708,0.000728870218154043,0.0005396951455622911,0.9968650937080383,0.9985129237174988
331: 0.9990457892417908,0.014212762005627155,0.0007226224988698959,0.0005350573919713497,0.9968819618225098,0.9985272884368896
332: 0.9990496039390564,0.01402642484754324,0.0007190037867985666,0.000532451260369271,0.9968865513801575,0.998536229133606
333: 0.9990571141242981,0.013816413469612598,0.000712697918061167,0.0005277713644318283,0.9969044327735901,0.9985505938529968
334: 0.999061644077301,0.013644039630889893,0.0007086823461577296,0.000524834671523422,0.9969124794006348,0.99856036901474
335: 0.9990646243095398,0.013491648249328136,0.0007057367474772036,0.0005227298242971301,0.9969158172607422,0.9985677003860474
336: 0.9990699887275696,0.013324896804988384,0.0007011907291598618,0.0005193578545004129,0.9969274401664734,0.9985785484313965
337: 0.9990733861923218,0.01317266933619976,0.0006979505997151136,0.0005169966607354581,0.9969322681427002,0.9985866546630859
338: 0.9990795850753784,0.012996735982596874,0.0006926796631887555,0.0005130646750330925,0.9969468712806702,0.9985989928245544
339: 0.9990842342376709,0.012839567847549915,0.0006886270712129772,0.0005100853159092367,0.9969557523727417,0.9986085295677185
340: 0.9990867376327515,0.01270614005625248,0.0006861194269731641,0.0005082357092760503,0.9969580173492432,0.9986152648925781
341: 0.9990924596786499,0.012550574727356434,0.0006813876680098474,0.0005046944716013968,0.9969710111618042,0.9986264705657959
342: 0.9990954399108887,0.012421181425452232,0.0006785925943404436,0.0005026370054110885,0.9969750642776489,0.9986335635185242
343: 0.9991008043289185,0.01227289903908968,0.0006741390679962933,0.0004992958274669945,0.9969870448112488,0.9986441731452942
344: 0.9991039633750916,0.012149687856435776,0.0006711831665597856,0.0004970914451405406,0.9969924688339233,0.9986516833305359
345: 0.9991076588630676,0.012020905502140522,0.000667902990244329,0.0004946445114910603,0.9969992637634277,0.9986598491668701
346: 0.9991125464439392,0.011880938895046711,0.0006637482438236475,0.0004915332538075745,0.9970098733901978,0.9986697435379028
347: 0.9991169571876526,0.01174880750477314,0.000659990357235074,0.0004887314862571657,0.9970189332962036,0.9986787438392639
348: 0.9991225600242615,0.011609436012804508,0.0006553801940754056,0.0004852777055930346,0.9970320463180542,0.9986894726753235
349: 0.9991251826286316,0.011495165526866913,0.0006528886733576655,0.00048342288937419653,0.9970353841781616,0.9986960291862488
350: 0.9991292357444763,0.011370908468961716,0.0006494515109807253,0.0004808350349776447,0.9970431923866272,0.9987044334411621
351: 0.9991337656974792,0.011237818747758865,0.0006456111441366374,0.00047795273712836206,0.9970524311065674,0.9987137317657471
352: 0.9991399049758911,0.011090699583292007,0.0006405977765098214,0.0004742007004097104,0.9970669150352478,0.9987251162528992
353: 0.9991427659988403,0.010977857746183872,0.000637938966974616,0.00047222315333783627,0.9970709085464478,0.9987319111824036
354: 0.9991472959518433,0.010858803987503052,0.0006342372507788241,0.0004694380913861096,0.9970806241035461,0.9987408518791199
355: 0.9991506338119507,0.01074970606714487,0.0006313613848760724,0.00046726770233362913,0.9970865845680237,0.9987480640411377
356: 0.9991551637649536,0.010626109316945076,0.0006275094347074628,0.00046438167919404805,0.9970964193344116,0.9987571239471436
357: 0.9991590976715088,0.01050913892686367,0.0006241718656383455,0.00046188224223442376,0.9971038699150085,0.998765230178833
358: 0.9991641044616699,0.010381835512816906,0.0006201429641805589,0.0004588558222167194,0.9971143007278442,0.9987745881080627
359: 0.9991682767868042,0.010257815010845661,0.0006165648228488863,0.0004561878158710897,0.9971222281455994,0.9987831711769104
360: 0.9991738200187683,0.010124163702130318,0.0006120323087088764,0.000452801410574466,0.9971346855163574,0.9987936019897461
361: 0.9991768002510071,0.010012544691562653,0.0006093328702263534,0.00045077898539602757,0.9971387386322021,0.99880051612854
362: 0.9991818070411682,0.009884282946586609,0.0006052334792912006,0.0004477162437979132,0.9971490502357483,0.9988100528717041
363: 0.999186098575592,0.00976340938359499,0.0006016509723849595,0.0004450423293747008,0.9971569776535034,0.9988186955451965
364: 0.9991903901100159,0.009645611047744751,0.0005980870919302106,0.00044238773989491165,0.9971650242805481,0.9988271594047546
365: 0.9991950392723083,0.009527195245027542,0.0005942847928963602,0.00043955599539913237,0.9971743822097778,0.998836100101471
366: 0.9992006421089172,0.0094048036262393,0.0005897762603126466,0.00043619005009531975,0.9971875548362732,0.9988464117050171
367: 0.9992052912712097,0.009291213005781174,0.0005859307129867375,0.00043332629138603806,0.9971975088119507,0.998855471611023
368: 0.9992101192474365,0.009177835658192635,0.0005819682264700532,0.00043037140858359635,0.997208297252655,0.9988646507263184
369: 0.9992140531539917,0.009073853492736816,0.0005786604015156627,0.0004279182758182287,0.9972158670425415,0.9988724589347839
370: 0.9992173910140991,0.008978026919066906,0.000575826910790056,0.000425824080593884,0.9972215890884399,0.9988792538642883
371: 0.9992215633392334,0.008880126290023327,0.0005724832881242037,0.00042333072633482516,0.9972301125526428,0.9988872408866882
372: 0.9992254972457886,0.008783313445746899,0.0005691926926374435,0.00042089566704817116,0.997238278388977,0.9988948702812195
373: 0.9992296695709229,0.00868658535182476,0.0005657433066517115,0.00041834099101834,0.9972473978996277,0.9989027976989746
374: 0.999233603477478,0.008595654740929604,0.0005625243647955358,0.00041594612412154675,0.9972558617591858,0.9989103078842163
375: 0.9992358684539795,0.008520228788256645,0.0005605248152278364,0.0004144792619626969,0.9972584247589111,0.998915433883667
376: 0.9992413520812988,0.008419599384069443,0.0005562099977396429,0.00041127114673145115,0.9972723126411438,0.9989249110221863
377: 0.9992455244064331,0.008325004950165749,0.0005527780740521848,0.0004087493580300361,0.9972811937332153,0.9989327788352966
378: 0.9992497563362122,0.008228984661400318,0.0005493325879797339,0.00040620099753141403,0.9972900152206421,0.9989407658576965
379: 0.999254047870636,0.008134379051625729,0.000545815855730325,0.0004036144819110632,0.9972992539405823,0.9989487528800964
380: 0.9992565512657166,0.00805505458265543,0.0005436294595710933,0.00040202756645157933,0.9973020553588867,0.9989540576934814
381: 0.9992608428001404,0.007964820601046085,0.0005401662783697248,0.00039948016637936234,0.9973114728927612,0.9989619255065918
382: 0.9992656111717224,0.007873323746025562,0.0005362475058063865,0.0003966046788264066,0.9973234534263611,0.9989705085754395
383: 0.9992701411247253,0.007789637893438339,0.000532747246325016,0.00039401688263751566,0.9973341226577759,0.9989783763885498
384: 0.999271810054779,0.007723549380898476,0.0005311240092851222,0.000392858317354694,0.997334897518158,0.9989824891090393
385: 0.999275267124176,0.007643876597285271,0.0005283438949845731,0.00039083033334463835,0.9973410964012146,0.998988926410675
386: 0.9992788434028625,0.007562736980617046,0.0005253351991996169,0.00038863345980644226,0.997348427772522,0.998995840549469
387: 0.9992818236351013,0.007489171344786882,0.0005228423979133368,0.0003868247149512172,0.9973535537719727,0.999001681804657
388: 0.9992859959602356,0.007411674130707979,0.0005195605917833745,0.00038443022640421987,0.9973631501197815,0.9990088939666748
389: 0.999290943145752,0.007331403903663158,0.0005156280240043998,0.00038154571666382253,0.997376561164856,0.9990173578262329
390: 0.9992947578430176,0.0072622280567884445,0.0005126183968968689,0.0003793463984038681,0.997385561466217,0.9990240335464478
391: 0.999297022819519,0.0072029209695756435,0.0005107158212922513,0.0003779611724894494,0.997389018535614,0.9990286827087402
392: 0.999300479888916,0.00713270902633667,0.0005078369285911322,0.0003758733510039747,0.99739670753479,0.999035120010376
393: 0.9993046522140503,0.00705745629966259,0.0005045623984187841,0.00037347644683904946,0.9974064230918884,0.9990423321723938
394: 0.9993078708648682,0.0069879647344350815,0.0005019332165829837,0.00037158021586947143,0.9974126219749451,0.9990482926368713
395: 0.9993115663528442,0.006918837316334248,0.0004990158486180007,0.00036946366890333593,0.9974206686019897,0.9990548491477966
396: 0.9993141889572144,0.006860784720629454,0.0004968477296642959,0.0003679087676573545,0.9974256157875061,0.9990598559379578
397: 0.9993163347244263,0.006808669771999121,0.00049508863594383,0.00036665875813923776,0.9974287152290344,0.999064028263092
398: 0.9993196725845337,0.0067491247318685055,0.0004924749373458326,0.0003647739940788597,0.9974363446235657,0.99906986951828
399: 0.9993226528167725,0.006689491681754589,0.0004900131025351584,0.00036301653017289937,0.9974427223205566,0.9990752935409546
400: 0.9993267059326172,0.006623601540923119,0.000486907985759899,0.0003607698599807918,0.9974523186683655,0.999082088470459
401: 0.999329686164856,0.006564783863723278,0.0004844831710215658,0.00035904007381759584,0.9974583983421326,0.9990875720977783
402: 0.9993317723274231,0.006512998603284359,0.0004826656950172037,0.0003577644529286772,0.9974615573883057,0.9990918636322021
403: 0.9993355870246887,0.006452900357544422,0.0004797865985892713,0.00035568675957620144,0.9974706172943115,0.9990980625152588
404: 0.9993382096290588,0.006398847792297602,0.00047760113375261426,0.0003541433543432504,0.997475802898407,0.9991030693054199
405: 0.9993414282798767,0.006340261548757553,0.00047506592818535864,0.00035234421375207603,0.9974824786186218,0.999108612537384
406: 0.9993442893028259,0.006285344250500202,0.0004727778141386807,0.00035073640174232423,0.9974880218505859,0.9991137385368347
407: 0.9993476271629333,0.0062273419462144375,0.00047014543088153005,0.0003488728834781796,0.9974954128265381,0.9991194605827332
408: 0.9993502497673035,0.006172635592520237,0.0004680803685914725,0.0003474484838079661,0.9974992871284485,0.9991241097450256
409: 0.9993541836738586,0.0061081452295184135,0.00046498453593812883,0.0003452492237556726,0.9975084066390991,0.9991307854652405
410: 0.9993566870689392,0.006054603029042482,0.0004629981704056263,0.0003438873391132802,0.9975119829177856,0.9991353154182434
411: 0.9993597865104675,0.006000380963087082,0.0004605433205142617,0.0003421652363613248,0.9975185394287109,0.9991406202316284
412: 0.9993627667427063,0.005948823876678944,0.00045819388469681144,0.00034052281989715993,0.9975247979164124,0.9991457462310791
413: 0.9993659853935242,0.005893241614103317,0.0004556498024612665,0.00033873648499138653,0.997531533241272,0.999151349067688
414: 0.9993688464164734,0.0058400267735123634,0.00045341081568039954,0.00033718612394295633,0.9975366592407227,0.9991563558578491
415: 0.9993721842765808,0.0057815369218587875,0.00045078503899276257,0.00033535301918163896,0.997543215751648,0.9991620779037476
416: 0.9993755221366882,0.0057226610369980335,0.0004482045187614858,0.00033356770290993154,0.9975493550300598,0.999167799949646
417: 0.9993791580200195,0.005665063392370939,0.00044531773892231286,0.00033153867116197944,0.9975579977035522,0.9991739392280579
418: 0.9993822574615479,0.005615039262920618,0.0004429415857885033,0.0003298903175164014,0.9975645542144775,0.9991791844367981
419: 0.9993845224380493,0.0055704740807414055,0.00044112358591519296,0.0003286559949629009,0.9975681900978088,0.9991833567619324
420: 0.9993866682052612,0.005527840927243233,0.0004394058196339756,0.0003274971677456051,0.9975715279579163,0.9991872906684875
421: 0.9993900060653687,0.005475074518471956,0.0004368240188341588,0.000325701228575781,0.9975787997245789,0.9991928935050964
422: 0.9993928670883179,0.005424308590590954,0.0004345648339949548,0.0003241597441956401,0.9975841045379639,0.9991980195045471
423: 0.9993958473205566,0.005374018102884293,0.0004322149034123868,0.0003225533291697502,0.997590184211731,0.9992031455039978
424: 0.9993991851806641,0.005322040989995003,0.0004296366241760552,0.0003207774425391108,0.9975975155830383,0.9992087483406067
425: 0.9994015693664551,0.005278584081679583,0.00042777188355103135,0.0003195287717971951,0.9976014494895935,0.9992129802703857
426: 0.999404788017273,0.005229444708675146,0.0004252961080055684,0.0003178240731358528,0.9976085424423218,0.9992183446884155
427: 0.9994083642959595,0.0051775164902210236,0.0004226335440762341,0.00031599041540175676,0.9976164102554321,0.999224066734314
428: 0.9994112253189087,0.005126916337758303,0.0004203186836093664,0.00031443435000255704,0.9976217150688171,0.9992291927337646
429: 0.9994148015975952,0.005073309876024723,0.00041760329622775316,0.0003125720249954611,0.9976293444633484,0.9992351531982422
430: 0.9994181394577026,0.005023375153541565,0.0004151089524384588,0.00031086590024642646,0.997636079788208,0.9992406368255615
431: 0.9994211196899414,0.004974257666617632,0.00041276286356151104,0.00030927901389077306,0.9976418018341064,0.9992457628250122
432: 0.9994238615036011,0.0049264924600720406,0.00041069838334806263,0.00030791564495302737,0.9976455569267273,0.9992503523826599
433: 0.9994275569915771,0.004872228484600782,0.00040788386831991374,0.00030599033925682306,0.9976535439491272,0.9992565512657166
434: 0.9994307160377502,0.004821011330932379,0.0004053596640005708,0.00030428386526182294,0.9976599216461182,0.9992620348930359
435: 0.9994341731071472,0.004767383448779583,0.0004027162794955075,0.0003025046898983419,0.9976664781570435,0.9992678761482239
436: 0.9994379878044128,0.004712845664471388,0.0003998928004875779,0.0003005859616678208,0.9976741671562195,0.9992740750312805
437: 0.9994420409202576,0.00465642474591732,0.00039677543099969625,0.0002984426391776651,0.9976835250854492,0.9992807507514954
438: 0.9994447827339172,0.004608931019902229,0.00039470032788813114,0.0002970899222418666,0.9976872205734253,0.9992855191230774
439: 0.999447762966156,0.004562131594866514,0.00039239926263689995,0.00029554995126090944,0.9976928234100342,0.9992905855178833
440: 0.9994513392448425,0.004512469284236431,0.0003897372225765139,0.0002937400422524661,0.9977003931999207,0.9992964267730713
441: 0.9994551539421082,0.004458501935005188,0.00038684645551256835,0.00029178342083469033,0.9977083206176758,0.9993027448654175
442: 0.999459445476532,0.004398778546601534,0.0003836436662822962,0.0002896127989515662,0.9977173805236816,0.999309778213501
443: 0.9994638562202454,0.004337992984801531,0.0003803358704317361,0.000287364877294749,0.9977268576622009,0.9993170499801636
444: 0.9994687438011169,0.004271569661796093,0.0003765944275073707,0.00028481974732130766,0.9977380037307739,0.999325156211853
445: 0.9994732737541199,0.004206424113363028,0.0003732123877853155,0.00028256294899620116,0.9977466464042664,0.99933260679245
446: 0.9994788765907288,0.004135764669626951,0.0003689689910970628,0.0002796427870634943,0.9977604150772095,0.9993417859077454
447: 0.9994837045669556,0.004070970695465803,0.00036534853279590607,0.0002771964354906231,0.9977706670761108,0.9993496537208557
448: 0.9994875192642212,0.004015656188130379,0.00036244213697500527,0.00027525602490641177,0.9977779984474182,0.999356210231781
449: 0.999491810798645,0.003962810151278973,0.0003592585271690041,0.00027307262644171715,0.9977883100509644,0.999363124370575
450: 0.9994958639144897,0.003911104518920183,0.00035631240461952984,0.0002710845728870481,0.997796893119812,0.9993695616722107
451: 0.9995002746582031,0.0038537979125976562,0.0003530050453264266,0.0002688553067855537,0.9978064894676208,0.9993768334388733
452: 0.9995056390762329,0.003787353402003646,0.00034900527680292726,0.0002661432372406125,0.9978188276290894,0.9993853569030762
453: 0.9995115995407104,0.0037158753257244825,0.0003446380724199116,0.00026318663731217384,0.9978324770927429,0.9993947744369507
454: 0.9995170831680298,0.0036488755140453577,0.0003405177849344909,0.00026039540534839034,0.9978455305099487,0.999403715133667
455: 0.9995220899581909,0.0035907267592847347,0.00033688583062030375,0.0002579375577624887,0.9978571534156799,0.9994115829467773
456: 0.9995267391204834,0.0035366774536669254,0.00033346694544889033,0.0002556237450335175,0.9978682994842529,0.9994188547134399
457: 0.9995311498641968,0.0034834688995033503,0.00033021284616552293,0.00025344957248307765,0.9978781938552856,0.999426007270813
458: 0.9995367527008057,0.003422193229198456,0.0003260448283981532,0.00025059786275960505,0.9978927969932556,0.999434769153595
459: 0.9995414018630981,0.003367868484929204,0.00032271421514451504,0.00024838183890096843,0.9979026317596436,0.9994420409202576
460: 0.9995456337928772,0.0033184827771037817,0.000319554383167997,0.000246265233727172,0.997912585735321,0.999448835849762
461: 0.9995502829551697,0.00326620414853096,0.00031615947955287993,0.00024398563255090266,0.9979234933853149,0.9994561076164246
462: 0.9995554089546204,0.0032124186400324106,0.00031246981234289706,0.00024148408556357026,0.9979362487792969,0.9994639754295349
463: 0.999559223651886,0.0031661943066865206,0.00030969976796768606,0.00023968092864379287,0.9979436993598938,0.9994701743125916
464: 0.9995641112327576,0.0031142993830144405,0.00030614325078204274,0.00023728932137601078,0.9979556798934937,0.9994776844978333
465: 0.9995684027671814,0.003063325071707368,0.00030300606158562005,0.00023525198048446327,0.9979639053344727,0.9994844198226929
466: 0.9995738863945007,0.0030064089223742485,0.00029908749274909496,0.00023263358161784708,0.9979764819145203,0.9994926452636719
467: 0.9995782971382141,0.0029580953996628523,0.000295893638394773,0.0002305232046637684,0.9979861974716187,0.9994995594024658
468: 0.9995827078819275,0.0029114834032952785,0.00029273080872371793,0.00022842411999590695,0.9979962110519409,0.9995062351226807
469: 0.99958735704422,0.002862208755686879,0.0002893431519623846,0.00022617436479777098,0.9980068802833557,0.9995135068893433
470: 0.9995922446250916,0.002812009770423174,0.00028587449924089015,0.00022387845092453063,0.9980176687240601,0.9995208978652954
471: 0.9995971322059631,0.002760906470939517,0.0002823825052473694,0.0002215851127402857,0.9980279803276062,0.9995282888412476
472: 0.9996015429496765,0.0027147389482706785,0.00027919388958252966,0.00021949311485514045,0.9980376362800598,0.999535083770752
473: 0.9996060729026794,0.002669375389814377,0.00027597209555096924,0.00021736527560278773,0.9980477094650269,0.9995418787002563
474: 0.9996101260185242,0.0026260104496032,0.00027307053096592426,0.00021548394579440355,0.9980553388595581,0.9995480179786682
475: 0.9996147155761719,0.0025818543508648872,0.000269815674982965,0.00021331667085178196,0.9980656504631042,0.9995548129081726
476: 0.999618649482727,0.0025426731444895267,0.00026704120682552457,0.00021149842359591275,0.9980736970901489,0.9995607733726501
477: 0.9996217489242554,0.0025075413286685944,0.00026486135902814567,0.00021013298828620464,0.9980778694152832,0.9995656609535217
478: 0.9996260404586792,0.002466595731675625,0.00026179765700362623,0.00020810996647924185,0.9980871677398682,0.9995719790458679
479: 0.9996300935745239,0.0024274566676467657,0.00025893645943142474,0.00020624500757548958,0.9980950951576233,0.9995779395103455
480: 0.9996329545974731,0.002394740004092455,0.0002569356292951852,0.00020502567349467427,0.9980981945991516,0.9995824694633484
481: 0.9996371269226074,0.00235600839368999,0.00025403525796718895,0.00020312887500040233,0.9981067180633545,0.9995884299278259
482: 0.9996411800384521,0.0023178670089691877,0.0002511702768970281,0.00020125730952713639,0.9981149435043335,0.9995943903923035
483: 0.9996449947357178,0.002281986642628908,0.0002484334690961987,0.00019946650718338788,0.9981227517127991,0.9996001124382019
484: 0.9996486902236938,0.0022477852180600166,0.0002459262032061815,0.00019785284530371428,0.9981289505958557,0.9996053576469421
485: 0.9996525049209595,0.0022117167245596647,0.00024317443603649735,0.00019606092246249318,0.9981364011764526,0.999610960483551
486: 0.9996566772460938,0.0021770750172436237,0.00024026092432904989,0.00019411744142416865,0.9981461763381958,0.9996167421340942
487: 0.9996602535247803,0.002145390724763274,0.00023779258481226861,0.0001925103279063478,0.998153030872345,0.9996217489242554
488: 0.9996633529663086,0.0021150480024516582,0.00023563788272440434,0.00019116098701488227,0.9981573224067688,0.9996263980865479
489: 0.9996665716171265,0.0020846612751483917,0.00023338227765634656,0.00018972338875755668,0.998162567615509,0.9996311664581299
490: 0.9996700286865234,0.0020539010874927044,0.0002309968986082822,0.00018818405806086957,0.9981687068939209,0.9996360540390015
491: 0.9996734857559204,0.0020235134288668633,0.00022860581520944834,0.00018663603987079114,0.9981752634048462,0.9996410608291626
492: 0.9996767044067383,0.00199462054297328,0.00022635322238784283,0.0001851914857979864,0.9981808662414551,0.9996457099914551
493: 0.9996799230575562,0.0019650168251246214,0.0002241509937448427,0.00018381331756245345,0.9981850981712341,0.9996503591537476
494: 0.9996829032897949,0.001937470049597323,0.00022210230235941708,0.00018253084272146225,0.9981886744499207,0.9996546506881714
495: 0.9996861219406128,0.0019103277008980513,0.00021995881979819387,0.0001811612310120836,0.9981932044029236,0.9996590614318848
496: 0.9996892213821411,0.0018825290026143193,0.0002177872374886647,0.00017978304822463542,0.998197615146637,0.9996635913848877
497: 0.9996923208236694,0.0018558565061539412,0.00021568333613686264,0.00017844561079982668,0.998201847076416,0.9996680021286011
498: 0.9996949434280396,0.0018326244316995144,0.0002139134448952973,0.00017734256107360125,0.9982049465179443,0.9996716976165771
499: 0.9996976852416992,0.0018090516095981002,0.00021203875076025724,0.00017615493561606854,0.9982088804244995,0.9996756315231323
500: 0.999700665473938,0.0017841934459283948,0.00020998998661525548,0.00017484099953435361,0.998213529586792,0.9996798038482666
501: 0.9997033476829529,0.0017602735897526145,0.0002081351849483326,0.00017369048146065325,0.9982163310050964,0.9996836185455322
502: 0.9997066855430603,0.0017330518458038568,0.00020587172184605151,0.00017224637849722058,0.998221218585968,0.9996882677078247
503: 0.9997091889381409,0.0017104832222685218,0.00020413949096109718,0.00017118883260991424,0.9982233643531799,0.9996919631958008
504: 0.9997121691703796,0.0016865362413227558,0.00020215757831465453,0.00016993768804240972,0.9982271790504456,0.9996960163116455
505: 0.9997146725654602,0.001665011397562921,0.00020041225070599467,0.0001688514748821035,0.9982298016548157,0.999699592590332
506: 0.9997175335884094,0.0016418729210272431,0.00019849852833431214,0.00016765354666858912,0.9982324242591858,0.9997034668922424
507: 0.9997202754020691,0.0016193465562537313,0.00019665947183966637,0.00016651743499096483,0.9982343912124634,0.9997072815895081
508: 0.9997230172157288,0.001596258021891117,0.00019477971363812685,0.00016536035400349647,0.9982361793518066,0.9997110962867737
509: 0.999725878238678,0.001572762499563396,0.00019281473942101002,0.00016413693083450198,0.9982385635375977,0.9997151494026184
510: 0.9997286200523376,0.0015511808451265097,0.0001909651473397389,0.0001629746111575514,0.9982413053512573,0.9997188448905945
511: 0.9997312426567078,0.0015306678833439946,0.00018923143215943128,0.00016189661982934922,0.9982433319091797,0.999722421169281
512: 0.999734103679657,0.0015075849369168282,0.00018722224922385067,0.0001606297300895676,0.9982455968856812,0.9997263550758362
513: 0.9997369647026062,0.0014851712621748447,0.00018536356219556183,0.00015949223597999662,0.9982460737228394,0.9997301697731018
514: 0.999739944934845,0.0014623188180848956,0.00018334646301809698,0.00015821702254470438,0.9982483386993408,0.9997342228889465
515: 0.9997424483299255,0.001441811677068472,0.00018159272440243512,0.00015713316679466516,0.9982491731643677,0.9997377991676331
516: 0.9997451901435852,0.001421188353560865,0.00017977772222366184,0.00015599677863065153,0.9982505440711975,0.9997413754463196
517: 0.9997475743293762,0.0014022518880665302,0.0001781462342478335,0.00015499108121730387,0.9982510209083557,0.999744713306427
518: 0.9997500777244568,0.0013841281179338694,0.00017648932407610118,0.00015393945795949548,0.9982525706291199,0.9997479319572449
519: 0.9997523427009583,0.0013663292629644275,0.00017497458611615002,0.00015301894745789468,0.9982518553733826,0.9997510313987732
520: 0.9997547268867493,0.001348253688775003,0.00017332204151898623,0.00015197084576357156,0.9982522130012512,0.9997542500495911
521: 0.9997572302818298,0.0013291940558701754,0.00017164109158329666,0.00015092387911863625,0.9982505440711975,0.9997575879096985
522: 0.999760091304779,0.0013076930772513151,0.00016967086412478238,0.00014966876187827438,0.9982492923736572,0.9997615218162537
523: 0.9997629523277283,0.0012871951330453157,0.00016777044220361859,0.00014845197438262403,0.9982483386993408,0.9997652173042297
524: 0.9997653365135193,0.0012695566983893514,0.00016611447790637612,0.00014738721074536443,0.9982476234436035,0.9997684359550476
525: 0.9997673630714417,0.0012537625152617693,0.00016477341705467552,0.000146578109706752,0.9982442855834961,0.9997711777687073
526: 0.9997696280479431,0.0012371729826554656,0.00016322577721439302,0.00014559841656591743,0.998242974281311,0.999774158000946
527: 0.9997718930244446,0.001221030717715621,0.0001617065427126363,0.00014463409024756402,0.998241662979126,0.9997770190238953
528: 0.9997742772102356,0.0012042118469253182,0.00016011363186407834,0.00014362054935190827,0.9982398748397827,0.9997801184654236
529: 0.9997765421867371,0.0011873658513650298,0.00015850526688154787,0.00014259180170483887,0.9982378482818604,0.9997832179069519
530: 0.9997788071632385,0.0011714715510606766,0.00015699972573202103,0.00014163402374833822,0.9982351064682007,0.9997860789299011
531: 0.99978107213974,0.001155799487605691,0.00015550862008240074,0.00014068360906094313,0.9982321858406067,0.9997888207435608
532: 0.9997829794883728,0.0011411367449909449,0.00015422758588101715,0.00013990943261887878,0.9982272982597351,0.9997914433479309
533: 0.9997850060462952,0.0011268288362771273,0.00015285590779967606,0.0001390334073221311,0.9982244372367859,0.999794065952301
534: 0.9997870326042175,0.001112649217247963,0.00015145816723816097,0.00013812666293233633,0.9982218146324158,0.9997966885566711
535: 0.9997891783714294,0.001097747590392828,0.00014999850827734917,0.00013718527043238282,0.9982183575630188,0.9997994303703308
536: 0.9997914433479309,0.0010822707554325461,0.0001484625827288255,0.00013618844968732446,0.998214602470398,0.9998021721839905
537: 0.9997934699058533,0.0010677268728613853,0.00014704119530506432,0.00013527637929655612,0.998210072517395,0.9998049139976501
538: 0.9997957348823547,0.0010535205947235227,0.00014555857342202216,0.00013428858073893934,0.9982073307037354,0.9998075366020203
539: 0.9997976422309875,0.0010400657774880528,0.00014425958215724677,0.00013346160994842649,0.9982022047042847,0.9998099207878113
540: 0.9997994303703308,0.001026750891469419,0.00014300300972536206,0.00013267276517581195,0.9981960654258728,0.9998123049736023
541: 0.9998014569282532,0.0010134981712326407,0.00014167548215482384,0.00013180836685933173,0.9981912970542908,0.9998148083686829
542: 0.999803364276886,0.0010009014513343573,0.00014036228822078556,0.00013093400048092008,0.9981874823570251,0.9998171925544739
543: 0.9998051524162292,0.0009889600332826376,0.00013917706382926553,0.0001301687880186364,0.9981818199157715,0.9998193383216858
544: 0.9998069405555725,0.0009769332828000188,0.00013792148092761636,0.00012933426478412002,0.9981774091720581,0.9998216032981873
545: 0.9998087286949158,0.0009653042070567608,0.00013669728650711477,0.00012851477367803454,0.9981732368469238,0.9998237490653992
546: 0.999810516834259,0.0009540010942146182,0.00013550787116400898,0.00012771629553753883,0.9981689453125,0.9998257756233215
547: 0.9998120665550232,0.0009436143445782363,0.0001344270713161677,0.00012699628132395446,0.9981642365455627,0.9998276233673096
548: 0.9998138546943665,0.000932313094381243,0.00013325166946742684,0.00012621279165614396,0.9981583952903748,0.9998297691345215
549: 0.9998158812522888,0.0009199458290822804,0.00013185061106923968,0.00012523322948254645,0.9981546998023987,0.9998321533203125
550: 0.9998167157173157,0.0009115999564528465,0.00013128554564900696,0.00012497494753915817,0.9981422424316406,0.999833345413208
551: 0.9998183846473694,0.0009011131478473544,0.00013016679440625012,0.00012421801511663944,0.9981369972229004,0.9998353719711304
552: 0.9998201727867126,0.0008899120730347931,0.00012897759734187275,0.00012341422552708536,0.9981309771537781,0.9998373985290527
553: 0.9998217225074768,0.0008794251480139792,0.00012787959713023156,0.0001226811291417107,0.9981244206428528,0.9998393058776855
554: 0.9998235106468201,0.000868439266923815,0.0001266853214474395,0.00012186637468403205,0.99811851978302,0.9998414516448975
555: 0.9998251795768738,0.0008580678259022534,0.0001255919924005866,0.00012113635602872819,0.9981112480163574,0.9998432397842407
556: 0.9998268485069275,0.00084723747568205,0.0001244203740498051,0.00012033975508529693,0.9981040954589844,0.9998452663421631
557: 0.9998284578323364,0.0008364441455341876,0.00012325933494139463,0.00011955069203395396,0.9980962872505188,0.9998472929000854
558: 0.9998302459716797,0.0008254899294115603,0.00012207339750602841,0.00011873972835019231,0.9980875849723816,0.9998493194580078
559: 0.9998317956924438,0.0008157242555171251,0.00012101223546778783,0.0001180119943455793,0.9980792999267578,0.9998511075973511
560: 0.999833345413208,0.0008061170228756964,0.00011998078116448596,0.00011730909318430349,0.9980704188346863,0.9998528957366943
561: 0.9998346567153931,0.0007975283078849316,0.00011916235234821215,0.00011679164890665561,0.9980587363243103,0.999854326248169
562: 0.9998362064361572,0.0007878750329837203,0.00011809541319962591,0.0001160478568635881,0.9980498552322388,0.9998561143875122
563: 0.9998377561569214,0.0007785076159052551,0.00011705756332958117,0.00011532188364071772,0.9980409741401672,0.9998579025268555
564: 0.999839186668396,0.0007696588872931898,0.00011609789362410083,0.00011465675925137475,0.9980316758155823,0.9998594522476196
565: 0.9998407363891602,0.000760646362323314,0.00011507747694849968,0.00011393015302019194,0.9980231523513794,0.9998611211776733
566: 0.9998421669006348,0.0007516945479437709,0.0001140885433414951,0.00011323470243951306,0.9980131387710571,0.999862790107727
567: 0.9998435974121094,0.0007430061232298613,0.00011311328853480518,0.00011254038690822199,0.9980035424232483,0.9998644590377808
568: 0.999845027923584,0.0007347496575675905,0.00011219653970329091,0.00011189054202986881,0.9979934692382812,0.9998658895492554
569: 0.9998464584350586,0.0007263248553499579,0.00011123353033326566,0.00011119419650640339,0.9979835748672485,0.9998674392700195
570: 0.9998476505279541,0.0007187541341409087,0.00011038336378987879,0.00011058386007789522,0.997973620891571,0.9998688697814941
571: 0.9998489618301392,0.0007114110048860312,0.00010956582264043391,0.00010999858932336792,0.997963547706604,0.9998701810836792
572: 0.9998501539230347,0.0007038459880277514,0.00010870424739550799,0.00010937374463537708,0.9979536533355713,0.9998716115951538
573: 0.9998514652252197,0.0006966391811147332,0.00010789727821247652,0.00010879478213610128,0.997943103313446,0.9998729228973389
574: 0.9998524188995361,0.0006903118337504566,0.00010725092579377815,0.00010835734428837895,0.9979307651519775,0.9998739957809448
575: 0.9998536109924316,0.0006833265069872141,0.00010646216105669737,0.00010778960859170184,0.9979198575019836,0.9998753070831299
576: 0.9998548030853271,0.0006761056720279157,0.00010565137927187607,0.00010720399586716667,0.9979077577590942,0.9998766183853149
577: 0.9998559951782227,0.0006694282637909055,0.00010488747648196295,0.00010664627188816667,0.997896671295166,0.9998778104782104
578: 0.9998570680618286,0.0006629172712564468,0.000104129096143879,0.00010608457523630932,0.9978862404823303,0.9998791217803955
579: 0.9998581409454346,0.0006566074443981051,0.00010339768778067082,0.00010554122127359733,0.9978759288787842,0.9998801946640015
580: 0.9998592138290405,0.0006506137433461845,0.00010272214422002435,0.00010504511737963185,0.9978647828102112,0.999881386756897
581: 0.9998602867126465,0.0006445668404921889,0.00010201286931987852,0.00010451138223288581,0.9978541731834412,0.9998824596405029
582: 0.9998612403869629,0.000638715224340558,0.00010136242053704336,0.00010403441410744563,0.9978417158126831,0.9998835325241089
583: 0.9998624324798584,0.0006321245455183089,0.00010059681517304853,0.00010345804184908047,0.9978285431861877,0.9998847246170044
584: 0.9998636245727539,0.0006255404441617429,9.982907067751512e-05,0.00010287987242918462,0.9978142976760864,0.9998859167098999
585: 0.9998646974563599,0.0006190803251229227,9.907541243592277e-05,0.00010231166379526258,0.9977995753288269,0.9998871088027954
586: 0.9998658895492554,0.0006123158382251859,9.827983740251511e-05,0.00010170797759201378,0.9977838397026062,0.9998883008956909
587: 0.9998670816421509,0.0006057289429008961,9.750746539793909e-05,0.00010112270683748648,0.9977675676345825,0.9998894929885864
588: 0.9998681545257568,0.0005996616091579199,9.680003859102726e-05,0.00010059133637696505,0.9977515339851379,0.9998906850814819
589: 0.9998692274093628,0.0005934900254942477,9.60717152338475e-05,0.00010003996430896223,0.9977350234985352,0.9998917579650879
590: 0.9998703002929688,0.0005875205970369279,9.535197023069486e-05,9.949122613761574e-05,0.9977192282676697,0.9998928308486938
591: 0.9998713731765747,0.0005814891774207354,9.464519825996831e-05,9.89573891274631e-05,0.997701108455658,0.9998939037322998
592: 0.9998724460601807,0.0005756823229603469,9.395154484082013e-05,9.842868166742846e-05,0.9976835250854492,0.9998949766159058
593: 0.9998733997344971,0.0005703344359062612,9.330070315627381e-05,9.792771015781909e-05,0.9976676106452942,0.9998960494995117
594: 0.9998743534088135,0.0005652256077155471,9.269686415791512e-05,9.74692520685494e-05,0.9976510405540466,0.9998968839645386
595: 0.9998751878738403,0.000560169923119247,9.210361167788506e-05,9.702237730380148e-05,0.9976335763931274,0.999897837638855
596: 0.9998762607574463,0.0005544994492083788,9.141716145677492e-05,9.649737330619246e-05,0.9976141452789307,0.9998989105224609
597: 0.9998772144317627,0.0005492328200489283,9.07855064724572e-05,9.601869533071294e-05,0.99759441614151,0.9998998641967773
598: 0.9998782873153687,0.00054362224182114,9.009591303765774e-05,9.54889110289514e-05,0.9975736737251282,0.9999008178710938
599: 0.9998792409896851,0.0005383513635024428,8.945744048105553e-05,9.500291344011202e-05,0.997552216053009,0.9999017715454102
600: 0.9998801946640015,0.0005332466680556536,8.882120164344087e-05,9.45136125665158e-05,0.9975320100784302,0.9999027252197266
601: 0.9998810291290283,0.0005286280065774918,8.828649879433215e-05,9.41193284234032e-05,0.9975098371505737,0.9999035596847534
602: 0.9998818635940552,0.0005238979938440025,8.770641579758376e-05,9.367404709337279e-05,0.9974888563156128,0.9999043941497803
603: 0.9998828172683716,0.0005191417876631021,8.712507406016812e-05,9.322333062300459e-05,0.9974662065505981,0.9999052286148071
604: 0.9998836517333984,0.0005143281887285411,8.653735130792484e-05,9.276194032281637e-05,0.9974420070648193,0.9999061822891235
605: 0.9998844861984253,0.0005096207023598254,8.596482075517997e-05,9.23091865843162e-05,0.9974172115325928,0.9999070167541504
606: 0.9998854398727417,0.0005049057072028518,8.537995745427907e-05,9.184014925267547e-05,0.9973920583724976,0.9999078512191772
607: 0.9998863935470581,0.0004997174255549908,8.473028719890863e-05,9.13164476514794e-05,0.9973624348640442,0.9999088048934937
608: 0.9998873472213745,0.0004943909007124603,8.406864071730524e-05,9.078490984393284e-05,0.9973292350769043,0.9999097585678101
609: 0.9998883008956909,0.0004893523873761296,8.343308581970632e-05,9.027015039464459e-05,0.9972977042198181,0.9999107122421265
610: 0.9998892545700073,0.00048482714919373393,8.287002856377512e-05,8.981618884718046e-05,0.9972678422927856,0.9999115467071533
611: 0.9998900890350342,0.00048042795970104635,8.231006358982995e-05,8.935683581512421e-05,0.9972391128540039,0.9999122619628906
612: 0.9998908042907715,0.0004761458549182862,8.177259587682784e-05,8.891814650269225e-05,0.9972090125083923,0.9999130964279175
613: 0.9998917579650879,0.00047161654219962656,8.119658741634339e-05,8.844559488352388e-05,0.9971758127212524,0.9999139308929443
614: 0.9998925924301147,0.000466863188194111,8.059118408709764e-05,8.795155736152083e-05,0.997138500213623,0.9999147653579712
615: 0.9998935461044312,0.000462423253338784,8.002777030924335e-05,8.749240078032017e-05,0.9971019625663757,0.999915599822998
616: 0.9998942613601685,0.00045814254553988576,7.947533595142886e-05,8.703912317287177e-05,0.9970658421516418,0.9999163150787354
617: 0.9998952150344849,0.00045370246516540647,7.890504639362916e-05,8.657366561237723e-05,0.9970249533653259,0.9999171495437622
618: 0.9998959302902222,0.0004495194007176906,7.836940494598821e-05,8.613722457084805e-05,0.9969845414161682,0.9999178647994995
619: 0.999896764755249,0.0004455652670003474,7.78612302383408e-05,8.572112710680813e-05,0.9969460368156433,0.9999186992645264
620: 0.9998974800109863,0.0004418287135194987,7.737848500255495e-05,8.532493666280061e-05,0.9969090819358826,0.9999192953109741
621: 0.9998981952667236,0.0004380996397230774,7.689953781664371e-05,8.493114728480577e-05,0.996870219707489,0.9999200105667114
622: 0.9998989105224609,0.0004346878849901259,7.646773156011477e-05,8.45803806441836e-05,0.9968318343162537,0.9999206066131592
623: 0.9998995065689087,0.00043120337068103254,7.601776451338083e-05,8.420921221841127e-05,0.9967929720878601,0.9999212026596069
624: 0.999900221824646,0.0004276471445336938,7.556301716249436e-05,8.383247768506408e-05,0.9967513084411621,0.9999219179153442
625: 0.9999009370803833,0.0004241369606461376,7.511708099627867e-05,8.346459799213335e-05,0.9967072606086731,0.999922513961792
626: 0.999901533126831,0.0004208065802231431,7.469086995115504e-05,8.311370038427413e-05,0.9966641068458557,0.9999231100082397
627: 0.9999022483825684,0.00041752925608307123,7.426232332363725e-05,8.27575713628903e-05,0.9966216087341309,0.9999237060546875
628: 0.9999028444290161,0.0004143322876188904,7.385222852462903e-05,8.241790055762976e-05,0.9965768456459045,0.9999241828918457
629: 0.9999035596847534,0.0004109080764465034,7.340512092923746e-05,8.20366622065194e-05,0.9965285658836365,0.999924898147583
630: 0.9999041557312012,0.00040757801616564393,7.297149568330497e-05,8.166622137650847e-05,0.9964783787727356,0.9999254941940308
631: 0.9999048709869385,0.0004043604712933302,7.255489617818967e-05,8.131180220516399e-05,0.9964264035224915,0.999925971031189
632: 0.9999054670333862,0.0004012216522824019,7.214954530354589e-05,8.096577948890626e-05,0.9963729381561279,0.9999265670776367
633: 0.999906063079834,0.0003982165071647614,7.175488281063735e-05,8.062631241045892e-05,0.9963200092315674,0.9999271631240845
634: 0.9999066591262817,0.000395109731471166,7.1350259531755e-05,8.028053707676008e-05,0.9962605834007263,0.9999276399612427
635: 0.9999072551727295,0.00039201040635816753,7.094595639500767e-05,7.993456529220566e-05,0.996198832988739,0.9999282360076904
636: 0.9999078512191772,0.0003888046776410192,7.052256114548072e-05,7.956966874189675e-05,0.9961329698562622,0.9999288320541382
637: 0.9999085664749146,0.0003856944676954299,7.011486013652757e-05,7.921535870991647e-05,0.9960646033287048,0.9999293088912964
638: 0.9999091625213623,0.000382308877306059,6.966485671000555e-05,7.881916826590896e-05,0.995984673500061,0.9999299049377441
639: 0.9999098777770996,0.0003787196765188128,6.918586586834863e-05,7.839548925403506e-05,0.9958934783935547,0.9999306201934814
640: 0.9999105930328369,0.0003753158380277455,6.874130485812202e-05,7.8003024100326e-05,0.9957985281944275,0.9999312162399292
641: 0.9999111890792847,0.0003721152897924185,6.83102771290578e-05,7.761888991808519e-05,0.9957072138786316,0.999931812286377
642: 0.9999117851257324,0.0003691702149808407,6.791834312025458e-05,7.727429328951985e-05,0.9956157207489014,0.9999322891235352
643: 0.9999123811721802,0.0003662899835035205,6.754037895007059e-05,7.694296800764278e-05,0.995517909526825,0.9999327659606934
644: 0.9999130964279175,0.00036317057674750686,6.711464084219187e-05,7.656047091586515e-05,0.9954106211662292,0.9999333620071411
645: 0.9999136924743652,0.00036027890746481717,6.672161543974653e-05,7.620654650963843e-05,0.9953048229217529,0.9999338388442993
646: 0.9999141693115234,0.0003575683804228902,6.636942271143198e-05,7.589513552375138e-05,0.9951937794685364,0.9999343156814575
647: 0.9999147653579712,0.000355031545041129,6.602954090340063e-05,7.559573714388534e-05,0.9950878024101257,0.9999347925186157
648: 0.9999152421951294,0.00035259604919701815,6.570586265297607e-05,7.531324808951467e-05,0.9949782490730286,0.9999352693557739
649: 0.9999157190322876,0.00034995682653971016,6.534276326419786e-05,7.49938262742944e-05,0.9948569536209106,0.9999357461929321
650: 0.9999163150787354,0.0003473664983175695,6.500032759504393e-05,7.469813135685399e-05,0.9947232007980347,0.9999361038208008
651: 0.9999167919158936,0.0003446885384619236,6.46315747871995e-05,7.437309250235558e-05,0.9945817589759827,0.999936580657959
652: 0.9999172687530518,0.0003422927693463862,6.43210150883533e-05,7.41041440051049e-05,0.9944361448287964,0.9999370574951172
653: 0.99991774559021,0.0003397969121579081,6.3991617935244e-05,7.38137896405533e-05,0.9942740797996521,0.9999374151229858
654: 0.9999183416366577,0.0003372968640178442,6.366251909639686e-05,7.352203829213977e-05,0.9940973520278931,0.999937891960144
655: 0.9999188184738159,0.00033482236904092133,6.333057535812259e-05,7.322529563680291e-05,0.9939124584197998,0.9999383687973022
656: 0.9999192953109741,0.0003323193232063204,6.299447704805061e-05,7.2925649874378e-05,0.9937094449996948,0.9999387264251709
657: 0.9999197721481323,0.0003298293158877641,6.267934804782271e-05,7.264890882652253e-05,0.993477463722229,0.9999392032623291
658: 0.9999203681945801,0.0003271514142397791,6.232061423361301e-05,7.232762436615303e-05,0.9932202100753784,0.9999396800994873
659: 0.9999208450317383,0.0003245376574341208,6.196670437930152e-05,7.20100142643787e-05,0.9929428100585938,0.999940037727356
660: 0.9999213218688965,0.00032235411345027387,6.168877007439733e-05,7.177246880019084e-05,0.9926669001579285,0.9999403953552246