1: 0.3435106064783921,0.7537423812871353,1.2281287374758196,1.0313491248056446,1.3389190693209403,1.129796625903594
2: 0.7993528270159095,0.5982583848041256,0.6770908940330459,0.4777121985599083,0.39429806353934305,0.42876683361286944
3: 0.9014686459862238,1.0965614021822525,-0.33699008832652655,0.6074823115738498,0.6863077374843243,0.3598803109250322
4: 0.6018962152258202,0.8355910772897018,0.49068029513787803,-0.4816288070852712,1.3904928438018669,0.9395868428727597
5: 0.6684485319934421,0.9274027856477922,0.29095425837544237,1.155497255821929,0.7284366870065215,0.32984075621189607
6: 0.058262885771191875,0.7675375951303118,0.5233793359293852,0.6747308222295406,0.6906627859876423,0.8144912098328307
7: 1.035655431642453,0.547067101763475,1.1695035773560538,0.4320446976108844,0.9367462286603365,0.7411402306898804
8: -0.49943816600916957,0.7443108749491902,1.110904796452422,0.5314569671998169,0.5552351091273848,0.5748819934689471
9: 0.0754825313769028,1.2108597482739671,0.6020816877054588,0.4580211559239528,0.20959766382312334,0.37492324435012336
10: 0.2606643067228601,0.879289687099808,0.34049857114582316,0.16866093898263818,0.3802944202942723,0.8043530522890008
11: -0.2381983943905409,-0.08637540028079138,0.8177865920419769,0.8258787811970374,0.5561749203949351,0.21447800491664293
12: 0.29829183912497803,0.1114511982805586,0.9949982531353088,-0.29519038136620235,0.7139114819156511,0.47676991839396515
13: 1.1636341689169964,-0.7453904067405381,0.9558277636600911,-0.002496182471844355,-0.08441871170804982,0.8886136968178866
14: -0.24225584347850448,-0.048242028568333595,1.0585651239856064,0.25267522235779416,0.6481643939965979,0.6660785725149563
15: 0.17435145876017638,1.0486616329900769,-0.08470824793978515,0.1130739013355549,-0.04208996331246062,0.04388550747017417
16: 0.7170677792651127,0.22031389723834222,0.06290701038548985,0.2896739402863301,0.5497739329485947,-0.10278997360132192
17: 0.8425987442171425,0.5164935771963866,0.9760033791230698,0.03487789465732666,0.4491314951487625,0.7240900583883411
18: 0.5523530719734483,0.13849895537019014,1.4330024086646456,0.7109199952350537,0.5929242029562206,0.051492522978157484
19: 1.1349719146921557,0.6208740664078152,1.016172418042936,0.02898632819907143,0.20242198864566557,0.008464648630858052
20: 1.2317372640667423,0.3788362670564227,0.2091047831082865,-0.06553254094695826,1.253871290193774,-0.1100358913125078
21: 0.7628873055716481,0.843193531528994,0.6853378070329113,0.08139887366011495,1.0104794524157232,0.8823589307153115
22: 0.6996856935506056,0.4971497841803233,0.5241232411389103,0.33760458023619966,0.2842677822457763,0.04553892541655663
23: 0.2749212048216119,-0.21796931756846905,0.5693336386198872,0.18443515935475063,1.523095548897966,0.20117460482296506
24: 0.10376646975483583,1.0882906085859625,0.5246266213895694,0.5857167699531066,-0.013165932322734664,0.5784712755843274
25: 0.16850389120272657,1.251095210048139,0.7324313828258112,0.9313231859310127,0.013702009767676993,0.46144270082072864
26: 0.04963279072521409,1.0010082766096762,0.5773741058675804,0.8459034698444943,0.5404712026287505,0.9810402181107332
27: 0.3092501482484865,-0.06508347340510134,-0.021772674232538813,0.4300582321672769,0.43572116960130425,0.20348258477093079
28: 1.072974477823836,0.5874646624426049,0.7386348876206819,0.2186551467006248,0.5035544545001669,0.6140358795504886
29: 0.9592165957425147,1.0465326433616466,0.9424400281054088,1.1915556091739719,-0.09327172548757678,0.29943704163616847
30: 1.0731741874096528,-0.028946558037414194,0.25183512671055935,0.5279510868769428,-0.4762254488581976,0.3810061696331169
31: -0.34697793595589255,-0.01608634166777223,0.2635125040659697,0.4787194461708757,1.2061581610402456,-0.3247826175924662
32: 0.0053582301088280215,1.4182788617782043,0.2858250051031198,0.44794369237187404,0.8583534923295695,-0.014715581892099316
33: 0.24694887434714985,-0.4418135653539501,0.4096788017282911,0.36304567075568955,0.7109736236992987,0.7243415239355502
34: 0.1044051157951687,0.8467978843013857,1.131196387334438,0.7515933041821132,-0.07069020435170859,-0.1375192242377662
35: 0.4481850372664026,0.23884779676557233,1.2296864341374834,0.7738565321847479,-0.26472867565727676,-0.024101809785082806
36: 0.24054658999776413,-0.09599716170889416,0.5008038148388979,1.0470703286593919,0.40747116719436427,-0.10801055793937742
37: 0.03233836794078371,0.3836350249346575,0.5132889094730808,0.6645498390831392,-0.6477471596196438,1.4287833292713186
38: 0.8686107764905691,0.5598483960645596,1.1345696347704537,0.021555941813408086,0.49752096206515867,0.1712157168630527
39: -0.16124548312190523,0.09419239663529211,0.3016817045629929,-0.024420592711905553,0.399291681488648,-0.385745413928974
40: 0.2115166820950986,0.6185755455709532,0.43284643423650443,0.2556625251080245,1.0605144851862054,0.7060834475954798
41: 0.7158581180002357,1.1367145880684297,0.494870524720631,0.5277495117331603,0.581534010802634,0.46894495001958036
42: 0.6089745192498099,0.060209166681670256,0.710628566223806,1.1552929122233535,0.5446202957371797,-0.027232653829533215
43: 0.7664383484304172,0.13655641194452822,0.24056521619086746,0.5735609213604907,0.3195939263293111,0.19437860737931872
44: 0.5398184911584868,0.43884362374973995,0.8315465067395841,1.2118110160817168,-0.16147317058198507,0.5826651147669072
45: 0.5807057754017748,0.478445338164486,0.5571278336519557,0.2343891531397001,0.6663222691318558,0.6589669858614029
46: 0.7951420525560083,0.9916820171191952,1.0623059300251263,0.7945544414613439,1.2036011546775578,0.0906087675128483
47: -0.00821347592871291,1.1305399195400905,0.7426739221014361,1.0314345988216687,0.6026192587154002,0.6095686593499863
48: 0.967878683915601,0.9303466628630845,0.9438081014588086,1.07093722077914,0.29350966469934003,0.6235612284445509
49: 0.33518225556839465,0.5970760110233442,-0.23223365645782668,0.7667355645197126,1.1214939644198743,1.0010944766026415
50: 0.6301745836798126,0.6691927757463498,0.6353863331226343,0.12698457685565007,0.6570963012818378,0.7485198113238856
51: -0.6864258737626399,-0.08110710344019934,1.2431452506397513,0.17527509968931665,-0.40727011740121766,0.7228320534301403
52: 0.49093281356673274,0.18689655603740585,0.645650369982988,0.5710455089797883,1.0860714385857222,0.3860612468307817
53: 0.04731603925063732,0.7532159232083343,0.553048769733181,0.4281970901668054,1.0647079953478342,0.2758298572877188
54: 0.04946235483553041,0.18427412319308406,-0.06201256324331095,-0.04904108113064376,1.0564214649056898,-0.3596689044229321
55: 0.8060664652480904,0.35618600194467903,0.9910263106920807,0.4329221352328754,-0.02943969304932137,-0.011292573317839394
56: 0.8828717192467936,0.6225048014117978,0.10889270902464215,-0.02370907525570287,0.37989789993363565,0.8892096933545766
57: 0.42160328858431495,-0.17171204290249253,0.42877349418223704,0.8487258944684137,0.20476205034261052,0.4646640836016568
58: -0.0072609694915975465,0.19216566853796502,0.6293705835399032,-0.10088581845389322,-0.33976454544858026,1.0193249372606583
59: 0.2790954039085103,-0.1672998610753189,0.5010495245061334,0.30962190199926165,1.2120571272273266,0.473547918943558
60: 0.7058237102736065,0.42308472058020186,0.5759570191671669,0.27104824666554456,0.06354445754494364,0.28767412142278115
61: 0.09583565590475007,1.3759995464076433,0.08624729084451443,0.7463421757233453,0.6441063154216065,0.580772227444171
62: 1.3543082975611804,0.4722081142646673,0.08003189984185821,0.39524321492819836,0.8188589258368721,1.1987546869598356
63: 1.1670813711739372,0.832023000055409,-0.5519423901045102,1.219550303748661,0.24863039939545784,0.2908471609978133
64: 1.0070101649591736,0.5695847560337333,-0.05946603142066437,0.8547287719792985,0.459645992758369,0.3026825256929158
65: 0.7798906511632874,1.4047764160220053,0.4612363365441649,0.7293287527172435,0.6604496671842486,0.7240457109087434
66: 1.2357555591620406,0.7753710647031967,1.1534740208112342,0.3314791141567618,1.2794951294338006,0.9680878943308209
67: 1.262738601192121,1.2611779965783525,-0.35007731080376475,1.1230336567042907,1.0165346835161602,1.0286335271000375
68: 0.22320813493529823,0.4208532840127126,-0.13609703914397908,0.6922991074134054,0.5544236876752235,0.9259786669804488
69: 0.6416624022208814,0.8041495449190705,0.398463604911542,1.3873402869616536,1.3048730568803042,1.004039747118344
70: 1.2798525349515995,1.1829632314234344,-0.27787940744682865,0.3067976726925159,1.14401427983596,1.074222380071834
71: 1.2241923946730842,1.171216014080952,-0.15120352906201834,1.1439063739708457,0.809690492563303,0.934819127545541
72: 1.6424114233066573,0.4587104181118115,0.10404366103601947,0.6080943114438455,0.901936229891971,0.5482260590109806
73: 0.8327457829069332,0.7453577185501743,-0.36518589115215594,0.9932479062969742,0.44072276502697666,1.3444232803777059
74: 1.0661301861383774,1.032104137164964,0.1482453822920391,0.4757886989517637,0.7828349651023576,0.8339579356001972
75: 1.0133220835383852,1.1760803229065542,0.07093835930633846,0.936932096551296,0.7893984339702125,1.1326046833253276
76: 1.1881346696646178,0.8199275711808273,-0.06994519038503526,0.9702706571624257,0.17105187890853069,1.6650207418429388
77: 0.1526559272114707,1.054696823149538,-0.2686294861066483,0.8098346506396127,0.997844192708144,0.8999435255869045
78: 1.4129027448040998,1.5806053746833237,-0.014063113140959385,1.1470264012776235,1.5101459153454215,0.9948439503311192
79: 0.7454910490661423,1.3327576050120042,-0.30024021453814054,0.5689268209614566,1.1858762430765442,1.2376790642777036
80: 1.1569830668703995,1.0935169244889078,0.08486653204268303,0.9051776576711135,0.25993400061315375,0.4798128638203634
81: 1.0515827143054366,1.2806482700843278,0.0788326090678067,0.41232752835558895,0.7475831257012029,1.175727047511491
82: 1.0735008073344734,1.0249400955982981,0.15334685879733814,0.9476433655998909,1.0874032800975173,1.2811553692440194
83: 1.0510820989384406,0.8747183143472953,-0.1411210153788053,0.8865435629643148,1.0638039248185853,1.1740691949439535
84: 1.6027233976637985,1.3518463370376694,0.029238161693141168,1.1704328393492611,1.587981355513721,0.40527789860416175
85: 1.6200805438947914,1.2646656304926416,0.30249841011087636,1.0849397678952915,0.9436980331829651,1.1429673437608416
86: 0.4623735266915914,1.185928553491977,0.21625688354798442,0.6596958235771111,0.5245321983423917,0.6227426064488185
87: 1.0024932191343316,0.9278952719894223,0.4796611666641788,0.5335874006424408,0.5885537651444661,1.0328977915762865
88: 1.7795248713410785,0.35429325177867443,0.7561565897340148,1.079655808953968,0.926325380215736,0.6292661785657612
89: 0.5921853909866323,0.8551202262473235,0.3290957158300913,0.7704185162616345,1.2576721845550574,0.7119856918853716
90: 0.7129073352579535,0.5689171517359684,-0.6770536632406613,0.7181474140907868,0.9575773606443653,0.9354546701655252
91: 0.6994344811320553,1.3017461419696146,0.05668679125811931,1.538692786510692,1.079740879512766,0.49206342368186956
92: 1.04952025080596,0.7175166455383934,0.37096567729993113,0.6833264775870305,0.8386477846021185,1.003206510948526
93: 0.8994767525218162,0.748306151871738,0.1270564623044359,1.2287211268942246,0.9324300307238118,1.6093179276949379
94: 0.654620107097461,0.6984771925011549,-0.17676041738649637,1.1657828289871912,1.479254767664194,1.1556882786936686
95: 1.1788210117331297,1.1733335344480593,0.11074680738316371,0.5566186957972634,1.0688719120508512,1.1658275532234075
96: 1.3145758094657631,1.3977602421109947,-0.009985248838726948,1.1747981497027802,1.0213108829878792,1.2496947632399609
97: 0.9221790544885751,0.9851205862690889,0.07490288717104626,1.2669996049934662,1.2164749123526466,0.8314779224691217
98: 1.0894215489077659,0.7196430340318256,0.34527669615097817,0.6313683516343519,1.0034034536410963,0.4696066415581066
99: 1.362898516568612,0.9910233200315792,0.10797184176585752,1.516796262375808,0.8523831709081615,0.6337970793371417
100: 1.1067222119559563,1.0858031466216531,0.37686077448612953,0.5623388845045137,1.4123386511606495,1.095669525421553
101: 0.5501637831323959,0.9088052960482009,0.18003217177654537,1.1728256248565818,1.0809617617035188,0.7402602435180927
102: 1.627161660006936,1.190345340565925,0.2881846442094505,0.8257090324166892,1.5230091397812178,0.6833711568542719
103: 0.7959269408825009,0.7831574592624211,0.31394412685412904,1.0045815569063734,0.792588847317155,0.6644976427590854
104: 0.9778603009977147,1.3725564948575877,0.007751610136795259,1.4820678360988204,1.2376050209542158,1.2238900533848789
105: 1.0337940159338304,0.8676707739145871,0.16449938850345638,1.0335393908411838,0.9937050014855698,0.7663144944994325
106: 0.9436208491847797,0.6858245671241845,0.20202085198380457,1.2553597079960377,1.019172277415459,0.9652702006647053
107: 0.7568731305364609,1.2320297630043535,-0.10660998492660143,0.8582927500382477,1.3970207597302005,0.5771733971759234
108: 0.13429035397993005,0.9477857715794604,-0.0016184269700458952,0.9940291825736808,0.8173983776206151,1.0230429763746451
109: 1.2539345077656816,0.8357465894038575,-0.3805729284527416,0.7921931335767831,1.0134106404806487,1.0422822638452083
110: 0.8569629522382591,1.3204618384928761,-0.42167363406824704,0.5406201060086073,0.8865924219386168,0.7026887685621432
111: 1.3118411090919828,0.7435362088866485,0.157073026683787,0.7718857360438671,0.6695151955201915,0.3247869654788771
112: 0.8979151337599769,0.7576197596879937,-0.5587601379554927,0.9963475275515785,1.066264672043701,1.0621380967880591
113: 0.9943281648875233,0.6706217264535843,0.09680948990227761,1.3254938453954759,1.2638278783101469,1.6562261072153168
114: 1.1044811732580777,0.9286945018104079,0.02058130464381582,1.1074158186631835,1.2484160127254973,0.7971046364977125
115: 1.2474190561861147,1.0050073077818429,0.34579289476297725,0.6103881141100069,0.9304030797838339,1.3268624979450825
116: 0.9466748875237386,0.3740890436289571,-0.3052366972143417,0.7751685164334183,0.8488137844655812,2.0171471849161757
117: 0.5421373512484522,0.8368982236095179,0.05689752746703559,1.1578535836025643,1.3687292571064478,1.082478042413002
118: 0.4330176474607449,1.0477059557911703,0.26851078917132004,1.089167465011636,1.1633421333510874,0.7519963468671114
119: 0.8911664005489419,0.9805803788641825,-0.4757990771074873,1.0061063553674192,1.0599011842907258,1.081726041885018
120: 1.3039775635004276,0.8925953233736144,-0.12224924508010504,0.8036883174711353,0.6197069481813708,1.350181616726093
121: 0.9361924510248564,0.9193271732836839,0.08223803260289886,0.9319067434592384,1.1123880988846377,0.9050159324886082
122: 0.8305857465189538,1.181694771587757,0.3590325624354838,1.2915809755717174,1.2189620087488453,1.0144493320785457
123: 1.0000514750126674,0.6877129503973514,-0.02142197731072573,0.936216447795815,0.5816063334580457,0.9746483020615545
124: 0.8798896670358353,0.8885506644073249,0.22025030002702065,1.0750988196279594,1.0196947561628698,1.3170951854120907
125: 1.3043478680094849,0.6091475740158666,-0.6480344182486086,1.2692024146520853,0.8703912852892742,1.2500761622899403
126: 1.0776215248442045,0.9957802916678928,-0.09512426309178655,0.9771041699003986,1.1342446343601515,1.100130528721653
127: 0.9180869356747976,0.9936774680622065,-0.19469993449608278,1.4069535552793202,0.879587663034053,1.1347677011174273
128: 0.7594440690409059,1.0316329280618446,-0.08100879818436003,1.2120448598300586,1.4547594426296295,1.1782034284590575
129: 0.6537050008670555,0.9501370676615878,-0.1222636526471381,1.0539382695510164,1.090663242692823,1.1250993088776133
130: 1.4377589250997134,1.092090036854096,-0.161891301846764,1.2300447418441613,0.9816538343709856,1.4301824271584924
131: 0.7278834871371825,0.9204179696335696,-0.15224129445898973,0.8600958216472886,1.1375543268327977,0.4627962647057505
132: 1.1347840321005949,1.4134288971555429,-0.03991455781265388,1.2424003650247468,1.2779777932564715,1.1569832269885914
133: 0.8279752004018249,0.7134528943639121,-0.11022793541940987,0.7230685444997791,1.5701000036443227,0.8203500885741581
134: 0.7168656056369279,1.0785210462892365,-0.5421672961364584,0.851793956820353,1.2303074260283662,0.6220861657871721
135: 0.6862477971528322,1.6709408614540346,0.02308769836857262,1.3072204913851557,0.519407648379763,1.1020676418645592
136: 0.9418298828663219,0.8221576154572674,0.17845259847781997,1.1831165433508624,1.183116917894329,0.6250751122126492
137: 1.0022230008589823,1.1903119019665211,0.13891019451208522,0.6732304934509752,0.722371353561892,0.8620477821595076
138: 0.9502931877400599,0.9015517817223065,-0.1735253833564599,1.1328863521028794,1.1604129406154593,1.2967856292102744
139: 1.2336612698068772,1.2640272610221617,0.08694684650854949,1.271606916559397,1.2656613085562822,0.7412655864145583
140: 1.1910837036742068,0.596693679091304,-0.20696158246573013,0.852268800925297,0.8599091245465247,1.2632109608266295
141: 1.153871082166704,0.9130960726978355,-0.3886119780163127,0.9842007907285059,1.3163389409734516,1.1421183344054755
142: 0.8885992669944516,0.6207265660451935,0.5199337659280464,0.8202978339244037,0.7961526398822657,0.9987876275626769
143: 1.0201846499984526,0.8869709242603758,-0.44493997527984736,0.9857871787888048,0.9758489707951625,0.8391908951251967
144: 0.9630605211962493,1.0745747144540259,0.013412039304842938,0.8648105892106805,1.2056884423084593,1.0131208427466898
145: 0.7608137306585553,1.3773572927202447,0.34530714626940473,0.9777956638769297,0.8699935268946044,1.1514533714493755
146: 1.328019175590319,1.3359307547846053,0.17013145884378586,1.0820156450807878,0.8317757388750839,1.2591832123861115
147: 1.2957300838165562,1.413236176341611,0.031161961850868357,1.1023965965739082,0.8516070360511352,0.7835485813456722
148: 1.2030745305779522,0.7564414389703975,0.13831026123242462,0.906715145174969,0.7858066027701874,0.7849454085311085
149: 0.945875847469015,1.1477215949419857,-0.057498382307192376,1.2567846536607898,0.7751930657990985,1.1387887522506364
150: 1.08725616754139,0.874799002099692,0.1896067592172444,1.0780632475464251,0.944910294952256,0.7520630016343103
151: 0.6699007699562896,0.9973803123318159,0.33798857958330136,1.2111289054061432,1.1559055386820796,0.48528683543696594
152: 0.9856202145981349,0.9086224301789694,0.05172076111695948,0.3346328270332022,0.9478208041995889,1.1433428503349123
153: 1.035680428859702,1.19921912164257,0.10554934376514871,1.0712840729442252,1.4099659773968471,1.0571722926933949
154: 1.258542155144305,0.9125461347718286,-0.09071672809217367,0.9179732170683653,0.6415324021703522,1.4176847171625258
155: 0.6807185930231061,1.332513264753432,-0.017650515234340726,0.6483203023195672,1.2775156684937992,1.5320061104810445
156: 0.8012399085068782,1.276026411019571,-0.03885716301205105,0.7486661997481867,1.3399862964609495,0.6428829561969818
157: 1.1444251331972706,1.0287369951867449,0.22812496141632183,0.8998602179154852,0.9740529869206527,1.2576220474058746
158: 0.9921982497024602,0.8928696812020427,-0.253715462245945,0.9309894524951992,0.7585007633367007,1.1377542458042764
159: 1.1633836932765993,1.1974777958237044,0.07794877230263536,1.2879417996620073,1.0491313049979585,0.8154004555329177
160: 0.8584390921814895,0.7783936747218232,-0.13594893338960484,0.6165551894484356,1.0481009532161445,1.3635780441015006
161: 1.0509849901070518,1.4955071742078405,0.021455969533142126,1.162517485414665,0.6659659136102958,1.2024810704860662
162: 1.5919001378556676,1.050124752998706,0.3774822187682089,1.189133118338723,0.8676517634273996,1.0712127725393485
163: 0.8297298781416196,0.8955582827373836,0.33771693875456715,0.8025405926679876,0.7654980310893972,0.9620307525744504
164: 0.7233816384114317,0.6574095329129306,0.09635416182420775,1.085550748792318,0.8150130943581826,0.862437644974656
165: 1.3198613457563906,1.2991025546277941,0.05543578161974044,0.9019951560481569,0.5348649354117194,0.8828807411008451
166: 0.8554317477684136,0.9054947858698699,-0.2988345560263692,1.3497450280604646,0.6093174727494559,0.9137589003302821
167: 0.6829190764464472,1.6174301915241727,0.4064937377218297,0.9086838560568187,0.5487286059782204,1.0236545256594394
168: 0.8748636380668774,1.045136809232744,-0.016562795329242336,1.110013742158534,0.49268268430902507,0.8128578589380602
169: 1.0860903147503222,0.9023373652802816,0.04479438392987735,1.5245245114827988,0.6726272713427168,0.6609049866065896
170: 1.5316443300551634,1.1610130384276196,0.22272493054813602,1.2307465276667946,-0.0704481438916382,0.7816900848793374
171: 0.6963288364795237,1.3041267143708766,-0.055803309475644845,0.7358235767788656,0.4899206991909405,1.248877567436227
172: 0.6051351471836012,1.1039324634582934,0.1551339743358816,0.9553379364048996,-0.036901776615886714,1.1545206369675098
173: 0.7249575246387554,1.173426625588136,-0.32514875375416646,0.9258093193770464,0.36942653567814215,0.7339907111502766
174: 1.0352693325581952,1.1815020961149718,0.3115246455080814,1.0910148620325857,-0.3428794880760042,1.2594823962510937
175: 0.963283673216033,0.9018246903004508,-0.056297978099215724,1.0375623972058874,-0.007917354844436841,1.020945832599177
176: 1.1497680451504522,0.9711033494496003,-0.05507399197092625,1.0550789461608656,-0.06649056563309734,0.9352737780315131
177: 1.0576678854494745,0.6271943797699415,0.11064836579455029,1.0459963213685886,0.328826671828501,0.9235619508769131
178: 0.8543066265525009,0.9788631362342191,-0.04522954368312081,1.1947908361209174,-0.06962295374512598,0.7908042579962279
179: 1.4978119994948116,1.1171028413733564,-0.060543634722741935,1.0016418822410869,-0.028472238586356315,1.0876765555061614
180: 1.1451598287052156,0.8608425007005218,0.09337565293548317,1.0606842161727674,-0.07436306650095549,0.9787730991619753
181: 1.0856926463613545,0.8477174190877542,0.12252863393231714,1.0977273327257668,0.039801695690616506,1.2544649701921635
182: 0.9076893030011279,1.2670925752247653,-0.057537054045762946,1.1329345638752362,0.07263946764806653,0.6834826396169407
183: 1.0517050812875446,1.2163002801061167,0.3096769315356834,1.2042778058378945,0.3438904997017479,0.7566255286608456
184: 0.8395895560105094,1.1373404769653248,0.2085166342069837,1.1260759142005836,-0.17813393083392773,1.0435759217963683
185: 1.1058505542296684,0.984945829218879,-0.1315773921087892,0.9871722073127174,0.03972947980072791,0.7339745633738832
186: 0.7700344122129255,0.9768901842870676,-0.2830679068672466,0.800660742924012,-0.05987719107883478,0.8726944477126027
187: 1.1012474854611174,1.1938935811139033,0.4002164739842743,0.8570626401642486,0.07418089443227827,0.8269938413854935
188: 1.0805352644535846,0.8722948827520234,0.16367099763550383,1.1695890449886164,0.011931770108114942,1.483175478840908
189: 0.9315665360195354,0.8507928254219246,0.12471969651103616,1.063129374621826,0.16975093276058315,1.0474729964254161
190: 1.243090221116668,1.1235728227314432,-0.2598536735623954,0.6028781927145068,0.16441785616678745,1.0044809793919245
191: 0.7650081363210731,1.1036051316209923,0.45790441557707356,0.6778931005204221,0.2792754412708571,1.040853071166861
192: 0.7652358765257188,1.0910570331274485,-0.019026031144950672,1.4270910612807235,0.07166420387887265,1.0914176478823245
193: 0.8941049840215045,1.1745637977303132,-0.0524795537199619,1.2002285092859961,0.24822040494093825,1.4097260355809693
194: 0.7740588197971645,1.265265501726751,0.0010261730426746449,0.7973426587871415,-0.10873579592386125,1.1751744464920386
195: 1.0139587505828997,1.1486358002831405,0.1790746287199759,0.9231747898583618,-0.10672461627360583,0.900496131891648
196: 1.211444643715408,0.9754368658826319,-0.06356155968020821,1.2217308040258805,-0.17103444610468083,1.2782058978821775
197: 0.6277603095494446,1.2044840721926255,-0.1806373950537178,1.1553729408919124,0.23811476937743833,0.9228090967336566
198: 0.75483761929815,0.9706653787090146,-0.09942471630758909,1.1587994933758405,-0.3020741056803936,0.6415445918922114
199: 1.2805104579731563,0.681988576730604,-0.2683241418911199,0.9490641923597457,-0.19359347266673976,1.1816960619431176
200: 1.076734470848432,0.5793726270150987,-0.3872335516516168,1.1614499182100004,-0.133463144930059,0.8688182096561206
201: 0.9701020994322285,1.0617205610861182,0.42783153495265075,1.022172239360442,-0.026087408805718457,0.8876719376397618
202: 0.7412291198526305,1.2086268418283195,0.2814605643385407,0.7805286075352607,-0.07094209119373523,1.2149817806211267
203: 0.9036639768987388,1.0585709726584962,-0.034413723106314235,1.0463660433619368,-0.050450813927816765,1.071310957358575
204: 0.9683123880388442,0.6921590005698877,0.18286071864243802,0.7531810658790414,-0.05541342588364175,1.3925102774090021
205: 1.0459768251256798,1.0647131837434598,-0.14842930787190825,0.9971172538606046,0.08303693277300203,1.2089267496196041
206: 0.9385424131564052,0.8676076355456849,-0.07002908502309364,1.0779547470621829,-0.05603273238499449,1.0393990878153376
207: 0.930903518464199,1.0200371095112293,0.24662865466647219,0.8851471503942833,-0.147667674209953,0.9266547844805728
208: 1.0478415935940426,1.0699081596469384,-0.08271142241529839,0.6185573070333092,-0.03561704481699441,1.093364866127276
209: 1.1562434663703702,1.206942509879529,0.07552741539333097,1.2150795770368468,0.18202018287669236,0.9629973830792294
210: 0.3645463049317915,0.9129222175605248,0.010655810548242273,0.9462835726918302,0.2933066476942474,1.0491418517266955
211: 0.9450521186778488,0.8303633421167039,0.009865715811642113,1.1752480341293499,0.1995108867890456,1.1715437722180353
212: 1.2108485907502684,0.9971834061641625,-0.028225595673362153,0.7860002806367684,-0.004336545113689439,1.0695395260689973
213: 1.137072529749412,0.8353158429362968,0.07222426958415243,1.0249475040721414,0.21672483717266458,0.8715892901804916
214: 1.053946019122943,0.8692555783328697,-0.07745086898078465,0.718459564934697,-0.07072280533552094,0.8975524932074279
215: 0.9108459701398206,1.0370297786849358,0.052176175021993586,0.82855983882432,0.08131534323285276,0.739526158852428
216: 0.972099801583226,1.0336533485328332,-0.058313552095770466,0.7374318676950271,0.14821509696790272,0.8869565941924904
217: 0.9441378876683074,0.9238149379924063,-0.03817354301085329,0.9327293638887988,-0.06395950908468875,1.1533120432348738
218: 1.265423651589205,1.1560171702240325,0.23435880149302596,0.9453316723411278,-0.09433792662973463,1.0579069659300104
219: 0.9428850185742491,0.9434079827369747,0.13784895952719053,1.1102472147813112,-0.09230129946561554,1.3243137184839504
220: 0.7576236789242321,1.1237203795668425,0.2769716610658121,0.9824539212632336,0.22168429651577506,0.7273226380797698
221: 1.036461402514002,1.0310824282734423,0.1461411288481132,1.3182948741354052,0.04974712335627784,0.9289569952070023
222: 0.9411643237033427,0.6383293242349595,-0.04241236935925493,0.6508006336343434,0.07752618388316788,0.9222674917988184
223: 0.9023539291426493,1.1681873538655865,0.00538681255382175,0.9069476791354986,0.038027389784789145,1.0835397240555305
224: 0.9268314300621384,0.8456375844720128,-0.12630325557375532,1.0241951285257653,0.019839138369196152,1.1765329250568155
225: 1.4956821174893515,0.7012793135795715,-0.2187831776013136,0.7035436067593132,-0.08071295704055007,0.875850503513999
226: 1.0229380387664946,0.6817944640065249,-0.002426783797592612,1.0395264539731663,0.07441930898759762,0.8906498988007273
227: 0.8331155020688291,0.9092036485080885,0.01739147303890887,1.0948547144494658,-0.0028752770067272584,1.339566306985752
228: 0.8727753578624173,1.2241960988196166,-0.28723755621338115,0.8425930861607901,0.138228644001392,1.0626391989122885
229: 1.2835880893184546,0.908983778358823,0.05245038772423182,0.9043047985358105,0.09953345309864073,1.1637731118469092
230: 0.8875020333796003,0.7719116884414012,-0.14755756869347553,0.9560983398003887,-0.226325974498513,1.0010822767326204
231: 1.2426740190589993,0.7527675899671799,-0.05637157587507434,0.9471159090151166,0.21084151010237645,1.1783115351238562
232: 1.0474782309178712,1.443367276982556,-0.014473633052590697,0.948526464616198,0.24557893472787712,1.2304947402572335
233: 0.7433667613847599,0.9945768279091016,0.06711688504559778,1.0422661175523347,-0.11835578133674374,0.9844935429136544
234: 0.9445064807806103,1.0709033883253494,-0.0646947734264553,0.9641966620341944,0.02349588379869514,0.8601996769734993
235: 1.1509311192542657,0.8613844043441405,0.02414876079348645,0.8695734373196362,0.001395311713319314,1.2163819288216624
236: 0.7530801063092256,1.1783093850735669,-0.17218235511987245,1.1418513996051027,-0.012620012526868014,1.1232860457982476
237: 1.2532914202930252,0.92342902116149,-0.31459856390120755,1.0824011539884244,-0.13455643321411326,0.8456023980889215
238: 0.9879867083559573,1.07591657105631,-0.21658882383158234,0.9307611132923224,0.05400787817269418,1.088559179267227
239: 0.773819194115867,1.3994268077687642,-0.09077177950754939,1.0214345205502988,0.051951238991551116,0.8947634123410274
240: 0.8671516055967515,0.8348146174671024,-0.07742613161458577,0.8803547181513838,0.030014940140312536,0.9187672727097947
241: 0.9226412458088817,0.8692593756775642,0.08389899034245599,0.9073193725142663,-0.0030134262550707905,1.0299876806951833
242: 0.7397929573618065,0.9726055829686553,-0.11232095835780842,0.8207189067136028,0.050120649909841684,0.8572656357998162
243: 1.3187463063587819,1.2588660780974694,-0.262767278496906,1.1015341018223932,-0.2310541380270795,1.003858942601212
244: 1.0739714669946312,1.1109222739088755,-0.032994565830195846,1.3826821896835362,0.009681662383475332,0.9523291090657072
245: 1.082507153968235,1.1816825168470289,0.211226916244363,1.1834892093335956,0.07116845956397093,1.093493418227255
246: 1.235047061727892,1.1717973430791353,-0.09880942100107568,0.7049062828152048,-0.028587868688207865,1.0708460836717741
247: 1.0506360647414101,1.2707939150396443,0.2165854234663278,1.0273149132104658,0.3584626063810218,0.7675920673245333
248: 0.8963091389043564,1.0848347339698912,0.030235949863000357,0.877901026679887,-0.056357507863265925,0.9185950979444715
249: 1.0083984208556502,0.9507433397569391,-0.06168051888246383,1.1251730146657895,0.06432511216220858,0.91498678876698
250: 0.8737771234347995,1.0908525503409514,0.09362334900656794,0.7711412516730705,0.10376256880257485,1.1139637882251705
251: 1.167299742416662,0.9644672862497986,0.3041909652762931,1.140796469780712,0.1350454892244196,1.1443926756612748
252: 0.942970239807693,0.9018645951455893,-0.09824044587547356,0.8989562018912562,-0.11051825193692162,0.9952817074232915
253: 0.991948183598204,0.8448296446935547,-0.030294991132101542,1.0305162388852545,0.11163785769150254,1.1433488986033986
254: 1.2571693915728952,1.1379758938825424,-0.1541321481172653,0.9666170045226384,-0.33165181903219887,1.0550027346008308
255: 0.9669900637691844,1.001532512336665,-0.12846587362971168,1.078591398155655,0.057716365818360975,0.9909771610043417
256: 1.126771116898825,0.8202948241540581,0.13549870217185303,1.161101499374198,-0.08137679148144783,0.9071662592520993
257: 0.7779149422651631,0.9470085550049401,-0.1325282139597235,1.0732380291448658,0.0009330963245296657,1.0883139009914033
258: 0.8835730878627017,0.786549199275328,-0.30174720450040743,1.4027031721901306,0.1383215595649591,0.8562292779723902
259: 0.8135142555128635,0.8355652294093093,0.023264221901697035,1.3258878899041002,0.05079414153916457,0.8245819734444484
260: 0.9538493116344977,1.2829565909546767,0.03537180864967263,1.2449591097620063,-0.007556731903743135,1.2276936354069672
261: 0.9760786619021665,0.8236445691227692,0.034888820881341466,0.948935906356769,-0.04989191931746041,1.1199522818235708
262: 1.229168077940143,0.8252455630367346,0.047214503120365486,1.0848741930889592,-0.11111236811105447,0.8594430617402389
263: 0.929874613072583,0.8204558721731052,-0.024141250768630527,0.946556983458689,0.050206878899879244,0.9908151784969168
264: 0.7988025373844628,0.4863671489445525,0.12499975830355195,0.9666068666203498,-0.0771505326121049,1.156883128541908
265: 0.9363152124010515,-0.06444801834032976,-0.08900962109330318,0.8927843460502025,-0.24144651610879372,1.0907081940343009
266: 1.0503665947837708,0.14098479612301532,-0.08698495564724332,1.146656471372815,-0.021005807540797672,0.9850837966546698
267: 0.8869205215051184,0.10678307867076911,0.1804390555734752,1.0284239002397226,0.1771273559040509,0.9118075160271434
268: 1.0323802726676838,-0.22135946328325812,-0.022264411504845334,1.096778208471523,0.22012068710914653,0.9814126366161839
269: 1.0095464230186606,-0.057576961884425695,-0.06546071071406509,1.1446320209332153,0.05607068146765275,0.9888289674895988
270: 1.1041389971475755,0.2818540107943365,0.08074335645252156,0.972578229563103,-0.019976039397417114,0.853261660047109
271: 1.0969596416757346,-0.04837562386308142,0.2434015262682191,1.0786064033153895,0.00013705923402637665,0.921061707013654
272: 1.2984226962570364,-0.12053942308375856,0.10865463938270081,1.0945821401820366,0.08362589451096089,0.8240360616077351
273: 0.8240020892438907,0.0410183794563566,-0.030558311339105478,1.0590772408030455,0.03531583019235188,0.9666704713120168
274: 0.913421146087675,0.15089927560381008,-0.07324838772971183,0.8974071443763126,-0.009004611737512025,0.8978482930414503
275: 0.8551211319642027,0.06751434417824756,0.0020675929896097523,0.9553553641965423,0.03921966821865338,0.680494070643691
276: 1.1243510185294434,0.09306083336930417,-0.01150907324985789,1.0520750177461409,0.0564504499676853,1.0914849719570858
277: 1.0533939707788929,0.056127647236097776,0.11602087650188088,1.126172156954305,0.07127534476007348,1.1453018514215703
278: 0.8166888120328424,0.11281934773322307,0.09886110262174316,1.0459467065748145,0.0560289111510012,1.0062192179027445
279: 1.1071687460512138,0.18541626358564123,0.024958511425097807,0.9479448354604556,0.04415205249898236,0.9106067890567744
280: 1.1529040823383672,0.046862103829171255,-0.2238492716611856,0.9468480282591661,0.1539154441614711,1.1048361160463067
281: 0.9736094209712218,-0.23014291818071236,0.15701231898763762,0.7908009729520318,-0.04984888365928251,0.8713524722641065
282: 1.1133615756797979,-0.07722203759713206,-0.2508041327683386,1.1944439947679593,0.11383630536942525,1.2147929554362655
283: 0.9133002283217593,-0.009014251702467453,-0.13259185511300534,0.9387834872843268,-0.24492395564745692,1.0152073189213844
284: 0.8648478242659638,0.1281657321591289,-0.03362250857156786,0.8429554059634135,-0.0705265330104924,0.9351500906145771
285: 0.7558863555048148,-0.017591393132006482,-0.13121578023054126,0.9105800251161443,0.01516697194428398,0.8297620230818445
286: 0.9562543441874829,-0.12992228812008483,0.24453755008077266,1.095645607486629,0.12220761605986938,0.9098314385643737
287: 1.2218614902817584,0.21324125744425002,0.22256514786593934,0.8869130430781053,-0.26063283785474417,1.0680951433247365
288: 1.0725286956400875,0.010792768174144027,0.11492195492210824,0.8947125182061447,-0.09470816195357012,1.0412701418084713
289: 1.033765958848151,0.17783656868212291,0.21463443765079163,0.8882862326251179,0.11285357062062275,1.087865653374737
290: 1.02319497525228,-0.0025874765607594823,0.22572824721030854,0.8679133362923838,0.32408506295786343,1.1148817568087162
291: 1.051887407560174,-0.027232436149306573,-0.06736963462554167,1.1422223615243434,0.023117388359610722,1.1193273254961325
292: 0.9279603336600133,-0.09073504926406575,0.004079223058870548,1.122396008192753,0.12184474262836131,1.0716278067330944
293: 0.9012966948018796,0.014513483235647376,-0.013895786579776146,0.8438354448437362,-0.08060016340222408,0.9210187011978802
294: 1.2477081111511263,0.005863149905586501,-0.048319070928507166,1.0300167298691996,0.05085642325524111,0.8538048156312392
295: 1.2240964002343477,-0.029402374221697544,-0.10409965612228896,0.6977912300440273,-0.266267388918251,1.0896783731101898
296: 0.9286265535122434,-0.0410794490831189,-0.06854504634710658,1.0504032651511548,-0.04453218010639111,0.9454463963811217
297: 1.1160371014253423,-0.20281191475398916,-0.07852608557094243,1.1189395560502076,0.018048451846889146,1.0745431887684904
298: 0.8397751924680623,0.18528376853889264,0.06640135614380024,1.1455991059495627,-0.09057209755342857,1.1223952228346177
299: 1.068993576887057,0.08430985549361439,0.039797723175701794,0.8218272800332683,0.12222333776074981,1.0614990641331112
300: 1.1043935942533365,0.12751952496295513,-0.25740470684068223,1.0025711042203589,0.062008213978774915,1.196083898705535
301: 1.050413547743958,0.21993820601234848,0.06286834179016189,0.8867258528796418,0.06076405189501089,1.0307940874798638
302: 1.0463342016384105,-0.08371469091333178,0.0059213000212680715,1.064255630612413,-0.07537761069927977,0.9045013373765043
303: 1.003121849430646,-0.18727562160327854,-0.17056591758803213,0.9068265064912918,0.0919812905962303,0.9655006659056133
304: 1.0692144233777396,0.05429842997462922,0.17080703455441576,0.93589653465434,0.01128301432647607,0.8728440735984689
305: 0.9196476893127011,0.24867044324464888,0.04861395577250535,0.9336836201377469,0.10796885558859726,1.0015286736366589
306: 0.9211801596183697,0.13447244310606277,-0.04915449105005936,1.0261819389687694,-0.07429544760118334,1.1509231978504373
307: 0.9575903518016492,0.11111608376065718,-0.03201296433534517,1.0026812502854425,0.13476272583536061,0.9139326954878892
308: 1.0464736650767614,0.007774530863684339,0.04810300623066692,0.946076167459081,0.06445910596003689,0.9392093560434668
309: 1.1243774880259476,0.06507915618623433,-0.05227136860177027,0.9162980845130453,-0.0847957734890975,0.9902480909917666
310: 0.9364388306139386,0.03311116678814757,-0.07285840047959818,0.9097694711517855,-0.00828912586539791,0.9125693344255774
311: 1.0842543448248012,-0.04039406624055631,-0.08082279748908877,0.9512735777526293,0.01736761637457868,0.9265208006228814
312: 1.09431061347607,0.053917866647011904,0.13180598529384352,0.9154597727025892,0.0059638194382002395,0.9036753977657384
313: 0.9994040309164242,-0.02443546446455857,0.10906491408355294,0.9695685281662456,0.05790664397679596,1.084695048588155
314: 0.9547636626790175,0.12858211677449483,-0.06010964857534508,1.0456084932160679,0.23965113329046264,0.9294693908361495
315: 1.1221247893260182,0.22084474964629833,0.12488090292491502,1.0120954841382284,-0.029525654567202853,0.9945664395447056
316: 1.1022663531879349,-0.08945525815971907,0.2334036866163816,0.9913669731377223,0.08123358431121548,1.0361386914383013
317: 1.0588685920400158,0.17895349330869562,0.04035606646061023,0.9188433298471871,-0.06115137588214204,1.1345606924630194
318: 1.0183359876275435,-0.07724635009419271,-0.18192149223571558,0.954885767324001,0.033531146715592645,0.9921315500275933
319: 1.0760742237242749,0.03543160125458417,0.08359763814465611,1.0246302481983558,0.07724350416541464,1.187999729390973
320: 1.0107872600139944,-0.05096149105323811,-0.12112447183016856,1.1506971133826034,-0.1079058956351229,1.0214260473890326
321: 1.0175819236076087,-0.06083720618695998,-0.07140045344950044,0.907765797774778,-0.0008410376320768542,1.0482997633099103
322: 1.1347322741034422,-0.0034188899125903224,-0.10998330480943408,0.9090577817222742,-0.08117251140664807,0.9812764382964182
323: 0.9654125923944405,-0.1558356418482326,-0.165761637351441,1.1020594413399452,-0.19775551892745277,1.0457154421996098
324: 1.159579983725089,0.005218773433863108,0.03975677992395142,1.087231002181089,0.044973214206132504,0.8785263880268498
325: 1.0311906890036673,-0.05238256155571716,0.018882730145745253,1.0586223708401707,0.2560974745170147,0.9778909228223116
326: 1.1167361761301413,0.05745447518915119,0.052702436543655945,1.0595092201252398,-0.05505135641933657,0.9770534397911659
327: 0.9159929296115378,-0.06157366136379673,0.05441158090484965,0.928279045021148,-0.03989026380999652,0.9994376488146549
328: 1.1537589464410687,-0.15476954854276267,-0.09873811667633546,0.9182905839980281,-0.05418712611157058,1.0969064952092886
329: 0.9618491514068306,0.07883556702961578,0.05636106830800932,0.7930444996987971,0.06853741130378685,1.0716398964718494
330: 0.9768637971472467,0.027343990125038943,0.1792632881129771,1.0273625243319868,0.007173094483159695,1.0298003389161738
331: 1.0545855597544127,0.14881207525106271,0.002171521168837947,1.1321274931812033,0.17251427930537466,0.9533956615449848
332: 1.0235663585369377,0.2186700075808777,-0.04924633929617412,1.0535766473249093,0.06139020297035973,0.9719502747018083
333: 1.1513835763847837,0.26886806203144753,-0.111258722676672,0.8863793022386883,0.13906748806821473,0.9065067947099635
334: 1.0595974211191377,0.024734967855661618,0.05554498839340208,0.9418372121865929,-0.0704626111126057,0.8665742069063357
335: 0.9663684415331986,0.03370960288585795,0.11034776257662221,0.9296026928825263,-0.11228485628488025,0.7352200982776872
336: 1.1972579124276974,0.5553293602937476,0.0699207020482093,1.0739568270796918,-0.2364848321921858,0.8059732020526034
337: 0.9559634145184457,0.35590633502331803,0.12246240500680428,0.9701768885615575,-0.02367068727494049,1.0022050067980357
338: 1.031516562875142,0.26620900128503944,-0.19624563218611787,1.0680850990963515,-0.01612213323586851,1.0186735213757494
339: 1.012688712615487,0.36018780313658577,0.019623839012538495,1.0207042550422527,-0.016488283188601262,0.9639986310894733
340: 1.069431658131191,0.15742758837017817,0.02055896227934697,0.8929846968582854,-0.053698086005820364,0.968311432457343
341: 1.0560870053193168,0.8120013978580859,0.1887217372402499,0.5946242096273071,0.13431051399584304,0.8226811581866981
342: 0.8873487916021287,-0.15548744726909486,-0.06445930617171079,1.034016231499283,-0.03368688352959008,1.1138638430490373
343: 0.905513085486624,0.9410380435646694,0.6417750089554828,0.01043800389540156,0.34848541653044196,0.8020741683803073
344: 0.9849771058758249,0.018174951040403647,0.19303386943762735,0.9595955712044968,0.1760618117209562,0.9959522453855423
345: 0.9177786328563915,0.8374255608063652,0.33235635588177836,0.2683278824361842,0.5202476103459763,0.8459124595520551
346: 0.8949829243097278,0.13866987301842512,-0.014155032355268975,0.9170920992831615,-0.03976684278514693,0.9226089519059624
347: 1.0774741838405795,1.0412740373393192,0.47016225526261424,0.18263567717598123,0.5004927294806727,0.7097016399779302
348: 1.1458800843400512,0.07981876380254141,-0.16035342252184626,0.8476553865521983,-0.0010489002891356505,1.1646506188033217
349: 1.0356774941306743,0.9703024891256382,0.4649753918090917,0.2685340282768832,0.598762370724914,0.908695364472001
350: 0.9212581152799282,-0.05222293595019682,0.15243346148311346,0.9118177343607834,-0.04480648404671452,1.128107817440013
351: 0.8551036015242318,1.0410857929986839,0.5337517049836418,0.007619146740573485,0.8082013505886843,0.8356936744618527
352: 1.0749939252713263,0.03250929544516055,-0.038845414672006605,0.9476649716199813,-0.041605281521604816,0.9858015613987664
353: 0.8438113264444399,1.019877956042712,0.48821747675901256,-0.15763513946355479,0.7496545981117387,0.9367823126127187
354: 0.9599959227379571,0.030014629778564436,-0.13628641121725077,0.9878877905906001,0.06959691724380006,0.9228453586057225
355: 0.8265531772217625,1.0566884387793731,0.5476490801463886,0.04492871241791085,0.66513828955481,0.8807173335855357
356: 0.9050317283902054,-0.028706346427151336,-0.1586865398264406,0.9128452526958525,0.04180476111523964,1.0227947444107102
357: 0.8105752837498335,1.001622354288688,0.5074945779223257,0.08520233599523665,0.7351039285707837,0.869520566787001
358: 0.9439815807955554,-0.010138166524618044,-0.04884835867377208,0.9892961033799081,-0.018760175317907763,0.9348891011424674
359: 0.8951124994457145,0.9076336889707446,0.4156215557260231,0.02787688677910668,0.868006239266303,0.8842017371609241
360: 0.9611889986843998,0.014306958255727375,-0.04166167421276877,1.1367106126364024,-0.10977393150331895,0.9756630900223395
361: 0.8667100788275518,1.1034659991437699,0.4619376116255503,-0.026640256476464855,0.9922382626893519,0.942406219989239
362: 1.0210605052240478,0.004372109714438832,-0.09670439169614164,1.0244976307698972,0.03333144315827368,0.930637876503361
363: 0.9971049788435039,0.9681199637515766,0.3281021339860315,0.10308867896290855,0.8174928262228537,0.9895693668555993
364: 1.1653443910038463,-0.025521677121859196,0.06946058520504578,1.095535446747697,-0.11113566772565403,1.1324654703760793
365: 0.7881284531329444,1.0082039126806388,0.35394808267754596,0.10236651005067388,0.6906568231660453,0.8303365414742788
366: 0.8985891815865512,0.00959072488201402,0.01928574685411416,0.9442135821541413,0.003034550759180584,1.1139534255703283
367: 0.990873591686997,0.8971051068715086,0.34580031042216464,0.036004153420241894,0.8693962994719038,0.9932544433064904
368: 1.0985781578712286,0.10968354362289776,0.09052397012772814,1.0552213436023452,-0.0511953487806999,0.9576526464317815
369: 1.0591371226221973,0.9588156360960006,0.30655874693984897,0.15426810103825783,0.9158278365306165,0.9584429339275822
370: 1.0213724396952408,0.04746881599908535,-0.0021942477681604184,1.0544978306661774,-0.07824001025202255,0.970299121436961
371: 0.9548271530243251,0.9525078250431048,0.39070676195818843,0.09961812823149088,0.7760215638786329,0.7980912413955035
372: 0.9035815881594788,-0.13168394641878953,-0.006412199199689768,1.0576961802333162,-0.03786607077430498,0.9651205587745716
373: 1.07960873814669,0.9917173846820434,0.3858859913210596,0.04958274030305727,0.8216281453414429,0.9476006512598287
374: 0.9619960864842431,0.11773280475261759,-0.03600042954783577,0.9228268880359555,-0.0568771241105475,0.8981701742120984
375: 1.147054212956485,0.8749506500039691,0.33603629832096676,-0.07683799427522031,0.8528026125654381,0.8637313753990223
376: 1.0614487224935567,0.13532622308527112,0.14509137562400348,0.9596357466978717,-0.033555291414500095,1.0633004974453666
377: 1.0491477823142186,0.9976270967246874,0.12722562898896436,0.1748382718928489,0.6275821123084301,0.9847438900487211
378: 0.9483284098773849,0.00942593621030726,0.04652605448340055,1.1238577345676481,0.09829404720537892,0.9049958772346319
379: 0.7933937860430769,0.9688836101776104,0.20785420282381273,0.25774701406125194,0.9242221253652257,0.9002573154252
380: 1.0934022271098698,0.0336910089343488,0.12947357413574806,0.9921133262999853,-0.03155805997866123,0.9078840599162178
381: 1.0264145975294554,1.0794269202273912,0.15088679579518754,0.18144651273567186,1.03265124512117,0.8673614010881606
382: 1.0837356135826641,0.07843479516334137,0.016093846557099393,0.9368031434038581,0.11046634122004977,1.1269764290531565
383: 0.9000527746292387,1.0152640584529589,0.1191211322602029,0.11889670848019222,0.7865210449831102,0.9930458698788167
384: 0.9568428364972147,0.09537431420643222,0.04978254597203211,1.0620110171453552,0.06882888106240236,1.0379559407823349
385: 0.8673799609988234,0.9506337565893139,0.13534433813916127,0.337342813907322,0.7909618388845293,0.9581978162531248
386: 1.1131151348260442,0.05788459244153338,-0.0008356770429212557,0.9639366669831102,0.01304371633971941,1.0548115518084742
387: 1.04916511997927,1.0588427335444084,0.03914774612270725,0.07584193124444774,0.9096817655399029,1.0296274597191475
388: 1.0414148347635264,0.12379384966258496,-0.016116384493757477,1.0362334410432807,-0.04717364916594346,0.9431604913911319
389: 1.0537496224324203,1.015840768472699,0.031042822368871605,0.27258121421272563,1.0149567815856917,0.8591485299262084
390: 0.9256567747840613,0.13350106877253398,-0.050441920783981804,0.982892244703044,-0.03970826538439096,1.0223527724368262
391: 0.9089529935800144,0.952534495455108,-0.021503170994173537,0.1207371365235271,0.9365922884412792,0.9570744636884041
392: 0.9492522790102926,0.32201078254356796,-0.12363336279088441,0.9546261998786805,0.12032341417704728,0.9300099964144058
393: 0.9235199370913207,0.8253411036215755,-0.06404013896481424,0.9688167375292831,0.048953782030717416,1.0876172622974685
394: 0.955336127099103,0.4994913053594322,-0.10032150685220437,1.0240450136920138,0.07252037863628504,0.963785770950713
395: 1.0295689535370753,0.5043207670855666,0.005587372281886058,1.1284656351386841,-0.015086886166106067,0.9657976770185082
396: 1.0372975831181324,0.612570214430598,-0.04399463649122002,0.9777192117515048,0.004509957716564772,0.976751628054347
397: 1.0453707131524113,0.48240940450243897,-0.018436615766969065,0.8823737229302075,-0.01380628679468752,1.0962816687878334
398: 0.9847774235940461,0.5184884590121155,0.05186235987881055,0.9845518705274912,-0.12848614207739775,0.9642999054059281
399: 1.0443078738904714,0.5345782405724776,0.16375013337974384,0.9028138953970746,-0.002493399977885985,0.9086212336774397
400: 1.0632092289677955,0.5919243959230857,-0.03756715081015182,1.0226735607447266,0.03172082192775681,0.9940036492840477
401: 0.9653092611984252,0.5508182662792722,0.11442141556977571,1.0698711963792675,0.08848803892371289,0.945504837903988
402: 1.0115004135081314,0.5157969228900978,0.018004809665229226,0.9464530008233232,-0.0440497300316982,0.9980715500286235
403: 1.0184829943137628,0.6771694545390406,-0.08574920041591,0.9292632977597359,0.10823890625802719,0.9549942986033072
404: 0.9200650289086963,0.5316296000338719,-0.04637834106785864,1.0303772683769916,0.025248230935750116,0.9070325103980568
405: 0.9970753332287209,0.5459660610867942,0.010732061610165537,1.0431467452743406,-0.06105612865480574,0.984039667163136
406: 1.1844521468781433,0.5045108483518683,0.12356412883554686,0.9607919725527695,0.06292030907049344,1.070478168537578
407: 0.8955547963802934,0.5550163742753238,0.006158931808148989,1.098548916855847,-0.04450007260847159,1.0077050954466082
408: 1.001325987352627,0.3940933238322663,0.1153521439495004,0.8077700650812069,0.07812393276748403,0.9956432433683806
409: 1.0267197054330814,0.7800520029758388,0.010193588297894551,1.0934472726265638,-0.036974007319972135,0.9011812011463207
410: 1.0085275694548714,0.5687360203894625,0.019477673545477584,1.0510206376928828,-0.022369828344171405,0.9111626935994507
411: 1.0436223402652016,0.5014719752006317,0.034485251521152484,0.9193916235746213,0.040148839916668615,1.1168728315162668
412: 1.023267484740086,0.5971127232540089,0.08013203277891844,0.9967158894353572,0.043964622803799674,1.0239943237106293
413: 1.0415966147382796,0.5124522833288796,-0.06524876301677013,1.0991370658267763,-0.018764692689955086,1.0125928275533362
414: 0.9682796825824449,0.5757486253965977,0.10344283089045578,1.0065864736017422,-0.010777608147768878,1.0833610968288123
415: 0.9742623066313613,0.5158672131573965,-0.024218766922755746,0.895419252777104,-0.02882150246363135,1.1629754921940987
416: 1.046945427604714,0.4604288074692477,-0.09677757563195627,0.95605547227231,-0.0017236294429590114,1.0867150531849075
417: 0.9824588256184466,0.4786896406017449,0.006361312669643809,1.010441155957363,0.03225573482954374,1.0418677067718287
418: 0.927169607403084,0.6569575464679872,-0.048451561998910986,1.1475624443110175,0.038415985921696795,0.9887043690426932
419: 1.0242719305759604,0.4796331796528926,0.0023528229339285878,0.9605129505729575,-0.01894037876744277,0.9866506481971913
420: 1.011174126520641,0.7144821819884831,0.018557112866261386,0.9659154879570453,0.06915139113013533,0.9836862839911178
421: 1.0359447825840193,0.5588225733935506,-0.012769167177813345,0.9736310839075851,0.0256612474921237,1.0083273340299121
422: 1.0283184267919596,0.667873370840821,0.008715313125642606,0.9887104815791907,0.04312030560677901,0.8853637380947421
423: 0.8813394207411959,0.6755448563603509,-0.03969699503824164,0.9625528279041474,-0.0013142446735407397,0.9754051017751548
424: 0.9778890056143894,0.5341578356028159,-0.12210650358581607,0.9460450419519911,0.032388400870310946,1.026068220462483
425: 1.0012991699062008,0.7461545835549372,-0.09228122178709551,0.9761345712883094,0.141688384433151,1.093632175127873
426: 0.945190626867193,0.3544550128927662,0.07563759865754102,0.9062732715223107,-0.023346917658108483,1.0311251282561011
427: 0.9031302450188557,0.9904569748096758,-0.05039968813764477,0.5682761483137329,1.0076490976522943,0.9403842736025371
428: 0.929787915407136,0.5282745890210334,-0.08854241344618638,1.014506040345696,0.025242561523856268,1.0839152425829173
429: 0.9793305779808922,0.7532074800033467,-0.023274915942091357,1.0118973683452657,0.11029902615153497,0.9954327792763111
430: 0.9038449452691352,0.40816182410436364,-0.07151546999517946,1.0140233705264685,-0.08003047271095319,1.010731024439939
431: 1.0154621208298638,0.993031555331261,-0.01632489046325017,0.7453156691887782,0.953752786810715,1.053868214785556
432: 0.890110961513159,0.4228179530750786,-0.14238526323864567,1.0453631922214435,0.026346204184450748,1.0699090653112175
433: 1.1262324833097184,0.9612582147558931,0.006110799978439385,0.7820392661327098,0.8821990950358787,1.050600750929752
434: 1.0695247829112522,0.5075586212779475,-0.07616035515699128,1.0364205384006318,0.0015348277681666628,0.9730341999886265
435: 0.99404899084065,0.9552924214878102,0.04858793834101866,0.9305970478722949,0.48638361295301646,1.0492304604955256
436: 0.9247485682575389,0.5724715195660357,-0.04655997930061337,0.9750982999592552,-0.009379105598185566,0.900747386631554
437: 0.9359976915878673,0.8710480273761029,0.02997831694316883,1.0801004128798724,0.34836544351539556,0.9263157782992669
438: 0.9231868237595441,0.5503877892089113,0.05524873991682558,0.9701485809458994,0.050907128096333965,0.9709368359043529
439: 1.0249916164028674,0.9562716174108181,0.013044126522403608,0.9801789414082894,0.3857660151887454,1.0851284824032628
440: 1.0252687620158558,0.5749485240724235,-0.04479431816621927,0.9598076681835752,-0.04419871022686104,1.0420531970816669
441: 1.0698970210380117,0.8816982321899844,-0.06689825427975078,0.976150222615286,0.15238067259890495,1.0367151481709738
442: 1.0130640568013445,0.47108792175483805,-0.03393486159653258,0.9555858521146793,0.03954991983042145,1.0522156199359933
443: 0.9788225144114108,1.0212564352837816,0.0014258568694654847,0.7214894580810725,0.9475835059562564,0.883368411695566
444: 1.011277271861981,0.45290099557747177,-0.10709492920518807,0.9758755670248142,-0.0622681757105452,1.0658270062534432
445: 0.9924489635634803,0.9894344791732895,-0.015519293027410161,0.6993927516395587,0.9683744231275427,1.0191532317925618
446: 1.0358026433418677,0.41980383788320635,0.056238751436598705,1.0397362374572483,-0.07458711419959982,1.0676702430851621
447: 1.048205198980142,1.099349278743555,0.015607404965314884,0.7087556900778382,0.9421113464785601,1.021260267332072
448: 0.970778258623488,0.5801321461421944,0.0475312780415969,1.108264490101779,-0.07326961428240651,1.0007370357225793
449: 1.1208937389913216,0.9227708484051451,-0.040885839790784,0.8879222843939969,0.5393713466199419,1.0180036241130073
450: 0.982423019294825,0.4207843325179056,-0.058315061421189,1.0200042499094433,-0.06424447310637334,0.972086907255297
451: 0.9648714227746953,0.9673295025585312,-0.04503243331471178,0.6352956563464839,0.9025939459984266,0.951990094784716
452: 1.0241827654009328,0.4596563828567829,-0.0008686587986955144,1.0014002124838233,-0.043168078479153556,1.0514905278357747
453: 1.114385602343258,0.9498930910051412,-0.011835426639708713,0.7466002773971637,0.9437057147008111,1.0366641090148585
454: 0.9146215525223383,0.5264264559148621,-0.021099035624835425,1.0502173972782323,-0.010645115800827056,1.0517333405413718
455: 0.9407017096655627,0.9693639767589727,-0.030909826315887276,0.7857395157141926,0.5851807305004165,0.9276437262643003
456: 1.0627456219527809,0.5646404321661808,0.011604756549454778,0.9992531815620627,-0.029050828261934086,1.0415995553622164
457: 0.9665743974639037,0.9669363416611365,-0.007169014669468185,0.8456376715751677,0.5234662557974262,1.0604950952699392
458: 1.0365517101314736,0.4500333653772799,-0.05333933458052144,1.0375480610007686,0.03602644299330338,0.9628876573343417
459: 0.9790015599046101,0.9425573859547959,0.04540193646114632,0.500999489644956,0.9678409644555501,1.0908151460592972
460: 0.9926928743840625,0.5539812809196328,0.04746031529050711,0.976178222252539,-0.016384623760428343,0.9764443817458869
461: 0.9663650004298165,1.009427586851762,0.03528005182666744,0.9256351162175236,0.27239100614229406,0.913062503663757
462: 1.0206440794037763,0.5868620765353849,-0.02005275971093111,0.981377951529125,-0.001461715583665759,1.0478765765140017
463: 1.085610190416704,0.9273503151498749,-0.008578750425981352,0.8738999446954675,0.36832943087131,1.0207507571759222
464: 1.025892299587696,0.5081956631131326,-0.058142395322430804,0.8968991028017281,-0.10346450715907461,0.9673788231449586
465: 1.0704814751076521,0.9826347615913276,0.06423491346331019,0.7109957682661073,0.46933529711544336,1.0362114672564198
466: 1.015985778332776,0.5249013944204033,-0.09490044948219487,0.9701097837695892,0.09746053479970901,0.9470895514027894
467: 1.0039688072967472,0.8903944840296938,-0.040426380008205275,0.7190463462317989,0.38196984733916195,1.0584040426976502
468: 1.1412165026916319,0.558844841843489,-0.006813997221629229,1.026914062799646,-0.013714502942120427,0.9831552222179036
469: 1.0126357757592743,0.9754560138478345,-0.02759220205087712,0.8907505418463223,0.2883861384829654,0.9728273293487831
470: 1.0236164589858074,0.46315107955723145,0.017196912293837463,0.8902197303000439,0.012963779636482984,1.0001656273206856
471: 1.0020030003117293,1.0341578359555958,-0.12297936237364579,0.6144535393148307,0.5947647943788008,1.0596902879932935
472: 0.9608061833565761,0.559750368100712,0.028808268764370808,1.1176266812295386,0.03371238477160449,1.0394172158697197
473: 1.0525152016335477,0.9755755473590788,0.01346531488365943,0.6201893086541089,0.4846262612859405,1.0138123613343908
474: 1.0274381218495918,0.5334448136238003,0.005645742084491942,0.9733756879922149,-0.0314868333933703,0.9328690910090998
475: 1.0054859840026291,1.0175514192991846,-0.029613076320212425,0.7114503882810831,0.4246512701629035,0.9838286826298714
476: 1.01249565685055,0.5494087668917508,-0.07206730693047751,1.0828783472732653,0.044907207580017365,0.9228258403761634
477: 0.9683576318358833,0.8671718969755533,-0.015021244630868586,0.5301782417862616,0.4268646139184932,0.991479036495065
478: 0.9322002994364224,0.6850856813023757,-0.014066999334311974,1.0347775087584785,-0.07118067000733866,1.0522777007892525
479: 0.9640930997544254,0.9330370248784293,-0.08845318801059147,0.9241570969036667,0.0971416483153047,1.0309892827504206
480: 1.0779210922223514,0.5448892194638976,-0.05869389816921038,1.005708125752449,0.019126900460582866,1.0395748044037552
481: 1.009036629831159,0.9989831757013468,-0.02417037506045494,0.42291369080121377,0.4231547440903069,1.0043066120351418
482: 0.9871643697517439,0.6111385321468763,0.048704319255076955,1.0513804980383945,-0.03481423184855024,1.0068250554680462
483: 0.9651664386418526,0.9634128564765819,-0.04173771731874494,0.70946808250631,0.16068751895324263,1.0632284120856503
484: 0.9812211362135617,0.6746245102573836,-0.061564875497497534,1.024358657540939,0.04024426771016212,1.0323627924812095
485: 0.9791166008611379,0.9651646841114606,0.01714681025431496,0.8926683334254648,0.06146137818008173,1.0039900544921458
486: 0.9706787748842295,0.579011900795915,0.0267632495188429,0.9504818213522576,-0.040721636562303105,1.0526782166712583
487: 0.8694549294324266,1.0329497579662685,0.008368000949886378,0.38591220337142085,0.2128734707556879,0.9272510023396474
488: 0.9765239416338718,0.6043965958606411,0.0787584113533754,1.035599571301347,0.01538953899298841,0.9298652438301249
489: 0.9784760143123564,1.0290274392389764,0.02856669281247878,0.8262469603866717,-0.0051030523047079016,0.9671696357752277
490: 0.9804477344441698,0.6202796874737886,-0.0213829830866459,0.9369473349510115,0.0026332722965859956,1.0268428547595674
491: 1.0289654297805002,1.044655341902173,0.028163500095320676,0.2725430733982394,0.15285580106268423,1.0401986996476613
492: 0.9439401681743416,0.5861326520996178,0.0195645588755149,1.0224276121591085,0.02246979144669842,1.0239396433342853
493: 0.9032566135022138,0.9598092479905168,-0.010235631633773857,0.19526218712587107,0.16376091217863714,1.0083342002618376
494: 0.9724786955744783,0.5381736198586451,0.019491350208196943,0.9597252221385931,0.01150710466642749,1.0560332902860174
495: 0.9861028035193441,0.9511492568835982,0.0030182574891203027,0.19175369115522678,0.20291073224192346,0.9792544570974243
496: 1.0682219901244552,0.6965815312448642,-0.07939225748906588,0.9722960760308964,-0.0375643546602262,0.8931897785006252
497: 0.984444211734724,0.9546715331642764,0.017948849795597334,0.32140333022144313,0.0623418866585216,1.0457276433001346
498: 0.9865332678977321,0.5759027247651868,0.09218223887050327,0.9727031275585873,-0.019276086684311116,0.9844466626256969
499: 1.0760903507483248,0.9551286920743375,0.0026268881911632215,0.09635750865189396,0.16768527161127156,1.04865420873679
500: 0.9661234468295732,0.573068173957358,-0.05953782418067972,0.9838089716193229,0.03151209192711643,1.0251712460183557
501: 0.9497937972831554,1.0327999769617904,0.035906338414436405,0.009217696516099487,0.1435596139457535,0.9426337376169996
502: 1.0368945195711377,0.6155134590633705,-0.015743061485559425,0.9465622613467528,-0.04277244530433457,1.0204763362691218
503: 0.9858080399227975,0.9546059762528862,0.024297894065208873,-0.011416123910493438,0.16789876172583923,1.014258162882108
504: 0.993140231570124,0.5317928466773454,0.07508593877194755,0.9215631961721414,-0.004818635965687103,1.0394418660071971
505: 1.0412651352564444,1.0366304212176845,-0.06228978514860198,-0.09344517333071459,0.10151953982912436,0.9632580341500111
506: 0.9789118132069388,0.5120275984356113,-0.004920429523579021,0.9616459440491695,0.008733502545171402,0.9842081132882982
507: 1.06396596456082,0.9431514927020619,0.08519069639323257,-0.03524193432099079,0.13134137945551436,0.9387827850627463
508: 1.0117431305085007,0.44842935650238536,0.04892188336326578,0.7443602752586858,-0.01930310127251336,1.0196399226899002
509: 1.022078500211863,1.006543254946728,0.12304543007409255,-0.026364753688357098,0.09281149271581435,0.9522819299750751
510: 0.9976739881577193,0.2966856041094596,0.1149373399726461,0.6119002535638789,0.013980667320108584,1.034027646611019
511: 1.053695366401705,0.9040953715352075,0.042578432905085284,0.06498411277835786,0.14855453273118574,0.9260337589871408
512: 1.040969400495081,0.30925061662243236,0.14746823354503036,0.4842056071389574,-0.049202333612226944,0.9014404357788885
513: 0.9671921525404358,0.9617883787355173,0.105106920104455,0.011345865817789928,0.09713086208839554,0.904195987206874
514: 1.0393725064503345,0.2598008141287762,0.19204726876540362,0.551363467584517,0.024448739472863877,0.9133984671149529
515: 0.9828101673820394,1.054480833672345,0.13235306770472702,-0.03636398659939715,0.1530816315001353,0.9471780801494608
516: 1.004623716868693,0.2502988507506718,0.1734585096178615,0.4010814248442349,-0.05201048090016821,0.9771322346445888
517: 0.98113419527721,0.956256432735579,0.12508613954215017,0.022292470417903998,0.16960648147497528,0.9066959567395144
518: 0.9911244743947264,0.2373449878260098,0.19581408491356572,0.2566425593149162,0.053806416325039685,0.9219070336343226
519: 0.9248508040264217,0.9339264415206523,0.17365863899094472,-0.01136963588468547,0.18261036811236722,0.9454036519471339
520: 1.0449301637308996,0.300444961343581,0.22733982334363045,0.17534979567420486,-0.0007755054269528495,0.935553470113449
521: 0.9806742062660098,0.7963418745735972,0.22717402546891424,0.08568004860740522,0.09083879832623867,0.9707308604727332
522: 0.9777095197526876,0.24654070034099385,0.29443070918161296,0.09943658578998732,-0.01070162518381918,0.9506059801610055
523: 0.9952278098781902,0.9552293718343423,0.1884421941775408,0.06725207440636101,0.2030284020590343,0.8964036880086331
524: 0.982261332573377,0.27494396899338386,0.2400609227590409,0.16646765297404315,0.018207782329829048,0.9951137068933454
525: 1.0974263023596813,0.13649563348273072,0.4301246080123696,0.08756071878612386,-0.02731184106998618,1.0055128290276247
526: 0.9576965664747848,1.0416072361529194,0.0935693915252845,0.026504323044078317,0.12185723593396325,0.9728171614676091
527: 1.0413046813163218,0.30735898729540445,0.24839076494187098,0.09471998391177822,0.044741788303611335,1.050190703506548
528: 0.9807541160165455,0.18925227667189112,0.43597934202367866,0.05471009263350381,-0.006741255361440747,0.9576276014592926
529: 1.027732772931966,0.7285034196285647,0.1266846473582379,0.053268886480101946,0.0541481982052455,1.0388950359413913
530: 0.9737997880892001,0.3005713612603876,0.24954828978964588,0.07251699979109785,-0.015932534906496657,1.025947482674436
531: 0.9727092915960722,0.24820480621154573,0.4373535749716919,0.06389447339947121,0.0015767784804713613,1.0261893510831865
532: 0.9519145700729398,0.15249400689926396,0.412345175663298,0.027808056167898176,-0.026288475976757167,1.0860952184486146
533: 0.9892909447929266,0.7362542171234734,0.11436043346599233,0.03496013686516503,-0.008995676034407565,1.0381714995039248
534: 0.9633725207632702,0.37720574655244926,0.2578265874328072,0.06289374719535316,-0.011996473155930658,1.0582885356841778
535: 0.943645956040163,0.2805189442465898,0.3565999614159145,0.016865788354564593,0.03476750396944001,0.9178843015839055
536: 1.0510792786047314,0.1416498326728134,0.5231322719323239,-0.002123613865010185,0.007855890074123217,1.00357930120361
537: 0.9933368374130047,0.2708829493080386,0.056568396663631566,0.10600203833074175,0.026377052762465453,1.030783773361445
538: 1.049766767206458,0.18341184975130975,0.4742174241052337,0.048339131847471115,0.061680290847552825,0.9670038097662155
539: 0.972169188558222,0.17649768174227795,0.259173961800409,-0.011593275330532712,-0.0222548121094123,0.9786716438646113
540: 1.0049887124505827,0.16788927138011095,0.39327568646989813,0.07942574132701008,0.02062756655984124,0.9892336223330165
541: 1.0033836276088166,0.18268766272633,0.2868397406124931,0.047258928117091606,0.025919491476155635,1.038854714691661
542: 0.988501829282775,0.25278010590424815,0.28530583638264007,0.008038577176887086,-0.006941365965405048,0.9214393370965994
543: 1.0231422312221805,0.21972801634561678,0.43827785554392223,0.012974697657683762,-0.010193950568602204,1.036407423544021
544: 0.9539791799334022,0.15829532051129466,0.36044441664080595,0.06032187183214291,0.017598482665440188,0.9471976831251112
545: 1.0425066849416305,0.25125793966746324,0.2296962610638072,0.053752975018436705,0.05014864690049613,1.000935213308304
546: 0.9569007937465726,0.3719382839965386,0.4376653567944042,0.06664615660652994,-0.09847992870159718,1.0047522195888103
547: 1.0500084898997217,0.3568443510845256,0.3659643979086697,-0.008253107110406811,0.013131396314240857,0.9609293093629346
548: 0.9697802719154865,0.4710476675596511,0.2605078030021497,-0.017975465384375527,0.006268387874603363,0.9764763436993019
549: 1.0341612709400902,0.3538127436449664,0.3212745632678692,0.020435761678180033,-0.013991123783426563,0.9415848847408419
550: 1.0192703619693735,0.46055438078386196,0.28201894327412513,0.037342913357427496,0.042114325490909016,0.9900212288330855
551: 0.9930693892876202,0.42825271125412584,0.2854781596514004,-0.06203213551143823,-0.013208629830540811,0.9409487774841908
552: 1.0015529279314839,0.4400529850728728,0.3296240211434715,-0.009900566911523832,0.049387930111220134,0.9297803087398544
553: 1.036592151086449,0.48348237608309935,0.29662760325357346,-0.05668625434848768,-0.03003666129684996,0.9230793943668344
554: 1.0204413992304637,0.4769623600045799,0.345768942734347,0.024100970600630926,0.0014045001491026676,0.8566070454246856
555: 0.9766391013624174,0.5443674626684546,0.35498629153622985,-0.018096292439689386,0.03840796591317001,0.8017375062388814
556: 0.9963706742154398,0.5584401573939034,0.289219709148695,0.03276192395046483,0.024428342571782245,0.7887605863112604
557: 0.9829847073394931,0.575159577973605,0.2747079994538006,0.006457115827612862,0.015454367284036197,0.7192037723467197
558: 0.9739253848329972,0.6277981077845406,0.2982999675925318,-0.03827037093228408,0.06104966846250509,0.7042367246082828
559: 1.0070629848654633,0.6188673558006162,0.2212556930038722,-0.011056501524033317,0.011662464008190947,0.7329506048272051
560: 1.002599691095199,0.6440698766729545,0.2903325668378629,0.001942054970245014,0.02534770862188365,0.6095518615384495
561: 1.0219037910625621,0.5915280999422488,0.21579583917465095,0.05914389503192849,0.006124060760307118,0.6691067717732903
562: 0.9891169890507373,0.6041095564934722,0.22391717224972238,-0.009395446443738471,0.031193376893377468,0.6387824133304971
563: 0.9613857954201664,0.5658282992966966,0.32341466710051936,0.015436288591374529,-0.011846123740410065,0.6273177988293757
564: 0.9840602502150816,0.6039946514927494,0.34386115142227625,-0.0006521947990858201,-0.016380432070480126,0.5327831411560803
565: 0.9790747143540427,0.6438269099152738,0.29791079985933,-0.030190038140603746,0.0018135033744405608,0.5518003585135325
566: 0.9884752081115327,0.7079915121718469,0.2993082021753053,-0.04198104420722782,0.011047396892683924,0.6387283175136382
567: 0.9368264355085957,0.6715214222768814,0.2559270470335615,0.02128893361543008,0.016545048611650175,0.6235193778194702
568: 1.0196801074915813,0.6982560895792341,0.331809645475845,-0.002867617604882599,0.025827974671402087,0.5847981187867558
569: 0.9969576072967126,0.7052294399151366,0.27409907396877,0.01688491939676652,0.03199708125824138,0.5531621052566842
570: 0.9611873083539939,0.7024424545617693,0.32721703857216405,0.040846766179849364,-0.04057363982853543,0.6225999464697793
571: 0.9946620995627362,0.6663645960771661,0.31710896533647737,0.01634663810976677,0.0229593999043131,0.5775340127249395
572: 1.0246789381316026,0.6806061776905922,0.31190471995934455,-0.0520826406273416,0.012443456251134927,0.5362202203219663
573: 1.007282448390728,0.7167449509321652,0.3420340830734521,-0.006542175008315878,0.03776529143447892,0.5014893735117898
574: 0.9942149178610284,0.6770549452022369,0.35220526610649866,-0.03913634014918774,0.01290585556271358,0.5121429172807184
575: 0.9790547783181442,0.8095564781498372,0.3741921501377553,0.006853015842518668,-0.014173486463790642,0.46626016368865253
576: 1.0156505905465658,0.7147200405692309,0.3632510897952937,-0.021011546597030816,0.029149281336149826,0.4703310865978318
577: 0.9674668179434346,0.7409415040037625,0.36485996272845594,-0.0070979691820491995,0.025590217017178712,0.4277904782074378
578: 0.9905475043770086,0.7576911229139797,0.36661177722908334,0.016583577795198513,-0.0676538971290909,0.3816050495619931
579: 0.9957363496448356,0.8043765451435277,0.30282271901011043,0.03861709582230417,0.02278568826091205,0.36853170041695993
580: 1.019397177032934,0.7981974934276855,0.28110604637927705,0.05828317466786179,0.03535828123678355,0.29834747052702676
581: 1.0438420489692721,0.8126290004072942,0.3121439278249568,-0.0009283250418702506,-0.032442682393906505,0.26988318093195274
582: 1.0024442365832302,0.8209863867058503,0.3241155074697887,0.04356582504296975,0.019536119063815846,0.23224223272209182
583: 1.010907923631272,0.8371253478698688,0.2737461659725339,-0.02576570227760359,-0.02373679319745843,0.1515103051360853
584: 0.9800933887169114,0.825987591303428,0.2508425196790266,-0.001969159806628158,0.0037526692575343998,0.15088302875563417
585: 1.0083424202740168,0.8931329287555332,0.24523693506863808,-0.049667330566793996,0.04257453539742477,0.13956231030044505
586: 0.9989616458177165,0.8526634368640085,0.2946321828919833,0.03419381473342169,0.019128062869987805,0.12094269851557359
587: 1.015744141103747,0.9109670730164237,0.25459700072228797,-0.004144242169987997,0.019198790421264638,0.12875030731820003
588: 1.0281783447313637,0.8981171249664677,0.2704316579566597,-0.020163617633019153,0.00915291994034089,0.040872818552650236
589: 1.0060431011459026,0.9483648078557447,0.23679384100143,-0.009931266162665417,0.005698166917398852,0.07311655968660577
590: 1.0283989045905793,0.9282261532130894,0.17875912868418298,-0.0072234754504155035,0.012752863213460032,0.0718545144177036
591: 0.9854845319689011,0.9343383814445763,0.2622473229525769,0.00014556328016336693,0.00944229128944417,0.0571561123527452
592: 0.9907802356183153,0.8893830331781208,0.2604552354615309,0.009893907841724173,0.001863355074532453,0.03171360515606423
593: 1.049341725449371,0.9558820032114671,0.2422607475635745,0.0318086291923953,-0.009562743300276465,0.031635475049710426
594: 0.9929920682843337,0.9541872968864197,0.26950316530012447,0.032545900283733754,-0.023983935834438135,0.023573978601403447
595: 1.0685092927391489,0.9985638246696272,0.19006676691795482,-0.02043764654696294,0.01044187678712383,0.027089965828432577
596: 0.9721962052817538,0.9162775232952813,0.19160777630476875,0.02230884963188466,0.017003042141188338,-0.007028994627146564
597: 1.0231175245194746,0.9228136670676192,0.2534033399446931,-0.004075988643758618,-0.007798021717531528,-0.0030176171751530936
598: 0.9969782007081246,0.9269322969255414,0.25401251333342406,-0.009754552831836214,-0.024130852516902886,0.021905613476881938
599: 0.9859278131175192,0.9600603613954966,0.2497527382779738,-0.005449996737194901,0.01208162273258586,0.0479891453914448
600: 1.010230290813218,0.9583592510368618,0.23144841404213579,0.03260839084386062,0.03244022656970112,-0.018065757164307358
601: 1.0002241811196122,0.9575958387242827,0.2048648586351653,0.02510969592806902,-0.025330844754745223,0.01495535156343558
602: 1.0163868171753299,0.9897300557964537,0.3078226214034709,-0.01724136658442044,0.042245003936700144,0.015006892400397733
603: 1.0031896126138804,0.9864803399319939,0.2570152938280549,-0.03447051408551956,0.01345300819776037,0.005658731061119209
604: 0.9864870067471044,0.9836950400953958,0.19853883202551884,0.00908455635747811,0.016192997111391084,0.056244298908817505
605: 0.9973144780286087,0.9415926342106734,0.27246281481292706,0.010263075213419147,0.01151051657848181,-0.025986668980611805
606: 0.9916369162992532,0.9699923400286651,0.3215446040662696,-0.009731940124057734,0.012637389301568045,0.04113268918743445
607: 0.9903367259234613,1.0082991053583137,0.21071398890005424,-0.016725555513718505,0.031402752796787954,0.024597379513061544
608: 1.0254562768343674,0.9950379228575833,0.24032222567495873,-0.009415673811077314,0.01951970010139711,0.009025777915992772
609: 0.9957205115330476,0.9974376498739392,0.29215699900430725,0.008276326121482915,-0.0036431301651273385,0.002088479790265069
610: 1.0181711098762058,0.989154505531564,0.258746048523072,0.020060893104945934,-0.00875511853569396,-0.009002636219556253
611: 1.0007052287364606,0.9704761028373113,0.2629892575590412,-0.007518042503470091,0.012289157376429376,0.04967864524267704
612: 1.0076151018778368,0.9794206122291506,0.2598911901308444,0.029427716560900125,0.016684438795535515,0.009358265187737089
613: 1.0022651286973496,1.0147691859867354,0.26361052975483135,-0.0022931938296845895,0.031558496278907625,-0.007433760884543271
614: 0.9984073242507759,1.0208532610251082,0.21517869479243926,-0.011868324896673936,0.01411445342157988,0.015759742399161163
615: 1.005679152321886,0.9542544027973604,0.1796158820190551,-0.03341352074485749,0.10229097758000338,0.06440478869967031
616: 0.9625766744914332,0.9619212800488337,0.1948157989761259,-0.029881721918214213,0.2539969104283989,0.009035453158027187
617: 0.9983854019840871,0.9652231571911182,0.2482773159771587,-0.017103138725743337,0.3678708214395652,-0.015330164987874026
618: 1.0089783444235059,1.00720024999449,0.2246698778051203,-0.00522716094759047,0.36545130048655194,1.8331463924032123e-05
619: 1.0204618915719776,0.9600500271606373,0.2266591804896745,-0.0096694903042701,0.49915068591363465,-0.024010797265607824
620: 0.9950985953092775,0.9853741029554685,0.1914985938581095,-0.015039363101592321,0.557839754508345,0.008360923106168091
621: 0.9778631947320617,0.9650773156570832,0.23226241683059481,-0.0014594295834250543,0.693206807740265,0.018606262739971145
622: 1.0050476839888414,0.9493743292062132,0.2239982931450664,0.0070903838585731765,0.7197814353298746,0.03671146609546487
623: 1.0012493090768215,1.008754674711369,0.2050347955515198,0.014627149349158307,0.7545085738037776,0.03423446085113005
624: 1.0043976547922848,1.0109092623927796,0.1737474441002982,-0.019858730114970705,0.8177518306010481,-0.020044082107347268
625: 1.019548209647573,1.0189069672740418,0.20707200069665888,-0.0007468738183780852,0.8116319010490969,0.004210184121571415
626: 0.9846125542108722,1.0139895293804844,0.15955021794461688,-0.005173109306164561,0.8451271294154501,-0.01509273701779408
627: 0.9796133763462321,1.0484738953098776,0.17230970313842797,-0.02666063478022697,0.8467765006828909,0.023306122487014077
628: 1.0034370006243734,1.0106109996455166,0.179218623762903,-0.019142298312418666,0.8706486575292851,-0.0074011529443859594
629: 1.0250017609971003,0.9704922434302019,0.14034967023842343,0.022897438068881292,0.8939088743145968,0.028302370641996106
630: 0.9750019602610458,0.9824267257059753,0.12260561688322653,0.04910396495329115,0.9042658461643504,0.0015690830777932644
631: 1.0308666584792199,0.996927328464423,0.1375615343570004,-0.05228282438294684,0.9106511972283675,0.03424259248331188
632: 0.9818784989567716,0.9963295256839613,0.1079738874240061,-0.013029310824192654,0.9377750062265318,0.001521455166059138
633: 0.9956321944715415,0.9716890199301836,0.07004807226964793,-0.01427107635808894,0.907904668637455,0.0036105064504407345
634: 0.9859528251682369,0.9948054960806295,0.04676066505701634,0.0033871692687779337,0.9837237367523732,0.005296659285702056
635: 0.9994517999245669,0.999562154840377,0.10664921825136339,-0.021092915502738976,0.9499375497970176,-0.014954822590818352
636: 1.0094646497143198,1.001289514163808,0.0521792912324529,0.000504532034384642,0.9458612816737784,-0.02375303862740791
637: 0.978695949250505,0.9974995267754843,-0.009830724691244047,-0.0075729405559800365,0.9941400762466569,-0.0003890577498344371
638: 1.009199457781933,1.0166670540100393,0.01322135189777639,-0.029189343337333206,0.9413725242248807,-0.0009107009671897748
639: 0.9756391416369685,0.9811279783223541,0.022205616172995234,0.012122215251063592,0.9123106626248705,-0.01593718826429423
640: 1.0318377996968002,0.9870385320832075,-0.019249344761305732,-0.009302858492440804,0.8769876256619795,-0.005295418779128572
641: 0.9857094367522657,1.0277561035050304,0.008479712765281824,0.000796574105991276,0.9447721916112509,0.0035158959735401736
642: 1.011644634808641,1.0310670624590883,0.023410273142959737,0.010821976200752726,0.8900717427583548,0.001107839921658965
643: 0.987322918817869,0.954875272079522,-0.005897079109621079,0.0015805374004462878,0.8534170893389595,0.0250657346177122
644: 0.9830142812453599,0.9874925242400605,0.0038612931276208865,-0.020598194006415375,0.7849296278334456,0.0033216538782317078
645: 0.9944834452296777,1.005368512575973,0.015042676415248426,0.003456473243357289,0.7689357709490957,0.011828684828759078
646: 0.9974311886764724,0.9992031952076496,0.005032655717311262,0.0008569565558443605,0.6586882825820614,0.021633812157495935
647: 0.9795168019277554,1.028206715776603,-0.0012553435973337171,0.010355834841535202,0.5587248129355923,0.02860023020600633
648: 1.0194175210955967,0.98991533100438,0.004903182231380869,0.026553047506863377,0.5139766481412107,-0.0073991727922922725
649: 1.0057329549724754,1.0012892403740692,-0.0014568737334040857,0.008227142465577878,0.42019711357423206,0.006018550562855823
650: 1.00576741066724,1.0249922981485204,-0.004452101044835733,-0.006197132715885461,0.32366104826094544,0.026392306542900906
651: 0.9989666138662563,0.9759899832583268,-0.003497159307314918,0.010197153824209442,0.32699312295399097,0.050458822981633775
652: 0.9664231160428138,0.9677387938110297,0.011442577434532326,0.022395652213052418,0.32064367175939823,0.03179455783309659
653: 0.9888706102518872,0.9971934419115702,-0.007857215018835748,0.025271340748918493,0.24236369180979894,0.11830243483931531
654: 1.0016268740207273,0.9831285372312206,0.005338723093784469,-0.029321780326171026,0.25846879413077795,0.14887402645431655
655: 1.010150465688829,1.009508906728953,-0.006613657275663756,0.03406677719438217,0.2125093584543725,0.14521789130748217
656: 1.018012828097261,0.9695700880784064,-0.02287367867111758,0.00946059794466831,0.22763237484232446,0.15759850953059992
657: 0.9822862868996375,0.9578411833972886,-0.008073950547297988,0.0012741411574685411,0.19444388397289203,0.11426610048308822
658: 0.9834973004721972,0.9792341476084029,0.021726856381241593,0.02912121850686493,0.17240011376508158,0.12757127841325233
659: 1.0112083668320888,0.9713312000933951,-0.0025050678629533266,0.000621453936830765,0.15222933491835064,0.1791578664924554
660: 1.0067235133887245,0.9904740107075906,-0.01012192037672582,0.017628682255877555,0.12822101443977732,0.1626036653729071