1: 1.0188172114734315,-0.37108258212351686,0.986033999003968,-0.08244768782697387,-0.5622200463935745,0.5394231070938219 | 20275.93
2: 0.6403272247712468,0.7898683921302649,1.157463269348252,0.6715080614331586,0.9812957340948603,0.5409209433859988 | 27407.69
3: 0.5132751974927329,0.14065842739995527,1.4299094039579225,0.3682461486630421,-0.8528512676287441,0.7846243864635283 | 22523.81
4: 0.5341494960423715,1.0176580076851156,0.327773027737654,1.1630904188024171,0.6360165848122885,0.26025623930281844 | 27458.77
5: 0.829395867752081,0.49462911513893015,0.6868129601065143,0.5072542376033522,-0.021515731020330997,0.5899609315230843 | 23907.5
6: 0.7244567951448697,-0.18627558386937237,1.1419626119291764,-0.006545985149197242,0.8782277352032695,-0.048253691289173006 | 22800.77
7: 0.12836554917642384,0.6989547994095062,0.3743013043083955,-0.0655235520768791,0.22955206792888305,0.6533966827895624 | 27288.58
8: 0.6619881350468342,0.7831384866004389,1.0512413149998392,-0.10620870547821093,-0.1342946956272465,0.4329259626378217 | 26388.09
9: -0.39396188295846646,-0.5407075823960101,0.8856208904342329,0.7956653953352777,0.5180361469002862,0.1146444110561014 | 16678.43
10: 0.42964566623259065,0.7393976075419042,0.4472088138087878,1.0433917425909398,0.12288528239464652,-0.4839478928630594 | 27387.66
11: 0.3394010386630625,-0.7747825644061102,1.4669499674709556,0.7297195514392688,0.6439722255252157,0.5143752886121613 | 22389.25
12: 0.07263718948304154,-0.046779909562164934,0.49308845875150475,0.6793635528574953,0.33964675872002836,-0.009668388293044616 | 25847.77
13: 0.8366955900455698,-0.7154551249134384,0.10174723951664122,1.160244825024047,0.22879710480242704,1.249128064505419 | 22967.39
14: -0.0390372901012368,0.42352616030423285,0.7921926257637837,-0.3280291007552768,1.1423857004749065,0.3668641743900503 | 25103.94
15: 0.45518030068209875,-0.2852984585691114,1.129162962679798,0.8239130740513748,0.8291869678148089,0.7945293532359323 | 22832.68
16: 0.1873980364789386,0.6934563345001696,0.4694161803547852,0.04084169113764474,0.2922363049863781,1.1105183523636615 | 29431.86
17: -0.10979823540883038,0.7270958963222295,0.41180548691469643,0.5313338459139403,0.8079031484018877,0.2674956828668072 | 23429.01
18: 0.46293484974470095,1.1364015882887308,-0.109272779261669,-0.1560464929812082,0.8705782945358331,-0.15384337644981128 | 36361.13
19: 0.038654321199709685,0.9745127265486286,0.4294207131863141,0.10481622073776087,0.3077756776591558,1.135443198120337 | 29829.46
20: 1.1373634733023803,0.5400212477762225,-0.4037181406070496,1.2676807150026401,0.5119491473576625,0.5186938189939528 | 41102.58
21: 0.4078968935208708,0.47351777997887246,1.0735757922967182,0.6080397694369712,0.9223407120922973,0.30616985312101386 | 30903.39
22: 1.0331155601244717,0.604752794499308,0.02591620284694951,0.9943122249277403,0.28158724858334405,0.6955553609583079 | 38274.11
23: 0.6617848477018902,0.8630432329714777,0.7520558986373896,0.4278453479827572,0.6858480928032866,1.062522710740456 | 29576.75
24: 0.219167753845658,0.6048819227276656,0.8605361647452109,0.5878625634691783,-0.4099176028418856,0.4707642070652987 | 26589.79
25: 1.3395423108869624,0.1823163774029708,0.581617988061389,1.1644679761587953,0.5827583824960278,1.0141657073577477 | 29844.18
26: 1.468123796133121,0.7824973616198421,1.2915630248888987,0.11311934617683389,0.7571097448612609,0.13017450675967274 | 27361.77
27: 0.17189572911023354,0.22159173955472122,0.4126935893264595,0.3839686156998171,0.45484841085723327,0.6899800070930601 | 31012.86
28: 0.634303484960426,0.566797460078644,0.08050355677375592,-0.028875473273399233,0.06373747171278854,0.8199194585630457 | 37372.36
29: 0.32653836891899035,0.6212502315555963,0.43122606687920095,0.34968033967676904,0.3710576404800022,0.5658975632083821 | 35717.41
30: 1.061611640204598,-0.3042645222853342,0.7799221228194835,-0.0006323205995232284,0.6196410217709898,-0.2678368373585581 | 24867.88
31: 0.601632446705784,0.43347319030410497,1.1435748670010222,0.04008183522134179,0.6846810862304641,0.5830023370980669 | 33048.22
32: 0.44079430627503574,0.19601915618281118,1.4751270547378148,0.2869570338507207,-0.13418789583675306,0.599121918378989 | 30137.77
33: 0.269885876148545,-0.4264540135763615,0.7327825680879758,0.6250168354378016,0.8359280495543278,0.9044941394334116 | 21978.79
34: 0.15795460460344468,0.5287269646345677,0.46675881152916204,0.12714529087391763,-0.2528124264522852,0.8389626846005898 | 29441.29
35: 0.12325941654730566,0.524206121686539,0.280090850576742,1.4256687520100826,-0.27893605205103833,0.8501334737909179 | 31809.01
36: 0.08482571019899765,0.42305826214527054,0.863730562791378,0.5017889415254992,0.8162370302679469,0.6802591659848766 | 31429.43
37: 0.41633863702787777,1.040773206155373,0.570935325801615,0.393537087488842,0.3453877170347092,-0.22629975344069797 | 27770.5
38: 0.6696565760994451,1.0537143002375573,-0.18090246678600908,0.20945174147786672,0.2821666840916719,0.37126809272166816 | 37016.96
39: 0.5073737668780848,0.02111287046640098,1.169140300372744,0.701154108387437,0.9973670681803595,0.9614385393280065 | 27923.58
40: 0.3774717319512917,0.5427750891023948,0.16849806319688632,0.017307570469340117,0.8805525278943978,0.7426582956368095 | 34379.36
41: 0.1905190514412472,0.819998072260317,0.7592135482800053,0.8224443355811772,0.4005107704167923,0.6636921888719751 | 31273.39
42: 1.0456495755774124,-0.025918487466427997,0.6898989403270986,0.22146956719206512,0.5996488595091188,0.7703488497003811 | 24182.45
43: 0.03320197905427186,-0.03567928681725974,0.5107265510800072,-0.08745874832196798,0.3594162705439148,-0.1346633992182007 | 27549.43
44: 0.6684814313742089,1.033236894348729,0.41875094370133337,0.697813054908401,0.8215136922572407,0.31189201535956523 | 33783.26
45: 0.5913246986015511,0.17582204563776738,0.45802737900670115,0.3062251734324289,0.5385025791804889,0.46726960251253075 | 34146.49
46: 0.0015769689965260403,1.2696484866489222,0.26686409846376613,0.40370740000864247,0.08242424167145135,0.5921924591603251 | 30992.9
47: 0.3667462628844245,0.410235839378904,0.9575284144031309,1.0363209593134006,0.31089628871068575,0.4564196516743202 | 30708.93
48: 0.911363470784081,0.6971439667450359,0.872180296778505,0.12567279914261248,0.7147634225797758,0.5721062338747557 | 30914.81
49: 0.5239187340479717,0.2850286005688842,1.282689340308595,0.5165936943321023,0.7690866126577189,0.2553059259311244 | 36190.51
50: 0.09506467583109984,0.9359991671756289,0.31947775597846306,0.8770322098282375,0.2254720764623379,0.24577744629776982 | 33364.21
51: 0.6017824281201759,1.0067906036095984,0.3952575599180218,0.21788054931577472,1.1129342393379034,0.6783365476400344 | 35759.34
52: 0.6366116564839789,0.12562953100658536,0.6752081666653872,0.6450756342230025,0.4063008644934391,0.6800405336991966 | 31360.4
53: 0.7674871949132462,0.6402073312169378,1.0580761577638025,0.8331174157870967,0.26428706489891973,0.31648476689898075 | 33789.47
54: 0.8750985186970079,0.5305028067703367,1.0032867346802,0.3485117745095826,1.0320420786475621,0.23963426674485205 | 35155.78
55: 0.5535331604791068,0.21643357800287444,0.5310704175625749,0.3537402052327508,0.35692352149917517,0.29089390338824395 | 35470.38
56: 0.3587144612958507,0.7327324071567176,0.5566368905902536,0.4833583260004318,0.33342335942489054,0.6659484764671333 | 31587.63
57: 0.43510108872603165,0.6514136918666065,1.1649887000878385,0.841121781192849,0.3661739821648066,0.76691516897079 | 32792.99
58: 0.7594352893013445,0.5886013893872727,0.5494400390630899,0.9753032994077786,0.4336821737347907,-0.09158144346487729 | 31260.36
59: 0.25284175723697394,0.4473658547861822,0.13936779975341973,0.5751446746965369,0.5909211706835465,0.23928710963298394 | 39098.46
60: 0.12020204007173335,0.2354116598641781,0.6290692649022043,0.9350052839582397,0.1333829745953214,0.12246345512241646 | 34611.84
61: 1.1522041145438326,0.3880128933971036,0.35030574826270866,0.5800164983550372,0.6529931816384045,0.8166568707578936 | 34836.89
62: 0.6780146090643495,0.24541244586582334,0.5360736457679554,0.8660789574323613,0.6404170916552726,0.2689911598724534 | 35178.87
63: 0.07221842226030711,0.13315976191821777,0.3173012958995091,0.367045115599261,1.0618388225126956,0.18851672178972312 | 33386.26
64: 0.5119410700891456,0.3025125292518512,0.4050846681685304,0.08989224038218663,0.4751285171256266,0.4160627162070031 | 37184.45
65: 0.2228682601284821,0.41570219165154365,0.6379790469218304,0.6592493842216758,0.6641870820965831,0.7970920176629699 | 31877.69
66: 0.41646910178749313,0.9775012405192872,0.17205829234651096,0.26818190267076325,0.3906581293131586,0.1991841951243647 | 37211.79
67: 0.07034358582734973,0.39355310040045566,0.5204677400524621,0.07713239774709368,0.6754384750693002,0.5803283470874351 | 33595.29
68: 0.8586215183016179,0.6359803231345407,0.24971890949065345,0.5871417604965308,-0.3719739408308308,0.5445793855719621 | 37079.48
69: 0.931400728874161,0.224192915551931,0.47013473898697,0.5833956332320285,0.804257322838516,0.08750975752259876 | 35896.26
70: 0.6521324425995978,0.3592703305793319,-0.28561123942589794,0.6387030260417448,0.29101011673302535,-0.2254280458803849 | 45520.05
71: 1.6361907782578435,0.21415305462839207,-0.2683164078204284,0.03574532002973303,0.9056456890357985,0.08323120756318242 | 44529.0
72: 1.2145471566310384,0.7724743585829117,-0.11571324513136434,-0.3827882576771584,0.07498904838693593,0.07761104605682173 | 46365.34
73: 1.3248175782421294,0.8938574414509911,-0.2158449858022502,0.7417473407108944,0.4256103770786084,0.12587180715308718 | 45529.24
74: 0.993636592322731,1.0356235185506382,-0.28426410371312777,-0.17425079340263452,0.2966817063295471,-0.13639469083179454 | 45541.34
75: 0.9465032304099362,1.0251069051991144,0.14216540224806837,0.29470014934705774,0.22164476690276444,0.40026556916397255 | 38228.44
76: 1.257487522099487,1.157790135423478,-0.09788020815338902,-0.08656995420061707,0.09263971371505497,-0.3180127633297649 | 45401.95
77: 1.3802384496178157,0.8370173251823266,-0.436765370695183,0.2854685704921049,0.02279220689783186,-0.19916422355422506 | 45597.67
78: 1.1724281239296743,1.1194183784185603,-0.3097456719213968,-0.01032204104101987,-0.3122846755553863,0.4950207545867763 | 45081.14
79: 0.9826612509697172,1.0032363476198811,0.296789192935638,0.33167177528310865,-0.0012261808185499105,0.1060843147396826 | 35143.48
80: 1.03463638102269,0.9825295767134961,-0.1594197076546291,-0.3476607550151624,-0.1969567948108598,-0.03627304779868362 | 45178.32
81: 1.116808565555599,1.1876333264624037,-0.1735129172699766,0.09617189673071853,0.0836971235665152,0.8395004516002544 | 45826.04
82: 1.0689455823255187,0.7220326603555323,0.008874668036153577,-0.058491851468431735,0.0561126192262397,0.8254021038200211 | 45918.1
83: 0.7250487619000046,1.156698484629874,-0.04632837481431419,0.20650171740711518,0.030003129314268052,1.0029291844857644 | 44542.32
84: 1.18147369154792,1.1000016348240167,0.017436177505290657,-0.06565302824559452,0.2615639900496586,0.7388827846008477 | 45362.14
85: 0.8355368672648813,1.2131959595998305,-0.08751865609342852,0.22726807423656536,0.2962964073884863,0.8974036173408115 | 42926.25
86: 0.704900622384004,0.5005739573087857,0.14001980544126244,-0.14447343811363172,0.31583226147468135,0.545055813568618 | 39248.03
87: 0.9341627203718089,0.9626142363399609,0.021804122631938674,-0.11667050221957727,-0.006942642962116385,0.9879818065843755 | 37869.27
88: 1.0508370873328736,0.5783978919490873,-0.30992655349860276,0.24044650860476907,0.4242499155648427,0.8915271789987191 | 45559.64
89: 1.1866609207621275,1.1034198823662251,0.020983283620433328,-0.12053793801964408,1.0672697975535095,0.8861482467278473 | 42612.0
90: 1.1510393083152248,1.3134737764417257,-0.23901432357986674,0.12957083251374027,1.1518135399272746,0.13892985666827976 | 43233.52
91: 0.6457053991957409,1.0971770389956066,0.1300343016106847,-0.11297489401577201,1.1326037151878128,-0.11268527052309052 | 36366.6
92: 0.7065027911822381,0.9400061232373147,-0.024609544924681037,0.09700231055637312,1.1649072582950757,0.25460452809337286 | 42968.44
93: 1.3190689206840893,1.1843264979173074,0.1233378587409177,0.22417077620813472,0.5182546379400452,0.8957668125751422 | 37495.83
94: 0.9321353895763611,1.1526671439357707,0.27430932735757657,-0.2441651117448376,0.803057654972934,0.7511457719205235 | 34007.67
95: 0.9975728576340621,1.0365780121712909,0.2816423323829904,-0.08720981576268105,0.8630843004057316,0.8867218008706264 | 33453.4
96: 0.8915481508456257,1.107280766468924,-0.14427619909060801,-0.0801334807088836,0.5597451714038545,0.8047024057750279 | 45636.66
97: 0.8005133574024534,0.909525513899855,-0.22992656283673446,-0.18585098632466213,0.5546464154540599,0.7563025574018951 | 45906.75
98: 0.8504950458503736,0.78382593319726,0.10287149156591727,-0.15392484626226616,0.7332255842671718,0.8405212748478311 | 40280.2
99: 1.203833171293175,1.3623815110932678,0.11280216012153102,-0.17480660461438557,0.8800592302507042,0.3155521491926023 | 38854.94
100: 0.3686631441547994,1.0614021473477275,-0.1708078852974123,-0.022846476047999602,1.0648892266168324,-0.38792013587492274 | 43919.55
101: 0.9629251191721399,0.7798941999456255,0.032697272262393266,-0.21837429773928235,0.9337288891315856,0.0035791655696617297 | 44571.54
102: 0.38203894106101915,0.34801386947802576,-0.16696338175795591,0.1320592666724537,1.059873792105964,-0.021245040426117606 | 45854.86
103: 0.718215542327522,-0.21218075950565038,0.013011766072766861,0.41593179284019005,0.8685496264364352,0.9923555029220763 | 24067.45
104: 1.2099353503820898,0.05578594649693257,1.114747027780072,0.17974599159149854,0.10344462281980961,1.1917470310807432 | 33117.96
105: 0.9691319701967308,-0.15763329665175926,0.5187366108346552,-0.1294448441022318,0.03097336525973887,1.0037974913595231 | 24787.46
106: 0.8840119254787961,0.08732532700067669,0.9252428154678376,-0.06935023846592762,-0.13296864888188278,0.7691191449864719 | 34906.06
107: 0.8924868924882566,-0.04241117251374354,0.2116809317442064,0.03462223466960598,-0.010925169981994283,1.3506707141819132 | 24755.04
108: 0.9711658205952594,0.09121823393387442,0.9197412360112155,0.20425498648438492,0.07126989981661147,1.1034313643326439 | 35500.71
109: 1.3448935394981008,0.12455440956850572,0.7827898385711167,0.1887172589526234,0.0976838667027897,0.7497824706083523 | 30295.32
110: 0.678617083966023,-0.29151302341031365,0.8540771275375751,0.1948725898891486,0.09740746594320276,0.7702098877885907 | 24473.35
111: 1.1181818485514476,-0.18482463145183853,1.0012311376973984,0.21275249732273877,-0.004453152211694841,1.157314470489529 | 24209.73
112: 1.0950535314395786,0.062257079478887783,0.9902903373553273,0.11310786051667907,-0.02537766808831981,0.8695482046236345 | 33992.93
113: 0.7304167391260276,-0.18208809811593887,1.0688336301556896,-0.21243657990827267,0.23802720050580906,0.8898471269758211 | 24779.33
114: 1.028972302493098,-0.025887298956669563,0.9269794316154183,0.049533673642909753,-0.13884936659794941,0.6820288340484941 | 24858.11
115: 0.5909705425862233,-0.2016002405891786,0.95331135031678,-0.22472772490092158,-0.06492680232696237,1.26382492064417 | 24753.0
116: 1.0918133367327552,0.06172277007931961,0.8587192871834113,0.0751536943987364,-0.02236117918005789,0.8171548666933348 | 34139.71
117: 0.7244709326171699,-0.27204675175428117,1.451926415155683,-0.02585057364611309,0.6232176866998389,1.1281145642105588 | 24285.54
118: 0.936323481448684,-0.25064046681609686,0.9818693499986273,-0.029126843879644693,-0.06469185679317939,1.124305230126383 | 24666.18
119: 0.9670162449420612,-0.02285533850326145,1.2319264108361048,0.20617002521210212,-0.026036352574210386,1.0096684628108428 | 24419.57
120: 0.8574391837303338,0.32317435669641975,1.022452327683036,0.2613419354688629,0.4803226889782891,1.128209438508736 | 33571.04
121: 0.0956880001209609,-0.09628654297374507,0.12115325185846774,1.0465492310354905,0.9047305358193926,-0.07748759916866126 | 26318.63
122: 0.34878000466552933,0.2942488596156791,0.8882011668134198,0.1202185340386618,1.1314388978197123,0.5856997546942767 | 34507.82
123: 0.01363939027636159,0.24714336593240815,0.03606038837241903,0.9922240270770022,1.0072757473195568,-0.018758218696274552 | 41226.21
124: 0.9873921677679424,0.04455764749599294,-0.08479690480248159,-0.004915085130302333,1.0024382834345287,0.09267708320526455 | 32847.92
125: 0.19356630508696981,0.022441719828519148,0.0332437222125387,0.7121543886888309,1.0058409052423165,-0.1310361688682909 | 32052.56
126: 1.1075270594506317,-0.1670406938605811,0.1754077759045645,0.0747061391673358,1.0302762719706187,1.0085409668096594 | 24654.13
127: 0.717394874938273,0.10972078813438901,0.8680555594483939,-0.092246812678214,0.9468854640617936,0.8465418602608702 | 36563.58
128: 1.144120421453291,0.1878818372230061,-0.3896466945182638,0.1315628534610883,0.9823483832039164,0.4056499365793111 | 41800.17
129: 0.9174507584632056,0.0971812460004806,-0.09861192965734046,-0.034304512967599884,0.8127516226662295,0.18019158807484004 | 35908.29
130: 0.813754854594565,-0.024507955989429415,-0.11630998212300873,0.31303643029189365,0.88744753178465,-0.07206037037154775 | 26772.64
131: 0.3939448882934438,0.0997681602998696,0.9908374406047593,0.1891825440810154,1.106493247113272,0.3517373477795171 | 35523.78
132: 0.9327248281432756,0.07750367961442786,-0.18163406750753014,0.039196552791586764,1.0737849462901718,0.6398785883858078 | 34719.8
133: 0.7927226538393982,0.055924304558881664,0.06367094150708805,0.15823791141812688,1.0638075411629797,0.6317500708636598 | 32946.29
134: 1.1022287928339956,0.3183906370709752,-0.11686401933047118,0.17386206787991274,0.7963642457866489,0.7296253238274871 | 45194.45
135: 0.07316050722962944,0.4216134220551121,0.24247177899028144,0.07587300194683852,1.0420444078817344,0.028791873756637294 | 35871.38
136: 0.12702577460991696,1.0046348899823858,-0.1353262898122196,1.1603431243123814,1.182283345224467,0.04464426173912595 | 44134.41
137: -0.010043878814188655,0.8658278058698734,-0.0809698512447716,1.1159760901648699,0.6294317211914846,-0.0018954865132524916 | 29978.55
138: 0.11250239152008848,0.8931383977451398,-0.20170515473768735,0.9740607229781987,0.605254537493701,-0.18593591843504897 | 39370.72
139: 0.16182838963029147,1.1126639548498194,-0.09185402460137208,1.0888866776015202,0.200572427734117,0.14719891781437164 | 43120.5
140: 0.08116676515921878,1.067399354297611,0.153857442001396,0.9385049177326461,0.1816962375118184,-0.007103032383769079 | 32181.84
141: 0.26363722626942054,1.0437765992715782,0.09379468960679381,0.9734871674193692,0.14258335111756398,-0.1281494623675665 | 36705.7
142: 0.14000605412669254,0.8768755931631864,-0.15637658908781596,1.003650187879502,-0.04130990290977083,0.15077315344287004 | 41683.82
143: 0.1677008332925386,1.0696412097454935,0.16963465502683162,1.237393850152782,0.19521606730612603,0.06473727093308333 | 33937.28
144: 0.05930718530050893,0.9526987511502996,0.2535069721857572,0.700445232132157,0.02866001282876844,-0.05377070258192613 | 34968.54
145: 0.057310356882647615,0.7289365745822449,0.1840065935662045,1.1321605373304857,0.26528824604809575,-0.08524356490997301 | 35132.16
146: -0.009269135184122364,0.9793299208594821,-0.09363639723276958,0.9717479026038343,0.7320864746388404,0.06944952781983238 | 29901.74
147: 0.07392423924058067,1.1566385756896498,0.11866046708801874,0.30321623910192474,0.8044011578085348,-0.04335465749213418 | 36266.13
148: -0.11607151788643877,0.8932067950467422,0.010738256043364916,0.6655675965060056,0.6257196784181425,-0.07117875504636237 | 29893.54
149: 0.3559769124763186,0.9062971843925264,0.14092190656774228,-0.10836931038200517,1.079170265413446,0.17391717140318635 | 35812.48
150: 0.4293836633737075,0.9897589313275702,0.14107066442514776,-0.11212051360655872,0.8722753989521168,0.036394253052038535 | 35142.33
151: 0.28606107656528,1.0746639373211526,0.008559034327986163,0.035291147236508925,0.6438457239539591,0.1699719076967339 | 41553.65
152: 0.6120287582069813,0.893614870864921,0.06550922257405219,-0.000872935236024107,0.9274926976228678,0.6339156334112538 | 39460.83
153: 0.7014527306517744,0.9214496431714826,0.015302848928356207,-0.001905348074141644,0.8724603297378537,0.2672146109495227 | 40690.07
154: 0.7889111115633919,0.4689145039425303,0.027520013870837478,-0.1320123684147473,1.0398359950379688,1.0940978467914346 | 44861.45
155: 0.8244033918896143,0.19120766162496053,-0.06162408981416951,0.012237072214755305,1.1262427142137037,0.9619599210394537 | 40266.68
156: 1.033743711939588,0.5742703074744601,0.06202784410869043,0.28379806363890414,0.9707765659654646,1.0538624457097363 | 33414.72
157: 0.9368492995271656,0.7062424599233162,0.1459749313656071,-0.004276996675553014,0.9989964811167663,1.0117860598053898 | 31546.46
158: 0.7614260216820374,0.9255438736209629,0.09482981590640589,-0.15825162000839932,0.6153987674286727,0.24101248947321702 | 35940.14
159: 0.7688754139889667,0.9164248973560999,-0.09575826839668475,0.09790286973770514,0.753012242491697,0.10213136505842427 | 40283.91
160: 0.9211776316267886,0.8514016543308338,0.015268913305304816,-0.12358823602994927,0.934961318704645,0.9858588801654833 | 42542.11
161: 0.9688390147517822,0.7229530890814081,0.07243368886954411,0.08953480288424022,1.0995856135718767,0.9266473557420746 | 31703.2
162: 1.2574357230270632,0.9413907293147404,-0.06326728975305117,0.016792790083906103,1.0036244181153122,0.23441570765169845 | 38070.01
163: 0.9747062510724507,1.0810201647400253,0.2062038812360454,0.01777754493453735,0.9038720420911677,0.8522450832904941 | 31809.94
164: 1.1090372302064253,0.9894783777832337,-0.10508426058075133,0.0047934915371665495,0.9733191389216327,-0.08437751288392964 | 40588.82
165: 1.205382910176632,0.9025070760315368,0.0914298268502815,0.07261284670382573,1.087235315592161,0.8168494727548798 | 35003.86
166: 1.0643471252124488,1.044756845699135,0.09327427352682813,-0.22553328421143143,0.6764720664888012,0.03920896795962587 | 32896.75
167: 0.9014642777736225,1.0740093175476333,0.13908768221887602,-0.1660943337514367,0.37505319374513735,0.09595702134175317 | 33381.81
168: 1.007572071442429,1.0693024342522697,-0.010443353773418871,-0.08387065019490932,0.13606788077167414,-0.03640187642176549 | 38900.41
169: 1.0379309216266785,1.1277089748086249,-0.086295991724128,0.10169581705878393,0.9873042699921042,1.1595203157538472 | 33931.07
170: 0.9644133371278202,1.0153195577800433,0.014979926386752484,0.056784920825094266,0.892478084662561,1.039145551866863 | 37797.11
171: 0.8612398235790812,0.20195058134980332,0.0714998316476201,-0.002626054521120793,0.981411350169171,1.0476095774672938 | 40663.84
172: 1.0672280755246195,0.7786146866957966,-0.07913799076892394,-0.0238712184434159,0.9613035113972348,0.9849791273337459 | 44471.19
173: 1.146354054899628,0.041148360873233675,0.11945649194587217,-0.02370098707582424,1.051242988623619,1.0549061933383999 | 29085.74
174: 1.0368200338557187,0.6592374781431398,0.009332688549069774,-0.032661025164730934,0.9528525070591496,0.985618195531017 | 43025.15
175: 1.156920244835877,0.0051392272543319085,0.05621200984463825,0.12718278240424508,0.9162009436927753,1.0187932980023615 | 28672.03
176: 1.0466573608382044,0.10860803836545972,-0.06718893181852074,0.020378597489891855,1.0261550624511178,1.0354434364084057 | 35766.77
177: 1.0069357411187723,0.13703583998080343,-0.03203944932043546,0.2105348926792232,1.0018772010347448,0.9122503379237672 | 37941.89
178: 1.0859389349909045,-0.018550444316097675,0.08858602099529013,-0.13311118642407796,1.0495555937064607,1.0319727004109613 | 24074.03
179: 1.0342379237974006,0.15238996848106096,0.08819600872545422,-0.18197800011683593,1.0285678543109094,1.0082088167526642 | 39180.99
180: 0.8426606451591877,0.9774732275549957,0.04142314956892325,0.003661110602089142,0.8597810075175343,0.907739835827818 | 43054.83
181: 1.0204267221244638,0.017467310797866127,0.0505794838553621,-0.04361557708683096,0.9904116969626119,1.0562005457583066 | 30427.07
182: 0.9723241573521879,0.33986493562981085,-0.15222345973320983,0.006906130841891415,0.9796002509767026,0.9465549911146264 | 41805.84
183: 1.0183634335407539,-0.04184183546629348,0.08432337191784972,0.913056710059415,1.0612571612963304,0.9274923292948402 | 23480.37
184: 0.8785238578655195,0.053825587880363485,0.06577435217519176,0.10635966114149174,1.0488083255164335,0.9710040097800977 | 31906.81
185: 0.8756230960800275,0.23643616392927094,0.05388486508000352,-0.059292642854929,0.9641796879448632,0.967414881934333 | 39087.8
186: 0.9810580192347451,0.013495341390454777,0.0366703384855033,0.04507755197655647,0.9875560877545233,1.0332081307185428 | 30493.67
187: 0.9758121001507482,-0.053949329981321015,-0.047893282213172836,-0.05510114000713589,1.0398299341039814,1.158184041407347 | 24438.45
188: 0.9847925492841181,-0.008553244458114409,-0.03891092787482808,-0.07121179527975181,0.9137155646464655,1.1619549204968178 | 24245.22
189: 1.037633850549853,0.0781916991538876,-0.10343175356501137,0.05473696202269005,0.9157298560204776,1.0124487773690987 | 33763.1
190: 0.9915786925320813,0.9269275218860907,-0.030364341222933734,-0.03918938657727396,0.9997160774379901,0.9681527387434057 | 43623.55
191: 1.0123874091136005,0.11151949544806901,-0.05039557782724334,-0.0796043770528506,1.0540472536817589,1.0233277162572016 | 34437.04
192: 1.1584058808904165,0.9572892889023203,-0.09100563446453601,0.04441681404659724,1.0487272780993575,1.0255367684131573 | 43459.78
193: 0.970750665399675,0.41540353182190487,0.06820999864880396,-0.059706381084476665,0.8275258540407383,1.0887275222492452 | 41417.49
194: 0.9379300757489117,0.9437823190557176,0.05382818441510891,-0.014548892773855748,0.9969049208759133,0.9371361709711427 | 42251.61
195: 0.9770862387984347,1.073095731566681,-0.0007904088968865987,-0.10986140305284191,1.0738650834695067,0.3179005079670181 | 45156.88
196: 1.0560311729958998,0.577953018156858,-0.03459336525100748,0.031341059003637185,0.848384836795367,1.0182086457259356 | 44483.75
197: 1.0535532311278064,-0.01879737523127119,0.02615548673514855,-0.10002938447874554,1.0574358546332827,0.9198486726541075 | 24340.8
198: 0.9235159151568813,0.7188048079564893,-0.0842522867727712,0.12478272119424333,1.1489781179982161,1.015883532887075 | 43587.02
199: 1.0888412497720685,-0.039046614934791786,0.07004040605486932,0.02072878717515088,0.9443461552471609,0.9789874152431934 | 24571.26
200: 0.8680063920813739,0.6807921838218451,-0.11988797575620386,-0.03684417079749616,0.9281623808690167,0.8876682959754271 | 44835.31
201: 1.0401690216468364,0.04983225214997554,0.012907616369688594,0.11453131970195973,1.0553893305951585,1.047524939836 | 32249.45
202: 0.9678833798254186,0.9749727718440963,0.024079039941719668,0.03946026577901978,1.1788466948023184,1.1652760633092247 | 43089.6
203: 0.9734171048257922,-0.19365762204230189,-0.020697140905083455,0.07952341364621283,0.9058966677465055,0.9689467585740325 | 23759.69
204: 0.9332950825945209,0.11514310735508261,0.08036097638850714,-0.029912614922456324,1.029806408052233,1.0836113619035799 | 36251.11
205: 0.9264538308084187,0.9939680454760528,-0.01333287781031715,-0.03343320499468197,0.9618775200662406,1.0503029164996311 | 44460.6
206: 0.6625804179706268,-0.08848985023423656,-0.025634850552679125,0.9410290765042015,1.0460495712155349,1.0142848830870819 | 23416.97
207: 1.1540476127307755,0.09280881051818198,-0.002074192332799476,0.053729859713989886,0.9823338658959326,1.054200233607235 | 35331.06
208: 0.9940332190812875,0.984130186525236,0.0842815423080215,0.018964581400502164,1.0198968298561344,0.6659638272312535 | 37513.65
209: 0.9967386195741037,0.7957672521714759,0.03403668059009376,0.13320347595320997,1.0386028977471495,-0.044665587873277936 | 39549.67
210: 1.071004240867093,0.14759133911497851,0.0656903630849307,0.00714588500700026,0.9788277267422696,-0.0312726981098734 | 36517.53
211: 1.0960743842425416,0.9891084107502031,-0.025643357462495193,-0.00438111658045821,0.02868572034703951,-0.03929864915686694 | 38715.97
212: 0.14151328632353102,0.10303723549265238,0.006291020925747564,0.2319551904713324,0.9936394975598213,0.06044458962208444 | 32159.54
213: 0.9934719176908303,1.0208514871862062,-0.03680297089545362,0.04020975175468177,-0.05598919071541076,-0.009866004314276028 | 39765.51
214: 0.15620829125450789,0.11234402945689631,0.029076195681925033,-0.018648469228669834,0.9690350324759492,0.0886240757662713 | 36233.12
215: 0.999357356919408,1.0970319369275485,-0.08199505268113447,0.0481521929133327,0.06377621718470874,-0.04984225746103604 | 41154.09
216: 0.12123118901882529,-0.008537153625641836,0.03186827293121205,-0.03683399202890966,1.0245821327200633,-0.030118114822944082 | 26924.89
217: 0.9019445018434149,0.9202479092483415,0.03405321797983747,-0.044433463138580015,0.023026672095414317,0.22809897852568772 | 39616.46
218: 0.02527164647113955,1.0203666312896698,0.017761701114300178,-0.13735529768493976,0.0774065785059474,-0.006249502969331629 | 42566.48
219: -0.011760040394072697,1.0631552450024817,-0.02563250033976429,-0.06444148709998038,0.19249633678427236,0.03255457148875106 | 30780.31
220: 0.17320753392879715,0.9437186875128808,0.0130991268085016,0.0522658302220804,0.4966096942327944,0.005267826853069894 | 41886.44
221: -0.00024739460171678725,0.9284547222651355,0.04357201102498233,-0.03046936074141974,0.43795732989609676,-0.002967949372642787 | 27520.21
222: -0.042599662684763936,0.9938488778772832,-0.00887574919360386,-0.03201513865277794,0.04883827578553019,-0.06736454499975435 | 28922.43
223: 0.0034888646299420477,0.17594419015793755,0.02836743340958819,0.0823339688125355,0.9273700504552935,-0.04158204842628528 | 35678.7
224: 0.23272969514391137,0.8982403352972843,-0.09318370589931828,0.0099168538648026,-0.024546091288649506,0.006927353960697664 | 40085.77
225: -0.0048686604758677865,0.0662243693934339,-0.06271022458593202,0.267557363341556,0.9556249392920925,0.07612449345213385 | 22323.36
226: 0.4301609900095238,1.0224553961384761,0.01565022636687781,0.09152794237051243,-0.03592784938157809,0.009493812669563898 | 41113.03
227: -0.07461615345819922,0.1151668677501525,-0.04383437456095399,0.09057668528394469,0.7691277863764222,-0.06898502769518369 | 26816.53
228: 0.09191764023099457,1.0860301526459675,0.007716732817687998,-0.04559122313264502,-0.020507973983411552,0.06848764957736801 | 41524.21
229: -0.010587241142670331,0.8653932698845647,-0.057561697273508704,-0.05273837817246418,0.014656522224347796,0.0197191091807617 | 30904.16
230: 0.04968120829743352,-0.09256126583477234,-0.01602901184255586,0.9045111077831557,0.6437057449076314,-0.07728572093062469 | 24287.13
231: 0.7937132639588803,1.0581068145328187,0.4714116508536972,0.04784133660913605,0.041054607446097714,0.04119514467368783 | 27725.71
232: -0.006420282843793189,1.0462505061365461,-0.12253543281791984,0.07710749084952015,-0.018825705310736324,-0.032954311612109016 | 26503.6
233: -0.04053597159846105,0.010576036966496699,0.04073229946087018,0.8868643221559166,1.0073187464721274,-0.02795033909172986 | 21707.49
234: 0.3302463084009496,0.9489425338203674,0.05316825582999035,-0.03573588708013836,0.06553849997721271,-0.008693720691951259 | 39690.63
235: -0.014085723521861548,1.0168176334506391,0.008890726295842324,0.01476460621375125,0.30292396890187445,-0.010361999652543282 | 29421.1
236: -6.139125189971381e-05,0.012692158706398235,-0.003288503615562667,1.026474638189461,0.9824605213627683,-0.011121345148202802 | 22461.61
237: 0.29532781197117575,1.0555496862096427,0.009392337785168485,0.0014525217155303522,0.0002201987905029037,-0.0439277855591963 | 42820.17
238: -0.0226633441559023,-0.00688763099025278,-0.004137452892451127,0.9098749427509528,0.8838887314606618,0.05447742628342077 | 19145.03
239: 0.026183450135411505,1.0393017748578048,0.011964233714239176,0.048306502291656624,0.0037039344066933243,0.04321329259216988 | 42723.8
240: 0.07952795520616497,0.033914036450509874,-0.022528442423677623,0.9119958958800001,0.9307968719395663,0.01735703591875254 | 30945.27
241: -0.0064953949846015165,0.9628458036618293,-0.057770472507722104,0.004965646795771592,0.04677527005157205,0.011497977384227078 | 29314.36
242: 0.29840051349211666,-0.010943499007074864,0.0073957216287774095,0.990782744247684,0.9206489843116205,0.023106147646494248 | 25145.0
243: -0.013624062301510708,1.082295546330044,0.03690631038186141,-0.0629027117673761,-0.0018539651148360592,0.07550246061001067 | 27388.18
244: 0.6799167584914595,-0.02435074770726167,0.034047547696934334,1.0441485686022283,0.9469250837853352,-0.018635430011825615 | 24946.65
245: 0.039052192751467436,1.0362895992539616,0.9883431032833444,-0.08288727797850022,-0.03766215124520699,0.42591956807979015 | 30381.44
246: 0.45121801325255595,0.25769907938378317,-0.105624326825522,1.0051004313304965,0.19686213136182537,0.006757166604265195 | 43305.46
247: -0.024225070142013107,0.9663089571825177,-0.017505565104227027,0.02301314489804828,-0.0010176238050074399,0.009123516601933624 | 30307.97
248: 0.11276945202815701,-0.03350740092631243,-0.017348249099539546,0.9402368922070407,-0.029012814689554273,-0.011165808301266858 | 26172.85
249: 0.30231273189931823,0.9191416574154492,1.015746678384711,-0.014854619298744508,-0.03145391348340101,0.058867404391209674 | 30614.69
250: 0.6016014961137435,0.9587464093744047,0.03679053473631225,0.993687750336543,-0.036215336848477414,0.005614796106354661 | 41881.56
251: 0.539466113179139,0.05119013564369978,0.04107366738417445,0.9488636577392516,0.0773200962533679,0.019465728858789833 | 32732.2
252: 0.08775792727384842,1.0164314333896192,-0.0007983572125731,0.08794676288786904,0.030910221760054958,0.0118095602104342 | 45223.39
253: 0.7907465425834352,-0.011873910097715145,0.0583308576819655,1.0093584288882604,0.06519754682522017,-0.05186070273225952 | 26057.06
254: 0.045674266424846906,0.045820893956127026,1.051854987602357,0.8425299822507577,-0.037681739560071204,0.04359520826345479 | 33130.66
255: 0.1055886184514815,0.952720119202662,0.05457882186268837,-0.0037747992633645963,-0.002172084022803382,0.01356493700219251 | 41024.06
256: 0.5470947209055597,0.002594476373942267,0.03142154466591763,1.0007762996568776,-0.0062423134395574835,-0.054367047684216185 | 28604.53
257: 0.1334613616197443,1.005452921014677,-0.036710942858506374,-0.05434070369011586,0.015047715018094683,0.07029016426982031 | 44266.43
258: 0.6566795968141614,0.0012564420629043876,0.049865312732101555,0.9471559728905914,0.004511651927218667,0.02961137884559735 | 27687.82
259: -0.03572403865735089,1.057106274932936,0.01907864908652272,-0.01968866437741514,0.019726307472358356,-0.03407747760269368 | 30150.51
260: 0.520040615920487,0.022639602536105384,-0.004310384733248101,1.0289953163255119,0.0052951350971966,-0.016125970964505448 | 31455.2
261: 0.03486489685809139,0.9848875744012444,-0.05080914615126599,-0.030882181629448766,0.03889260918348869,0.07460129450116205 | 44129.14
262: 0.41473155350563395,0.010717570562131623,-0.032968804083606515,1.0023384394424013,0.05852559898511878,0.02730300357604798 | 30170.41
263: 0.05282316481021439,1.0110610896499082,0.025508151202854757,0.05915171871057434,-0.003497846070352075,0.008098570433517154 | 44276.09
264: 0.755192595374501,0.013419807120807275,-0.03358398334305354,0.9789805871186211,-0.02593919822159883,-0.030067155239739463 | 30645.57
265: 0.13769617053093486,1.0285717342768648,0.03265679262889255,0.06173571620239145,0.015164967253525716,-0.00605202689485885 | 42642.48
266: 0.7857666748397709,0.03541096142702076,0.00872055340129563,1.03514950857959,0.059978129446117745,-0.04874039681652579 | 31481.31
267: 0.05606053992125979,0.9990748241585617,0.0038105738714941653,0.0480089618126979,0.0026271308699833506,0.024874982773005785 | 44320.2
268: 0.5632365097656559,-0.03982691303150586,-0.023416273027753523,0.9845202950810333,0.021305511106244526,0.011150752043839163 | 26107.08
269: 0.051683939571216544,1.0054505932531312,0.04629245961084003,-0.06243075178000108,0.007788748352323783,0.005149454250791412 | 42866.08
270: 0.28329723202321844,0.3590539695089647,-0.024410921821439023,0.5780462727199152,-0.00890476599040816,-0.040034368271130036 | 44577.92
271: -0.03712103729110757,1.0120856359533752,0.006413088171069278,-0.02067107419939268,0.03196196019473637,0.010077608730206742 | 30211.13
272: 0.24220211436701,-0.05214320644245039,0.044510856100881874,0.9582409807550953,-0.034149356155377675,0.01690670435821941 | 26103.57
273: 0.06193909107318672,1.0129606282956267,-0.027370952035610765,0.007815235090557362,-0.017907058352970774,-0.021586692936917257 | 41976.82
274: 0.3507685140401354,0.9449588425090844,-0.018172114319367733,0.018384041021711914,-0.004344255911524251,-0.021212952541878525 | 38703.46
275: 0.2495732175158787,0.928121691210972,-0.05186408542237798,-0.03571979812616891,-0.0111512907715006,0.06773452736186365 | 43200.09
276: 0.17763636593666354,0.11692798267725887,0.01866378455795004,0.5756495439722543,-0.03779732307784103,0.04394166279070133 | 36759.84
277: 0.0007202820348514798,1.009821643158485,0.057693116334392926,-0.008653807190222882,0.029980320584213856,0.0007421275152815459 | 29553.87
278: 0.13320546158921948,0.9869096417269535,-0.02648898748718881,0.06305938892540888,-0.022475498743121422,-0.026770372880046703 | 41878.19
279: 0.09010722044641184,0.99938906105717,0.02545477826874869,0.08165651264289177,-0.018486781202372245,-0.03881298273446572 | 43498.57
280: 0.037696711005459724,0.9965205128696047,-0.013663779529957499,0.012672431034167632,0.016074144951587856,0.004632088009474894 | 42771.78
281: 0.023542838407579494,0.9758322964896043,0.009660761703986248,-0.012752615246697572,-0.02058447095225993,0.03796377938297208 | 43277.1
282: 0.07910668499406907,0.9988226912417751,0.004920949458364544,-0.015520083405700793,0.05419004043837772,0.008129632441987968 | 42386.77
283: 0.002233858433285652,0.9354929506853008,-0.028237740484606255,0.02818671525991137,-0.028917268000479182,-0.023830338286717368 | 40169.98
284: -0.03953507419793192,0.9798806083834044,-0.006584936498926749,0.04140194624650948,0.06368920449693019,-0.02950910573977048 | 30866.89
285: -0.005398153395866419,1.02580766325842,-0.04294203489855899,-0.03048910605430978,-0.029582534788898187,0.0863527406183088 | 30231.92
286: -0.013583404619770027,1.0020785067409712,-0.0002744600050070029,0.019532051516130817,-0.005075350132780713,0.028147677811453532 | 29887.78
287: 0.018509602052307145,0.9985727571028652,-0.00235239150632581,-0.01338132014204204,0.01322982152782795,-0.029542978582384145 | 40824.08
288: 0.020940184121347905,0.984569180699914,0.04049189282951141,-0.021011575327413406,0.04504229478615425,0.04613247368833042 | 41640.25
289: 0.00964547236273111,0.9901150539035608,-0.0070773383792752205,0.011454467203743152,0.06480960196659073,0.020173129691169484 | 41315.64
290: 0.020268532614943314,1.0167039394576751,0.0402766955804827,0.3262048459482662,0.030976467712075132,-0.019845555192204416 | 41098.52
291: -0.03926122296898665,1.033929276685042,-0.017912662352936277,0.43738309274064213,-8.07779746859478e-05,-0.04522523048496837 | 30454.88
292: 0.03626704421022936,1.0009154273512673,0.019664883762370668,0.03129123503268544,0.067210628787517,-0.011400418759278509 | 45321.61
293: 0.04821283197305956,1.0063639663721342,0.039146335628327394,0.03763362585821142,-0.002463094040672877,-0.04087859548465936 | 43445.09
294: 0.022966374239855352,0.9878857765323199,-0.03886234827810227,0.3315681403473385,-0.02821636339282289,0.021635250739914822 | 45096.29
295: -0.04700492848183603,1.0240793721968138,0.01837536216900803,0.1833182823270011,0.007667428856103151,-0.0007290711975380326 | 30800.28
296: -0.03585536136932003,0.979099153274702,0.0077089421566269726,0.2845526234212348,0.05152702579162863,-0.030234503695088295 | 30420.11
297: 0.0014159927409291336,1.0145229029971607,-0.0654907704415009,0.15837756557858862,0.025975110540687907,-0.013822185785600304 | 30622.05
298: 0.005583544554299025,1.024688713996532,-0.031729620551833974,0.17418904166164287,0.03438305493422693,-0.02711902740446592 | 40718.91
299: -0.020458680804919673,1.0238139623762064,-0.002501042152754337,0.12480927695963012,0.022897210156000273,-0.02132671339455247 | 30882.2
300: -0.0008808863929064409,1.0499391225594272,0.03395866386296273,0.01612233273299289,0.021426144341407494,-0.033935227496239784 | 30444.64
301: 0.040276465589243346,0.9787340702078208,-0.0019187260329860008,0.10208082133958785,0.036446451962213355,-0.022956008234724063 | 45113.71
302: 0.001810627174563706,1.0,8.617803476788607e-25,0.0005284438957460225,5.306384581673315e-23,2.588297211649805e-15 | 40130.06
303: 0.0019383508479222655,1.0,8.450890000226607e-26,8.904449350666255e-05,3.3249729848596635e-23,1.9582561060319274e-15 | 39812.94
304: 0.00274894991889596,1.0,5.156163002504958e-25,0.00016301967843901366,1.5497939886955376e-22,1.2144168015767922e-14 | 39680.51
305: 0.0022855643182992935,0.9999998807907104,4.5202982185851015e-25,0.0016924659721553326,2.4669652027435368e-22,5.229923278845562e-14 | 39334.75
306: 0.0013570705195888877,0.9999985694885254,2.6476023337154097e-25,0.016083521768450737,1.0914982407225524e-22,1.2613452220634064e-13 | 30842.17
307: 0.0008312077261507511,0.9996522665023804,3.050262032222318e-21,0.4933961033821106,6.6338293773425935e-21,3.311291171814723e-11 | 30595.13
308: 0.0006618699408136308,0.9968931674957275,1.4914605145705014e-18,0.8260021209716797,3.643300205883618e-20,4.016496857328633e-10 | 30358.49
309: 0.0005358397611416876,0.9997938275337219,9.027127037954894e-21,0.42981719970703125,2.6441254391364094e-21,1.958136777724384e-11 | 30473.51
310: 0.0006508559454232454,0.9999963045120239,1.3329261546484395e-22,0.13094975054264069,4.096172556590225e-23,2.7608598458621347e-13 | 30705.62
311: 0.0009254770702682436,0.9999434947967529,2.4386475598145332e-18,0.9630861878395081,1.757023741083699e-23,1.1230780845236654e-12 | 30341.75
312: 0.0005036146030761302,0.168820321559906,1.0,0.9999996423721313,1.6990395660957595e-16,7.659260154468939e-05 | 17167.99
313: 0.00029248083592392504,0.9999995231628418,7.770124648232013e-05,0.6534826159477234,1.826803179664073e-19,9.205762541153462e-11 | 29834.72
314: 0.0009746542200446129,0.0009519808809272945,1.0,0.9999990463256836,8.440657239816574e-08,0.9953494668006897 | 19219.77
315: 0.0010514410678297281,1.0,4.173748568980784e-10,0.0005543794832192361,5.449197471934185e-16,5.846696737865642e-11 | 30894.53
316: 0.00017222586029674858,5.3682193538406864e-05,0.9999290704727173,0.9999996423721313,6.7327782744541764e-06,0.8937527537345886 | 19160.61
317: 0.00020590097119566053,0.9999998807907104,3.231297966976854e-07,0.009834790602326393,8.363866917842147e-14,7.483736408353536e-10 | 30762.85
318: 0.00012739580415654927,1.2408371730998624e-05,0.018285345286130905,0.9999995231628418,2.3495054847444408e-05,0.7390627264976501 | 19110.33
319: 0.0007309173233807087,1.0,2.2675094745464465e-18,9.258298632630613e-06,1.3532523625986448e-12,7.961937532885432e-12 | 30693.09
320: 0.0001054294771165587,0.0002586854971013963,3.369051910340204e-06,0.9999970197677612,3.165547695971327e-06,0.05676233023405075 | 19760.63
321: 0.0005380102666094899,1.0,1.5223156697378306e-19,1.650547892495524e-05,1.553205047216677e-12,7.741859237020421e-12 | 30868.01
322: 4.395547148305923e-05,0.00477492343634367,2.9395297307388546e-10,0.9999762773513794,3.3474262295385415e-07,0.0009373409557156265 | 22947.81
323: 0.00024541441234759986,0.9999998807907104,8.505623217872722e-16,0.019396793097257614,2.5357117122183637e-13,8.423532010803925e-11 | 30752.9
324: 1.2735726159007754e-05,0.022170299664139748,3.445454081978146e-17,0.9998520612716675,4.455547397697046e-08,7.508423550461885e-06 | 24102.46
325: 2.2944610464037396e-05,1.0,4.88075890855577e-22,0.0004198017413727939,1.1273505729197247e-13,5.800516859368055e-13 | 30856.56
326: 8.052562407101505e-06,0.08953659236431122,1.3193950822875603e-20,0.9994695782661438,3.2361576529638114e-08,4.927567829327018e-07 | 25808.46
327: 1.6356960259145126e-05,1.0,1.4770993076979434e-21,0.007329727988690138,2.9182133597614734e-13,1.3785169837229883e-12 | 30590.93
328: 2.567088267824147e-05,0.006748117972165346,2.173467310705293e-18,0.9999210834503174,4.6190248070843154e-08,6.195730293256929e-06 | 23088.01
329: 5.2929663070244715e-05,1.0,8.434767118064661e-23,0.0005089699407108128,9.152018877987833e-14,1.0261830447888531e-12 | 30591.35
330: 9.955932000593748e-06,0.25830021500587463,3.5197151322270486e-24,0.9668583273887634,1.5821486343270408e-08,7.105170141130657e-08 | 30261.98
331: 3.925521014025435e-06,0.6264051795005798,8.064254069819791e-21,0.8843931555747986,1.7373627997585572e-05,3.533472536787485e-08 | 30586.92
332: 1.2705955668934621e-05,0.004853535443544388,4.558251143777057e-19,0.9995138645172119,5.813030270473973e-07,2.5271583581343293e-06 | 22857.65
333: 0.00023360333580058068,1.0,4.334262630421028e-25,8.966207133198623e-06,6.034157684154176e-14,3.5521276675262725e-13 | 30514.0
334: 7.788514631101862e-05,0.005844297353178263,2.101845753290297e-17,0.999775230884552,2.3960197381711623e-07,1.7961769117391668e-05 | 23091.93
335: 0.00018800614634528756,1.0,8.935645830136966e-22,0.00013017511810176075,1.853249541675095e-13,5.812081718681306e-12 | 30626.07
336: 2.1220554117462598e-05,0.17241401970386505,8.777707041669581e-21,0.9936380982398987,4.812910603391174e-08,3.6394888525137503e-07 | 28638.26
337: 3.7064085063320817e-06,0.9973716735839844,2.8680301915507563e-18,0.8403573036193848,3.2193813837011476e-08,3.0656026606123987e-09 | 30204.4
338: 4.130266916035907e-06,0.49023139476776123,3.902040198702576e-23,0.9700070023536682,1.6481360276543455e-08,1.940316529669417e-08 | 30358.78
339: 1.409568881172163e-06,0.13135430216789246,2.6473336417746346e-22,0.991288423538208,5.680153094544949e-07,1.46057983485548e-08 | 27277.27
340: 2.409149374216213e-06,0.9999897480010986,5.91507546215811e-22,0.19679562747478485,2.1538108102570064e-11,2.2204304367390293e-11 | 30500.27
341: 8.280221663881093e-06,0.030054565519094467,9.834644339501314e-23,0.9987456798553467,3.2582374132061886e-08,8.785720950754694e-08 | 24432.47
342: 8.04662486189045e-05,1.0,8.868487541175345e-27,1.6351204976672307e-05,6.245156132414064e-15,5.793006726444519e-14 | 30534.26
343: 0.00011172988160979003,0.0005082921707071364,4.488247430148063e-20,0.9998884201049805,8.514438576412431e-08,3.5826510611514095e-06 | 20563.92
344: 0.000257365929428488,1.0,9.08478680729953e-28,5.611985898212879e-08,1.0465798149991712e-13,3.170076370460559e-14 | 30549.43
345: 0.0018259689677506685,6.816183940827614e-06,3.3518317685461447e-15,0.9999828338623047,4.629309387382818e-06,0.002287136157974601 | 24203.39
346: 0.003941252827644348,1.0,2.266800932356794e-25,1.7851614586561482e-07,3.3762320196528695e-12,4.961759735716553e-12 | 39987.69
347: 0.0008398571517318487,2.0671959646278992e-05,4.240087691760944e-15,0.9998167157173157,3.3511452784296125e-05,0.0015959676820784807 | 20454.38
348: 0.003431827761232853,1.0,1.0750722634096784e-22,2.570627373188472e-07,7.023534531747089e-11,5.827803517544083e-11 | 33417.02
349: 0.001003751065582037,3.6362394894240424e-05,1.8135867807522743e-11,0.9998416900634766,0.0008557086111977696,0.010132387280464172 | 20437.15
350: 0.0017072504851967096,1.0,2.927116568660123e-20,2.400438461336307e-07,1.4840780826474997e-09,5.146504333808366e-10 | 37633.94
351: 0.0013921685749664903,0.00013015326112508774,4.441989484571529e-11,0.9995833039283752,0.004439848009496927,0.01172900851815939 | 20202.31
352: 0.009347991086542606,1.0,2.266463091071567e-18,1.0089433999382891e-07,1.6882207853896603e-09,2.6316087087252527e-09 | 40136.01
353: 0.0033252411521971226,0.000474305561510846,4.556094217178508e-12,0.9975737929344177,0.002596416976302862,0.0049508861266076565 | 24632.48
354: 0.023304607719182968,1.0,3.919639173154987e-18,4.50603003798733e-08,9.090486141616339e-10,5.722069928992823e-09 | 42456.25
355: 0.008286773227155209,0.000958811491727829,1.3079896324028062e-12,0.9939510822296143,0.001153202960267663,0.00356794660910964 | 25525.5
356: 0.020616790279746056,1.0,6.014080750064261e-19,2.7524276191570607e-08,5.228138477697541e-10,8.811679386155902e-09 | 43070.7
357: 0.004728793166577816,0.003953101113438606,2.068273530957468e-13,0.9805731177330017,0.0003340574912726879,0.0011163561139255762 | 27966.85
358: 0.01063675805926323,1.0,2.107865580877667e-19,1.8595745387983698e-08,4.595705482834944e-10,1.7593475121202573e-08 | 40713.77
359: 0.00403773644939065,0.008264672942459583,1.0338798095638549e-13,0.9662155508995056,0.0001851247507147491,0.0008056705119088292 | 27980.2
360: 0.008613723330199718,1.0,1.2552213763899308e-19,5.7065494551977736e-09,2.844805502277836e-10,3.6290142446659956e-08 | 40253.96
361: 0.006664711982011795,0.015034697949886322,4.779078134208199e-14,0.951488733291626,0.00010180655954172835,0.0006445293547585607 | 30324.66
362: 0.012442965991795063,1.0,5.667165595556525e-20,3.2879834410692865e-09,1.7956924835971222e-10,4.992775615164646e-08 | 41240.88
363: 0.009214919060468674,0.03144959732890129,1.3176587676055982e-14,0.9144750833511353,4.363089465186931e-05,0.00036040772101841867 | 30842.36
364: 0.009363393299281597,1.0,1.8275620209408623e-20,2.9696636261178355e-09,1.762576889996481e-10,4.591521829411249e-08 | 40296.27
365: 0.008113994263112545,0.030752986669540405,1.2594549833383137e-14,0.8485569357872009,5.5862601584522054e-05,0.0003596832975745201 | 30509.52
366: 0.017963802441954613,1.0,3.676738659028647e-20,2.3079731459318964e-09,1.2661195702978745e-10,4.219336702249166e-08 | 42431.99
367: 0.003979934845119715,0.07769107073545456,9.474173629322492e-15,0.6526157259941101,4.590595926856622e-05,0.0003063213371206075 | 31893.58
368: 0.0038259008433669806,1.0,1.242956081207488e-20,1.902964230637849e-09,4.859767033238427e-10,4.982842938261456e-08 | 38310.53
369: 0.003140300279483199,0.06329122930765152,4.2321391345839093e-14,0.762888491153717,5.1224520575487986e-05,0.0005622750613838434 | 31255.87
370: 0.003242022590711713,1.0,2.934909837876594e-20,9.839606907036114e-10,5.338061659365678e-10,9.375408183132095e-08 | 40462.51
371: 0.004348160233348608,0.06586258858442307,1.1589157639189246e-13,0.7912478446960449,8.164301834767684e-05,0.0007894611335359514 | 31444.54
372: 0.004249440971761942,1.0,5.583604844052184e-20,9.136236767126604e-10,5.940244962587826e-10,1.7395461782143684e-07 | 40331.83
373: 0.005573216360062361,0.08589272201061249,3.243736388432866e-14,0.6546618938446045,8.832194725982845e-05,0.0005543488659895957 | 32558.06
374: 0.011548544280230999,1.0,6.915931731994274e-20,9.760148245163691e-10,5.938851077580409e-10,1.2577272912039916e-07 | 43191.68
375: 0.00813277903944254,0.09733526408672333,4.303213245671544e-15,0.40207329392433167,9.260038495995104e-05,0.0002712572750169784 | 34160.51
376: 0.014955197460949421,1.0,1.5331020403020367e-20,9.154271785050128e-10,4.5278658600267363e-10,3.655098979038485e-08 | 44574.59
377: 0.011150631122291088,0.0743071660399437,1.932225301255145e-15,0.3890891373157501,8.07672186056152e-05,0.00021098399884067476 | 33447.43
378: 0.02283533662557602,1.0,1.700793360892843e-20,7.222121234384815e-10,2.185819164557401e-10,2.013097066821956e-08 | 45103.64
379: 0.018102891743183136,0.0625280812382698,1.0976150450843947e-15,0.36959245800971985,8.035291830310598e-05,0.00018495519179850817 | 34394.89
380: 0.02083665318787098,1.0,8.199626539149356e-21,7.344574948220384e-10,2.2260840393251158e-10,1.2332836973882877e-08 | 45425.37
381: 0.02004029043018818,0.08025935292243958,2.268299175605445e-16,0.2806701064109802,5.583762322203256e-05,9.62091435212642e-05 | 35258.6
382: 0.014905180782079697,1.0,1.801899267502223e-21,1.1045656611585741e-09,3.1773167430415583e-10,6.70274147296368e-09 | 44808.48
383: 0.017752880230545998,0.07425294071435928,5.228578542573391e-17,0.23885808885097504,3.8582580600632355e-05,5.915210931561887e-05 | 34540.81
384: 0.013068613596260548,1.0,6.057287519619009e-22,8.000718421108388e-10,1.6064921615210892e-10,3.52385343127537e-09 | 44207.82
385: 0.01055220142006874,0.09185457974672318,4.3230020529017726e-17,0.18606017529964447,2.7669755581882782e-05,4.768237704411149e-05 | 34224.54
386: 0.008131813257932663,1.0,3.8743354668200865e-22,1.388975934268899e-09,4.053523072755638e-10,2.7400071100913692e-09 | 42456.62
387: 0.006808495614677668,0.0972253680229187,6.165143864969206e-17,0.19302977621555328,3.7076370063005015e-05,4.124345650780015e-05 | 33826.97
388: 0.004882385954260826,1.0,2.898723038776163e-22,1.2208042354799886e-09,4.1811268336466867e-10,1.7232986149195995e-09 | 41071.03
389: 0.005887163337320089,0.149513840675354,1.005545568037837e-17,0.11808384209871292,2.9594972147606313e-05,2.4199436666094698e-05 | 37031.32
390: 0.0015730177983641624,1.0,4.2491216420599063e-23,6.859261247882387e-08,3.200841547368327e-08,5.814840609019711e-09 | 39609.72
391: 0.0044196476228535175,0.2705889344215393,1.5194388648143419e-18,0.07224822789430618,1.7021324310917407e-05,1.1783227819250897e-05 | 41152.28
392: 0.0015472855884581804,0.03595246374607086,8.451334691492401e-20,0.008106337860226631,0.004225100390613079,2.4392031718889484e-06 | 24892.64
393: 0.003439567983150482,1.0,9.019166636249422e-23,2.349514194310842e-10,5.05798423977577e-11,5.289180760037482e-10 | 40092.84
394: 0.004011599812656641,0.10746480524539948,7.122230214873481e-18,0.12058406323194504,1.7581503925612196e-05,1.8618318790686317e-05 | 33892.17
395: 0.0012549781240522861,1.0,1.195943819004267e-23,1.6068025798787744e-09,4.6255524410732107e-10,8.888428326692122e-10 | 30790.01
396: 0.005505883600562811,0.020797399803996086,1.6972580175796673e-16,0.353988379240036,3.208071939297952e-05,6.091066461522132e-05 | 30104.07
397: 0.007543570827692747,1.0,2.097995519838965e-22,3.041379093016161e-10,2.970113738287594e-11,8.291629050027893e-10 | 41616.99
398: 0.008539230562746525,0.001930098282173276,1.3711149957309934e-15,0.5667757987976074,0.0001086257107090205,0.00018574872228782624 | 27345.68
399: 0.012207994237542152,1.0,1.1059165480989772e-21,2.2794956200389294e-10,2.0788513271918774e-11,9.620421126399492e-10 | 43094.19
400: 0.01127393264323473,0.0005123247974552214,3.8715275627846e-15,0.7187590003013611,0.00020603548910003155,0.0002870215103030205 | 25993.77
401: 0.013559726066887379,1.0,4.055812753983112e-21,1.7310326783093188e-10,3.564299549951855e-11,9.235788800410205e-10 | 43939.5
402: 0.015265306457877159,0.00023844893439672887,3.1233452662990076e-15,0.7055264711380005,0.000218554210732691,0.0003840523713734001 | 26400.16
403: 0.013354437425732613,1.0,3.82296787389797e-21,1.718122033533831e-10,3.37322114685179e-11,5.425516702572963e-10 | 43876.13
404: 0.014180629514157772,0.0003781577688641846,1.0230741340227665e-15,0.6369885802268982,0.0001203284045914188,0.00018504039326217026 | 26406.69
405: 0.007804389111697674,1.0,1.8590765117578172e-21,1.2233349055978948e-10,2.7556330481348645e-11,1.9660079120242813e-10 | 41608.95
406: 0.014891617931425571,0.0003739813109859824,8.686625688371493e-16,0.6979204416275024,9.805610170587897e-05,9.642351506045088e-05 | 26504.57
407: 0.007302670739591122,1.0,7.232719046044139e-22,1.1456778581386828e-10,2.3278743516153e-11,8.370183712802515e-11 | 41719.95
408: 0.009734890423715115,0.000574896577745676,8.604243793317132e-16,0.7061480283737183,6.634271267103031e-05,4.062827065354213e-05 | 25688.33
409: 0.006422398146241903,1.0,6.395819162267809e-22,1.3294963741028454e-10,2.2280156886100855e-11,5.893856930283548e-11 | 39624.42
410: 0.006295012775808573,0.000469765072921291,1.023647892965413e-15,0.6874756813049316,6.171295535750687e-05,4.3902811739826575e-05 | 22333.35
411: 0.0033528381027281284,1.0,5.5526942193161995e-22,8.662888462129814e-11,1.5962835220317828e-11,6.94047666560671e-11 | 38549.16
412: 0.006276567000895739,0.0003314438508823514,1.7595325416062935e-15,0.7508349418640137,6.558323366334662e-05,4.7547287977067754e-05 | 25147.29
413: 0.004170521628111601,1.0,4.2700361748146155e-22,7.735206919434745e-11,1.3155689211619137e-11,6.455996848231393e-11 | 38757.51
414: 0.011879309080541134,5.5487867939518765e-05,2.05085836415533e-14,0.8708478212356567,0.00012246222468093038,0.00019240738765802234 | 25675.7
415: 0.009689684957265854,1.0,7.612132616245113e-22,9.241264697923413e-11,1.8327995371381078e-11,9.793466732022083e-11 | 40776.24
416: 0.01214548759162426,7.74740256019868e-05,1.1938116239919999e-14,0.8364644050598145,8.469224121654406e-05,0.00011624011676758528 | 25709.38
417: 0.01595424674451351,1.0,9.362941364018683e-22,1.2162505724777617e-10,2.2530794938080412e-11,8.233268233848179e-11 | 42467.92
418: 0.015069407410919666,3.081618342548609e-05,2.5450668523076085e-14,0.9299712181091309,0.00010462764475960284,0.00010735027899499983 | 26182.15
419: 0.012556610628962517,1.0,4.182672795678392e-22,1.3756448757895612e-10,1.834271970424517e-11,4.772544859310557e-11 | 41192.78
420: 0.018435535952448845,1.4328687939269003e-05,7.113176692628842e-14,0.9656047224998474,0.00013170861348044127,0.00011100710253231227 | 26461.69
421: 0.012477971613407135,1.0,7.504932351459585e-22,1.9847180843246548e-10,3.065798309664913e-11,4.502844971887576e-11 | 35860.6
422: 0.016857847571372986,7.622910743521061e-06,1.4535124406162003e-12,0.9745041728019714,0.00021526608907151967,0.0004933016025461257 | 25701.09
423: 0.012972853146493435,1.0,1.4924941365226104e-21,1.8858974104585258e-10,3.7989854317910243e-11,5.840366384957107e-11 | 30950.57
424: 0.01471142191439867,4.495773282542359e-06,3.554121840582125e-12,0.9707642793655396,0.00021763364202342927,0.0010758773423731327 | 25865.02
425: 0.009769551455974579,1.0,5.483528106836772e-21,2.2577566205495003e-10,6.797361978838623e-11,1.0123983595899944e-10 | 33728.15
426: 0.012987453490495682,4.623807399184443e-06,2.6158658572583704e-12,0.9687978029251099,0.00025396139244548976,0.0009274357580579817 | 25864.08
427: 0.008860042318701744,1.0,6.907201260681432e-21,2.3004520510738757e-10,9.879073253893367e-11,7.595410411731507e-11 | 38983.54
428: 0.009900541044771671,9.533309821563307e-06,9.606818378998794e-13,0.9578596353530884,0.00018499769794289023,0.00034216081257909536 | 25339.29
429: 0.006560064852237701,1.0,3.828893443608305e-21,2.2974135094333548e-10,8.115337568614933e-11,5.5595396342145165e-11 | 42329.37
430: 0.009183201938867569,7.230767550936434e-06,4.886537680569292e-13,0.9674637317657471,0.0002349437854718417,0.0001918453781399876 | 24595.13
431: 0.003913172986358404,1.0,2.991572800357792e-21,1.9787083083144807e-10,5.620312201748412e-11,5.288017940197065e-11 | 34865.05
432: 0.007468733470886946,1.9258124666521326e-05,4.042090284445826e-13,0.9621427655220032,0.00014317588647827506,0.00010610692697810009 | 24800.18
433: 0.006592550314962864,1.0,2.845109729250838e-21,1.5722528834416494e-10,6.009552577790345e-11,4.5560444306147474e-11 | 41150.71
434: 0.005675814114511013,2.5570683646947145e-05,1.505029689199619e-13,0.9256346821784973,0.00010606869182083756,7.30783212929964e-05 | 23581.21
435: 0.007095481269061565,1.0,2.2440571932737934e-21,1.1714898495718273e-10,5.620108198267637e-11,4.356314267650596e-11 | 39493.85
436: 0.009122589603066444,2.834223323588958e-06,1.2048806397046974e-11,0.9848728179931641,0.0003102763439528644,0.0006015612161718309 | 23840.42
437: 0.005186862777918577,1.0,7.029476165116529e-21,2.0207503725888643e-10,9.631358904860221e-11,1.1856583770342155e-10 | 36875.66
438: 0.01374191977083683,4.79978837120143e-07,2.701598666998706e-10,0.9961997866630554,0.0007041391800157726,0.0025675357319414616 | 24330.75
439: 0.005098187830299139,1.0,2.19435894614745e-20,2.8657454187452913e-10,1.6492035515014436e-10,2.2922092002275463e-10 | 39416.96
440: 0.013647030107676983,4.583253883083671e-07,2.4762294992264344e-10,0.9949083924293518,0.0006417701370082796,0.0031126579269766808 | 21923.74
441: 0.012740257196128368,1.0,3.9850831570548595e-20,2.1458160248677416e-10,1.6680869185936587e-10,3.120280700485978e-10 | 39525.48
442: 0.011647454462945461,1.4309650850918842e-06,8.442286453247405e-11,0.9874633550643921,0.00024502232554368675,0.0017617045668885112 | 22269.75
443: 0.009225369431078434,1.0,3.637328672719324e-20,1.6314827266938892e-10,1.362375073865607e-10,4.246143714414785e-10 | 38665.36
444: 0.013448485173285007,3.483927457637037e-07,8.213791313771424e-10,0.9956269264221191,0.0004206301528029144,0.0038029600400477648 | 24237.31
445: 0.005896913353353739,1.0,4.415091382903417e-20,2.47861564606211e-10,1.6345756692626168e-10,5.938625147194898e-10 | 38256.89
446: 0.014773180708289146,1.2233027746333391e-07,4.696766087164406e-09,0.9986292123794556,0.0007028719992376864,0.005760830827057362 | 24176.24
447: 0.004920207895338535,1.0,8.2302790738407e-20,3.097941903007495e-10,2.612393357193099e-10,6.316920320159625e-10 | 38616.42
448: 0.01601431518793106,7.995478057409855e-08,8.882467206206002e-09,0.9991430044174194,0.0008745772647671402,0.0062841554172337055 | 26056.15
449: 0.006660287734121084,1.0,1.167845642051101e-19,2.68190442076488e-10,2.792667763706902e-10,5.2842402675779e-10 | 38765.35
450: 0.013723107054829597,2.432199153190595e-07,5.10045072843468e-09,0.9976703524589539,0.0004423118371050805,0.0042347414419054985 | 24432.74
451: 0.011660410091280937,1.0,9.110401184301683e-20,1.9192752942487346e-10,2.404658139276705e-10,4.4692968770299046e-10 | 40872.29
452: 0.011160414665937424,2.4402240228482697e-07,4.724601598837808e-09,0.9959700107574463,0.0003073914849665016,0.004318085499107838 | 25565.63
453: 0.010031028650701046,1.0,9.159395479724111e-20,1.864018522867994e-10,2.3251156555659236e-10,4.3137018956862505e-10 | 42223.4
454: 0.013334359973669052,7.093606058106161e-08,2.914438468337721e-08,0.9983500242233276,0.0004374461714178324,0.008597747422754765 | 25559.75
455: 0.0074682277627289295,1.0,1.6751543485071364e-19,2.5097229849890823e-10,2.866013260049982e-10,5.332281283187967e-10 | 39276.21
456: 0.016017254441976547,2.9180425187291803e-08,1.2200406729334645e-07,0.9993127584457397,0.0006505799829028547,0.014281457290053368 | 25862.66
457: 0.005756007041782141,1.0,1.8389690677701673e-19,2.4263624442966147e-10,3.1099955943858504e-10,4.4966333434537376e-10 | 39843.16
458: 0.01308813039213419,6.821126419254142e-08,3.1893904406388174e-08,0.9989842772483826,0.00034595499164424837,0.0048623778857290745 | 25649.63
459: 0.003949782811105251,1.0,9.080943214737138e-20,1.4043083362835773e-10,2.5655863544749025e-10,2.2372872998666082e-10 | 37214.52
460: 0.010145935229957104,2.0122837440794683e-07,1.6435215854926355e-08,0.9981877207756042,0.00019963014347013086,0.002721521072089672 | 25487.6