1: -1.3594713393206077,-0.600505256357108,2.613633797918807,0.034629343944090174,0.12407158716687344,2.1089844798398483
2: -1.170556353958677,2.5660990075525345,0.1234349864980106,0.21847390703463498,0.9674514206280413,3.588871218159145
3: 1.0562214324465335,-3.0053582411276096,1.7176481087862232,1.2774316265983525,0.6552390807042254,-2.1452842035019306
4: 1.4014080879250583,0.6279543328831991,3.149688354008409,1.0826789544302016,1.3064581509590274,1.8389575788216264
5: 0.5165330728118982,1.2497104195248032,-0.2846185548673591,-1.2086651253428768,1.220884268053744,-1.6632874145032837
6: 2.1117995220204575,-0.7459115090904378,2.842507555723924,-0.2116004509413768,-0.6834489010389988,1.7484508111504413
7: 0.06832616572028988,0.3205945922658199,-0.5026707536118591,2.5531796328397633,1.403081678974679,-1.3113196504920535
8: 1.887460994033736,1.6091275626666162,1.2460638037179195,2.895491106577345,1.5197002530358148,-0.13781541260383423
9: 1.3016073431650168,1.0384358054570222,1.5194043437413707,2.3096289370968455,1.0311559562986563,0.8841633676254671
10: -2.0232556348477244,0.03559920982958542,0.07450773134907906,-0.09508322030185767,0.2566995526109367,-0.8521521170408344
11: -1.2474578211913065,1.5865214518240836,0.6610567139605907,0.2522478469669318,2.2619479159744365,0.8971095266539152
12: 1.7281198958208956,0.5255156381815562,0.43107127773129844,0.9826407391654369,1.1578042621791251,-0.28198955356316935
13: -0.4847364057029686,0.15125887879712852,-0.25954496946799854,0.33041677867140695,1.289564400659572,-0.3232656941470944
14: 0.13510118426301465,1.128657990080566,0.051469714776586295,1.5256126953450737,1.728702736753744,0.0076853536553680435
15: 0.29549505784733043,-1.1865380874610458,0.8853323955586289,1.702632727846128,0.4088748548086365,0.2221529715649992
16: -0.05162350417261241,0.7514881798486786,-0.34744083112456725,-0.8536084219479514,1.5485299346830854,0.8499136590782028
17: 1.7243466277333444,0.7859960858197437,0.9132666830298275,0.17566409485389872,0.5803693634299818,0.5132306726986484
18: 0.7390118923557858,1.1278235729407036,0.5193036515503997,0.2140661697778415,-0.2152228855560171,0.40655550791646
19: -0.04779891313952023,-0.697660350089546,0.3028562283059537,0.014851968522274273,0.24334117526944993,-0.1693771040671449
20: 0.31579744411980526,0.8815963722881754,-0.1879513535502393,1.4558918845271709,0.6926293123834,0.1260946360588301
21: 0.3448275281658454,0.21062342896698671,0.5732191658776704,0.31323023526142935,0.7066159743050542,0.9232524401646256
22: 0.22790033328616027,0.6137087838735019,-0.49731316436776885,1.2817999966406675,1.6303180556314505,0.9203665424616507
23: -0.35324349492367624,0.22420329747931933,0.1685621738397614,1.3714399530574783,0.36750046534459735,-0.34692230714224326
24: 1.074124228906298,1.2157606705837116,0.6715295643324809,0.9571882706716817,0.5005582694354541,0.43161333498706733
25: 0.360714743575554,0.06631076428305382,0.028184300462695377,-0.003549585822514134,1.1203551355972141,0.49678990849105403
26: 0.408655041674574,0.7338848786455547,0.7252243239546903,0.8648055571806499,1.0424813750053905,0.7974392021430421
27: 0.06550678588146791,0.45190416529603267,1.0475135895256784,1.025453757625089,-0.3260600342268827,1.3933150750326093
28: 0.7106264390538879,1.4145643119343998,0.5908149036667848,0.37797976121219495,0.6679192357169924,0.5836349036107756
29: 0.9839868514339641,0.009474543141440028,0.6425028673307834,-0.2852000055057635,0.8234799294533217,0.7539001505042779
30: 0.7797684530063824,0.49017382298564527,-0.13887907364900365,0.6043641916768905,0.5510408528922351,0.6467881887233402
31: 0.4059465103645874,-0.4308940091193971,1.0329240713187091,0.3882633055966424,0.057331419247979964,0.7827909515172901
32: 0.9292469948780643,0.5371614547279077,0.045899448232885,0.43374882356396355,0.5210861119287981,0.7604630359189634
33: 0.8471293328499313,0.610125320100595,0.45465461152806375,0.6971969997787881,0.4021086323377377,0.7024218082804492
34: 0.529954336565955,0.5220145806977923,0.5427751993819412,0.5209978533711924,0.2557593665655793,0.1642092448942022
35: 0.5706404266997153,0.32288972350622697,0.40885439659664746,0.656700522377257,0.9498983458598105,0.23492965882816608
36: 0.5166276236756363,0.7651154671975755,0.21365522409122933,0.436759188998839,0.775061939683016,0.612016069728463
37: 0.5109758533246646,0.4936569204445422,0.5303317535900204,0.7718240664978456,0.8972713068140216,0.35070496054656775
38: 0.5381098947984239,0.07482426438863504,0.36872717920719666,0.7162643674288303,0.5938003316125786,0.2563239509348104
39: 0.6809308015125178,0.5588607333242961,0.6627056452955215,0.7167367427977245,0.5807798947770249,0.33975056575417273
40: 0.6212509183274977,0.6348994048664228,0.5767426171784988,0.5166941982731296,0.6004159705527308,0.4882060691712268
41: 0.5212966750450124,0.743831212241401,0.5142969400919868,0.5187384652885312,0.2909173040969252,0.5508508672760333
42: 0.5458600835986741,0.6137587626618541,0.45215913374417604,0.34141204766730154,0.7499740926520819,0.3492343166636699
43: 0.461903418508801,0.4548267060071667,0.7017366952481071,0.6670240413666177,0.5777423969705356,0.1717204066280022
44: 0.4519000176284024,0.6774928586246074,0.6286113714950939,0.819223760724898,0.16574654513801262,0.46252899368351247
45: 0.4719043111102041,0.46006237273235523,0.647118568342149,0.4987504321662845,0.08050676248208971,0.5454634218670927
46: 0.49461787624171116,0.5048007430069805,0.5243032379745048,0.7643046494698144,0.4808851205105764,0.29438811633644546
47: 0.7476498438347896,0.5330683766906467,0.7483526801275797,0.6312066097910785,0.6120897097548769,0.5643893522032839
48: 0.49556536179135213,0.4523681042584845,0.5328486685770019,0.3446066412237997,0.7010015161985096,0.3995441655112142
49: 0.46832442137680047,0.5780463549357913,0.5524512637715414,0.4583776167540035,0.5432522218608297,0.7784823730566903
50: 0.34484820403411054,0.5713234728012669,0.4488882919204989,0.5851218533253539,0.6864343604723822,0.5072433430318626
51: 0.7905930594181595,0.5384191425565564,0.4064447514738144,0.6001476260990466,0.5684719939574528,0.5517304730968492
52: 0.736028481363875,0.3536900918333702,0.5288254758736516,0.5980886141782622,0.5927899199857197,0.27249868025367646
53: 0.5015220930904937,0.5910214484408298,0.416657234110799,0.3573357518812009,0.43652577146212235,0.40638189006616066
54: 0.5180545721490342,0.5665380682055887,0.508702218777066,0.5775550136282748,0.675712256256229,0.5092155021987703
55: 0.5832654583567369,0.42369199778600986,0.5075821268491219,0.3921808968285943,0.6741902182098661,0.5680710499686366
56: 0.5293583466159076,0.4687823339825209,0.5096491582471501,0.5495162571879709,0.5941487956821478,0.8168113002794564
57: 0.4250391341332307,0.4513559987992748,0.5501910971001114,0.6069281943308656,0.4691068515220355,0.490774768976013
58: 0.4671692966077654,0.5146172537053254,0.5627280702430174,0.6328294298421905,0.6257086819080759,0.5150953068829984
59: 0.6536936648628274,0.4789208674994347,0.4374651198430917,0.6203219131608562,0.4431146234651902,0.6463075243030443
60: 0.6743812831405865,0.7094436086432161,0.5017673349834179,0.5420158086153576,0.5166794236158037,0.5803666713177814
61: 0.7727874156826807,0.7134856866063699,0.6057319411261207,0.48598546650171026,0.5506533184978735,0.6041794106145744
62: 0.8381611709419516,0.7050596047590194,0.41687790038258,0.6245259545507688,0.5613017862727303,0.7288851974331827
63: 0.8437461053325883,0.9488788492924489,0.4264226624864024,0.7505106452709573,0.5704080476229748,0.9023664685738197
64: 0.97184626502383,0.9076493010039851,0.35034474696816736,0.6176291366390447,0.6288631783849288,0.8674968578930178
65: 0.9150995283428607,0.9428866071146237,0.19458232552753674,0.7458902798215675,0.7946338897787955,0.7771427567683186
66: 0.9289204387444852,0.8842562043052837,0.13302726432280798,0.7603344571243766,0.740236683111885,0.8727227723636508
67: 0.9338718936650572,0.8707116542406482,0.15959763775390284,0.8339935073210175,0.79720638050379,0.7980984295721452
68: 0.9171416330904573,0.9304587469271021,-0.013510357148741853,0.8700779409936519,0.8920714638199126,0.9442246121933598
69: 1.0538400317378924,1.0105125763485234,0.12258768553975057,0.8924620824744166,0.9080352358652223,0.8953685836980624
70: 1.0142569165338335,0.9787167332210525,0.06507576866173517,0.8907407338464554,0.8937069152658832,0.996742677423899
71: 1.0177465591935089,0.9924706641868428,0.10978941110643711,0.9270695084372572,0.8600163582241684,0.9584516768223625
72: 0.932126176687869,1.0190668168330035,0.02933132344040088,0.9110286870298928,0.8526305906411336,0.8834733872252626
73: 0.9699240746707433,0.9607639001028548,0.03381657394599781,0.9873913916779006,0.9054377342830527,0.9671738148558542
74: 0.9486577754267163,0.9473418856251967,0.061353680243196096,0.9282097995322895,0.8452055471054913,0.9813764346670932
75: 0.9702734894971541,0.9081036285425715,0.1106079203535623,0.9680734108788025,0.9641617153546186,0.9892220915187377
76: 0.9819913649785136,0.9506054982628118,0.010720951861618606,0.9776523740707436,0.9820349435547076,0.9628737132220366
77: 0.9321792392511656,0.97315227910627,0.010279105593615816,0.9958551336554529,0.9142453627402001,0.9573770717138024
78: 0.9779952209834666,0.9432789438574212,-0.02565740864717543,0.9123569379872588,0.9301771402739469,0.8952485694077486
79: 0.979736430179309,0.9627455595240583,0.03664709148931989,1.013049208193801,0.9593675767813897,0.9567827504068089
80: 0.9727486372940645,0.9610108723082819,0.011689618899144232,0.9332233813628126,0.8964617525986421,0.8999611762492453
81: 0.9520880073834908,0.9656848004079979,0.040064310684351,0.945279949838728,0.8678326027871064,0.9867798062950499
82: 0.9706100122120092,0.98919404928678,0.04422858728874069,0.948319540585353,0.9767000602685187,0.9972100524662337
83: 0.9566317314798395,0.9684870335747717,0.034782212809089885,1.001597420733455,0.9628405536933153,0.8927030450645992
84: 1.008122020870264,0.9564738778526581,0.06839221039961954,0.945292099319698,0.9594447116597035,0.9909700106895352
85: 1.0184736225185695,0.9632946894670162,0.006481222168934349,0.9383029002268847,0.9269695921084738,0.9650045024912706
86: 0.9902567207957003,0.9823245883698688,0.0284644275487131,0.9366028493440792,0.9579816671568694,0.9877666686969333
87: 1.01428008850597,0.9543355998087033,0.017338916417485032,0.9945582981677171,0.9656834861960956,0.9782396818988287
88: 1.007313433103997,0.9767977172454332,-0.0003465273322171905,0.9781916100549302,0.9768802694720616,0.972336277906154
89: 1.0020081129070875,1.0010914429474316,0.023520293033954174,0.9632918668043366,0.9461225570209779,0.9865517180044638
90: 0.9922344906222614,0.9924809470451502,0.042804500497907884,0.9916134109040178,0.9629621699343328,0.9852016352703842
91: 1.0045484949145094,1.0011477896783416,-0.0087081331315162,0.9664953434164751,0.965086086020981,0.9738564542964928
92: 0.9874506330346055,0.9871350385920361,0.013173006253591933,0.9807472177891573,0.9569785665626792,0.9623956684912062
93: 0.9931838173397056,0.9869285667290143,-0.009903575177417172,0.9753273679879123,0.975078377845178,0.9618105045848914
94: 0.9773298667750479,0.9991968885101917,0.00117323959914231,0.9947213750189771,0.9720287638513041,0.9976789281507447
95: 0.9833212675966753,0.973666295031002,0.009992408070953002,0.9721469671933982,0.958759611625401,0.9731566969195863
96: 0.9929475060161841,1.0027597901988587,0.008136347371759747,0.9945256576080443,0.9697382427211906,0.988642719962015
97: 0.9954050002509918,0.995122475869877,0.02487032872664524,0.9749686485284693,0.9657228618635595,0.9915177137611749
98: 0.9954081928687812,0.9859640520096767,0.004968260524701158,0.9780541375692103,0.9872308866352817,0.9851180187435702
99: 0.9809538647070384,0.9918158533594,0.007973205305782716,0.9904554429990535,0.9498675908291563,1.0031203871060146
100: 0.9937846241118328,0.9934413358295985,0.010025148775646642,0.9983188768961141,0.9891990094623075,0.9915018296589713
101: 1.0077140354430947,0.9917170420696967,0.008777455352197582,0.9811207385405499,0.9658070274321998,0.9831429878475446
102: 0.988699251860802,0.9921263172586189,0.019617855531747486,0.9894747772750652,0.9632198999030274,0.9864936116076998
103: 0.9942493734228728,0.9819757847945052,0.006294552469923513,0.9931498804430129,0.9719887157440927,0.985622548122512
104: 1.0021791003900076,0.9964319293754776,0.005094148852628609,0.9712672724090136,0.9589263397684009,0.9948443169890397
105: 1.009238495897545,0.9935869060329848,0.008378835556827667,0.9817975074330116,0.9759296144106895,1.002946783908113
106: 1.006715053427392,0.9935961619376096,0.006315434730139079,0.9811057071955611,0.9737298019997683,0.9913901019000464
107: 0.9811392284415583,0.9953037261038692,-0.0013544446984020807,0.9899184165934407,0.9755012306434606,0.9974399095516753
108: 0.9940265938093764,0.9900048254618958,0.0030491521620997783,0.9889478260323132,0.9685097236642349,0.9929662302205491
109: 0.9934448443041584,1.0063201688489176,0.006893105408468039,0.9925915132294364,0.976409411179576,0.9936783404294373
110: 0.9916111579755883,0.9990292831064023,0.00533326354577816,0.9780776289567984,0.9762535677371392,0.9906476073866043
111: 0.989473712955663,0.9993775393006498,0.01166353992950342,0.9907324757299613,0.9816360456650084,0.9911592131677299
112: 0.9929677897091677,0.992820625532672,0.009395688024187797,0.9883290535166587,0.9671567046402358,0.985219681187436
113: 0.9814366895567089,0.995287968281727,0.00024052998570979868,0.9832934404224664,0.976048932283659,0.9913950626913732
114: 0.999366974106521,0.9867956546189144,0.0034439250508059164,0.9817991216265375,0.9789815925397239,0.9995866560568484
115: 0.9962133848504667,0.9980235466512974,0.001684140404918449,0.9916231577769534,0.9770201759454267,0.9947314255017128
116: 0.989988362352454,0.9993925894773702,0.010161465465529599,0.9875516033305433,0.9757334924140008,0.9933219888459114
117: 0.9963603022413646,0.9920682057045296,-0.004216762580914407,0.9913838284026847,0.9787570519350349,0.9996398059698478
118: 0.9927064231756891,0.9959891148182632,0.003436332274688253,0.9835206781575518,0.9780130787270634,0.9913569061398934
119: 0.9914649182596011,0.9929659007803321,-0.004705337696431001,0.9903275301315841,0.9780433671358824,0.9938237295808385
120: 0.9974557707089112,0.9929148198625178,0.003408690335130116,0.9869969682814324,0.9798621951495545,0.9986598107152841
121: 1.0026118168166198,0.9924592485611159,0.004749769729693415,0.9919093272405554,0.9823945659735211,0.9921397192809455
122: 0.9891483391537976,0.9964683017724084,-0.0016770380774992454,0.992575736138479,0.9854793283104708,1.0036689338455111
123: 0.9948510134760034,0.9896482783238477,0.0016175474238190235,0.9926078268115646,0.976189961569222,0.9933814762684046
124: 0.9977991690685428,0.9945338986761468,0.003898891104199013,0.9866877996110694,0.9802129532674562,0.9949186620092051
125: 1.003238693774927,0.9976044176203034,-0.0023327422068048402,0.991006886727223,0.9857805469498931,0.9931745245134523
126: 0.9971443705832722,0.9944542230953234,0.0063521533814856835,0.9928108312362821,0.9836181358075634,0.9981267996693083
127: 0.9959226629839442,0.9947096833939028,0.00040574790647542676,0.990269790099248,0.9820294879891053,0.9966948723158563
128: 0.9955734027265293,0.9979108462189439,0.006296684338250695,0.9916110292710291,0.9792217059698405,0.9994667125694436
129: 0.9968235908821264,0.9949262932011849,0.0014933018486643337,0.9926021145327591,0.9837085802673412,0.996590384659893
130: 0.9976176648570259,0.9944746051026205,0.0013743518203747388,0.989508997237764,0.9849831402460241,0.996413224474728
131: 0.9977993857558706,0.9930308728546584,-0.002871842554991886,0.9941504803446795,0.9802428577561536,0.9993937273598906
132: 0.9997880280730375,0.9969466503304987,0.0008394947733797549,0.9929620786770083,0.9860826758964351,0.9987034326658656
133: 0.9962108680326495,0.9979113810699795,0.0030986380559112634,0.9932226580456581,0.9836379196719472,0.9967661968152829
134: 0.9965076188924515,0.9947954462230566,0.005672274012438501,0.9939183453893236,0.9873310133560138,0.995948763596483
135: 0.9977625801812797,0.9957464308934871,0.000733948474387584,0.9940034528794072,0.9862483172830567,0.9984957482749243
136: 0.9995809487170118,0.9974981065596905,0.0028272705923182203,0.9964947782833553,0.9875552640564785,0.998350360506355
137: 0.9990129948169924,0.9967346665267461,0.0036961145888045987,0.9945377106007893,0.9889403384560176,0.9999588556406459
138: 0.9975116212207051,0.9965562869374954,-0.00023193026640996937,0.9926955578419879,0.9897867852964195,0.9986189549912059
139: 0.9978967228671981,0.995822157742416,0.0022412523678808412,0.9960075233153922,0.9875612963408875,0.9984518291189397
140: 0.9971109559869409,1.0005374300568255,0.0003716110749939776,0.9980824733615654,0.9896270690055498,0.997186301098066
141: 0.9995614070357111,0.9971746203031694,0.002699560907178565,0.9951564444757899,0.9907168447044977,0.9993349607838006
142: 0.9966570132191817,0.9980058130967272,-0.0015106334691954533,0.9937092172798221,0.9910068176088687,1.0001546709088005
143: 0.9994606204941018,0.9979744682003506,7.09303027423031e-05,0.9955452102310264,0.990616576406827,0.9992129513026847
144: 0.9988300605060888,0.9975009517978367,0.0017382639886440905,0.9965951099266638,0.9915488028587204,1.0000552805259901
145: 0.9999942526324146,0.9960268918915965,-0.001111984127370816,0.9958498519949236,0.9901382556778723,0.9993642562333043
146: 0.9985299598431996,0.9984605562222362,0.0016317592162706028,0.9952142880063506,0.9918392299555354,0.9994094886904357
147: 0.9989764413161678,0.9988401496696285,0.0003627337675769509,0.9962267845101689,0.9941759701084194,0.9978270329321762
148: 0.9978297608916771,0.996994348560289,0.0002245162208188585,0.9965650146397432,0.9927278273898484,1.000110490337408
149: 0.9979854788619976,0.998384849432095,0.001636987496120315,0.9963797570782231,0.9942493329542464,1.000387313677985
150: 0.9997475977948799,0.9987572035247374,0.0009767031545880591,0.9950867770094437,0.9945523560553482,0.9987941404581939
151: 0.998796742334225,0.9974577950554707,-0.0002825430363381968,0.9966796039315529,0.9940782496018138,0.9994342474088688
152: 0.9992974203845377,0.9982727206992509,0.0010913244468357505,0.9970021633546402,0.9948810706994676,0.9992920026755129
153: 0.9998893878341614,0.9980994089929711,0.0005501684198842401,0.9976468409023563,0.995341304381465,0.9999021969696157
154: 0.9988354263811553,0.9980607589626624,0.00015961905893002596,0.9976279792445288,0.9953453491327917,0.9985685319859123
155: 0.9986576180204662,0.9976354026101389,-0.0006324214589591211,0.9966885567014947,0.9962112700627271,0.9991110811142804
156: 0.9995871716336282,0.9987234313218584,0.0010382522660388907,0.9967047349164831,0.9949443706051743,0.998582292284804
157: 0.9983052715969828,0.9991609536510394,0.0008626925186789552,0.9975693842822074,0.9955280363012763,0.9988213700092138
158: 0.9985760162369094,0.999094758619485,0.0006889343819298486,0.996693313062224,0.9963583975872172,1.0000328703157906
159: 0.999237558980595,0.998826465184311,0.001375809928113086,0.9981007816341704,0.9963173882246055,0.9990762193495466
160: 0.9988403395669556,0.9985399127665515,0.00019953038966918546,0.9970496326678677,0.995492279746829,1.0000469712535418
161: 0.9996301238387962,0.9990014067484537,0.0001234927219059131,0.9976065327742484,0.9969720490622185,0.9995283406447714
162: 0.999393506320976,0.999412315610982,-0.00019991182675832965,0.997525323216188,0.9964728574019124,0.998687229325796
163: 0.9992286971926192,0.9989386949098483,-1.3022449622538323e-05,0.9975305241663142,0.9966621263242601,0.9995088814930707
164: 0.9992109820820837,0.9995700811862971,0.00023159926319198123,0.9980514578185943,0.9967650960783918,0.9998489404519207
165: 0.9991679323793456,0.9987561742462923,0.000247345204924067,0.9973045287958547,0.9970780145136143,0.9993926481325028
166: 0.9995534012032038,0.9991739495259058,-4.9644717991952894e-05,0.9979971295717427,0.9969020971964463,0.9992642516120608
167: 0.9990317417279999,0.9989505143406944,0.00017051538032674947,0.9974391584023378,0.9975701744958526,0.9994984771684757
168: 0.9996264130181161,0.999427321234267,-0.000505728357333455,0.9978191439855923,0.9972539087796167,0.9997700545679677
169: 0.998999761725268,0.9989254763171094,0.0006614989019474793,0.9977229997177481,0.9970361315855762,0.9991690545758403
170: 0.9994271926292865,0.9991163994529313,0.0004112134633372544,0.9977749417731141,0.9972908516711884,0.999193282959157
171: 0.9997700424273488,0.9987737728237316,0.0001909580331575495,0.9978687569119051,0.9969116496685083,1.0000557014003681
172: 0.9995363728672939,0.9992065422722874,0.00020561430773338908,0.9973965010051133,0.9973791334226448,0.999998547972387
173: 0.9995443282448951,0.9990004642070849,0.0002008465106710712,0.997919942097108,0.997763445462257,0.9995671784364023
174: 0.9996680444801378,0.9987940363987117,-7.85882930006031e-05,0.9974738322842962,0.9975038183763513,0.9996348695124986
175: 0.9994399642168008,0.9987943166296145,0.00028653555309663607,0.9974689185841736,0.9976400803898299,0.9996050014250698
176: 0.9996431122426186,0.9989423350606895,-7.35896851766649e-05,0.9979859886451826,0.99787174557361,1.0000573115922278
177: 0.999527796513094,0.999051517846474,-3.506029725126595e-05,0.9978661457562452,0.9977386207336231,0.9995522269519027
178: 0.9998247688157051,0.9988800264813473,-9.890661721550305e-05,0.9978386403733025,0.9976640893167885,0.999836488611574
179: 0.9996408816487303,0.9993965165693124,0.0003630340503121679,0.9975620865503159,0.9977504511646876,0.9999731776026004
180: 0.9995791048412012,0.9990968382977704,-3.921137492231004e-05,0.9972902485228274,0.9979245942845997,0.9995665660889075
181: 0.999675390730738,0.9990630223615342,0.00010375999859678888,0.9976318416518285,0.9980156124590476,0.9998974529760815
182: 0.999522716071508,0.9991550946198888,0.00023758408015550782,0.997684952061831,0.9983009964428746,0.9997092253652516
183: 0.9996198018654369,0.9993725807419992,0.00011332108718501823,0.9976485368121716,0.9981513074504217,0.9998698594015181
184: 0.9995586702309457,0.9991691146785046,4.223625305055541e-05,0.9972497693984921,0.9982447634059203,0.9999122968279908
185: 0.9996590283103313,0.9993821917086694,8.999012890877101e-05,0.9972819373476478,0.9980816709022444,0.9995918049986854
186: 0.9996387253841164,0.9992055496906982,5.094231089605223e-05,0.9972814139680263,0.9981361007335562,0.999873606328889
187: 0.9995990934383542,0.9993684460776299,0.00010865351448061137,0.9974022140036166,0.9981345665797342,0.9999571087804257
188: 0.9997209548227022,0.999320381594133,0.00020277421421444766,0.9970191898164924,0.9980115264227883,0.9997461678058414
189: 0.999808867092278,0.9992513749070111,5.789680536490319e-05,0.9971562246685625,0.9983453522519463,0.9996057247833878
190: 0.9997929320872178,0.9993111426247271,0.00013225712918398205,0.9972058383581132,0.998338116631986,1.0000396187745892
191: 0.9998666842447,0.9992737499286773,0.00016172422233859784,0.9971104206177598,0.99839027912242,0.999738574808514
192: 0.9997276001358801,0.999259950371571,0.00015472008627054118,0.9969086485585448,0.998347779279821,0.999764090821392
193: 0.999712121210311,0.9992927279023246,0.00019728074805957846,0.9969542333535809,0.9982608191220201,0.999877696327525
194: 0.9999190626645548,0.9992523247561548,0.00011605170563718569,0.9967730510803884,0.9983837952826523,1.0000566577633452
195: 0.9998050865696407,0.9993430262942925,0.00017324271793994436,0.9968504323183207,0.9984023999025767,0.9998640847652315
196: 0.9997192235671972,0.9992726443823122,7.958584891577655e-05,0.9966694412106343,0.9985926426540968,0.999807554118064
197: 0.999690227760794,0.9992039662233109,0.00015383867028707647,0.9965611515027808,0.9984219231014757,0.9997949666200486
198: 0.9997796562144454,0.9994152187420703,0.00012554626918358399,0.9964799388840696,0.9985464566615846,0.9998483004702585
199: 0.999801099049386,0.99934327863903,0.00020281178606088731,0.9963833285791435,0.9985224593014227,0.9998281240467236
200: 0.9997811053115144,0.9993863164722121,0.00018394457073805714,0.9962057574102606,0.9985223638511312,0.9998746050836614
201: 0.9997657814240052,0.9994189969601419,8.145439935128666e-05,0.9959845103251,0.9986137262854596,0.9999025704062147
202: 0.9999255410320929,0.9993422825707793,9.808720354948923e-05,0.9959280921017726,0.9985985032597211,0.9998721111114992
203: 0.9998052313166907,0.9991914221142443,0.00022022482477813084,0.9958655686158427,0.9987388440881203,0.999921493448516
204: 0.9998957236495984,0.9992694822018309,0.0001753572739477742,0.9956292394519863,0.998662824951283,0.9998117511148201
205: 0.9997711057588231,0.9992701344227995,0.00019841638850343968,0.9954462590579624,0.9987952938266569,0.9999215151966939
206: 0.9997758712564719,0.9993502163961042,5.93788343026447e-06,0.9953276519064421,0.9986926846585631,0.9998705307369243
207: 0.9997884730135094,0.9993644917483636,4.416788595230283e-05,0.9951041285340354,0.9987711776038071,0.9998556272961843
208: 0.9997955993600265,0.999320590701596,7.521125429620194e-05,0.9948935528532152,0.9987362078480976,0.9999287503970674
209: 0.9998368129247488,0.9993735861362605,8.312553200936919e-05,0.9946138458081245,0.9987465702801913,0.999849472637773
210: 0.9997984902973592,0.9993565541049686,3.402136614639071e-05,0.994364082148953,0.9987737088626498,0.9999545501335655
211: 0.9998380617988285,0.9994048817457682,6.236664137499246e-05,0.9940366972596008,0.9988058395272077,0.9999024690795507
212: 0.9998356133568875,0.9993391164904643,0.00010046622021419213,0.9937196400120692,0.9989120488957434,0.9999210287763582
213: 0.9998488013408209,0.9993499130115877,5.880197997208951e-05,0.9933655677288177,0.9988336325558967,0.9999090418470397
214: 0.9998664644529432,0.9993695558034578,6.025256102014212e-05,0.9929558255493293,0.9988905635199788,0.9999085714810593
215: 0.9998278012355071,0.9993747610070705,6.35242318969182e-05,0.9924031874618022,0.9989202070176995,0.9999209593296692
216: 0.9998532942449525,0.999323205326381,3.235523760943682e-05,0.991849478403864,0.9988917654639871,0.999904685885639
217: 0.9998647099694462,0.9993400792185602,0.00010743780415655755,0.9912094420971126,0.9989939592324248,0.9998992254229468
218: 0.999893769203895,0.9993315615852469,4.288065219550431e-05,0.990423570575962,0.9989784051735255,0.9998974619845221
219: 0.9998453146254093,0.9993292144721263,6.649332153095953e-05,0.9894375323943237,0.9990117154395544,0.9998944962222742
220: 0.9998911859848486,0.9993390270239784,7.079952236247399e-05,0.9883764127372668,0.9989876610749926,0.9999034775396443
221: 0.9998956670733115,0.9993464398803144,9.982389127938504e-05,0.986797847702614,0.9990176459747746,0.9998758529379823
222: 0.9998487874628831,0.9993546633076031,4.559749170848451e-05,0.9846414246850307,0.9990316933368644,0.9999063291071234
223: 0.9998736699138142,0.9993265753560843,3.216486733157686e-05,0.9815030746371713,0.9990772687231944,0.9999307164666357
224: 0.9998496751680193,0.9993284182404064,6.088995442782495e-05,0.9768994659977585,0.999088140023194,0.9999366457393193
225: 0.9998946072258496,0.9993265727906786,5.703116276932166e-05,0.9691041842822702,0.9991165575052088,0.9999077603799338
226: 0.9998731846487072,0.999342179510635,4.882164993847386e-05,0.9553614590493865,0.9991025917686415,0.9999063774613249
227: 0.9998796749275732,0.999315487329422,3.956998486749325e-05,0.9284865678414695,0.9991070746738852,0.999898784794581
228: 0.9998744514058874,0.9993044726284804,6.619716599425432e-05,0.8819819061613223,0.9991397433963844,0.9999153500984108
229: 0.9998796484292872,0.9992955220808326,4.338752724174512e-05,0.7955538394997703,0.9991743364458703,0.9999059034121389
230: 0.9998944510306361,0.999287738321005,6.8346009043579e-05,0.6400815001734987,0.9991906031100516,0.9999168882565357
231: 0.9998765977666793,0.9992892875386886,4.539538311050539e-05,0.43716639438796645,0.9992036012683297,0.9999314486620232
232: 0.9998791177205321,0.9992718851058444,6.917266705087277e-05,0.26439523421053635,0.9992150112612325,0.9999176219709046
233: 0.999837698811539,0.9990208519450803,6.970873629106253e-05,0.1424398010371818,0.9992124215548561,0.9998862746762731
234: 0.9997066027820469,0.998536529036606,0.00011420141500813094,0.08022715914367853,0.9990197532236585,0.9998109045707062
235: 0.9995344504286116,0.997778277619985,0.0001894079360090431,0.054360882652693045,0.9985918551857306,0.9997244240312202
236: 0.9993377887499384,0.9970492570273187,0.0003044665767183114,0.04281564750102741,0.9981299664385354,0.9996116389482962
237: 0.9991464640691219,0.9960702341164621,0.00044143813524489655,0.035187086051001897,0.9974707505354469,0.9995016062699611
238: 0.9990346285566417,0.9953946141803272,0.0004927755976692561,0.030841213371480658,0.9971893250980212,0.9994490155753616
239: 0.999036356525505,0.9951628377272135,0.00045599933631718185,0.02834791740749327,0.9973776689187801,0.9994838363831554
240: 0.9991012184391399,0.9951362987615815,0.0004219851098282832,0.026554090066146775,0.9976125866215262,0.999513828168584
241: 0.9991511873789388,0.9951722689283338,0.00039521765350674824,0.02496061526490476,0.9978262959014856,0.9995621151058093
242: 0.9992003427449713,0.9952363805184351,0.0003763922861624604,0.023532810817569878,0.9979747576037008,0.9995746808686299
243: 0.9992235707828324,0.9952923224629463,0.00036137805581301717,0.022264672543361515,0.9981171035120079,0.9996050740356673
244: 0.9992643700487445,0.9953845709694474,0.0003286325579318322,0.02111310481024831,0.9982277305314486,0.9996164651487823
245: 0.999294557513098,0.9954934339655113,0.0003293347544469057,0.020033837622571767,0.9983421633325215,0.999640834132907
246: 0.9993340240109096,0.9956026863690909,0.0003112670158031894,0.019043905306828042,0.9984261336138063,0.9996549826291269
247: 0.9993491649454255,0.9957148730768495,0.0002896202739201706,0.018157897710684417,0.9985193790109876,0.9996651540425148
248: 0.9993770370145948,0.9958336340664626,0.0002774268975899498,0.01732595312790574,0.9985954924516786,0.9996739309469932
249: 0.9994034136860639,0.9959330418986613,0.00026748842230437156,0.0165733953172414,0.99866122482458,0.9996924411191588
250: 0.9994180568643976,0.9960284680372085,0.00026623115462578295,0.015862143153105773,0.9987215046076782,0.9996992936660579
251: 0.9994394811119311,0.9961413337270671,0.000270920739307898,0.015181397183352851,0.9987624770256597,0.9997052673046466
252: 0.9994589689761597,0.9962323702011752,0.00024279728866205888,0.014559284442157898,0.9988227696714254,0.999715696963416
253: 0.9994726352021412,0.9963232128848787,0.0002505382319055311,0.014007179402292187,0.9988686468579578,0.9997223291970225
254: 0.9994931774890629,0.9964293597210809,0.00023555162620615341,0.013453389580413108,0.9989212114535123,0.9997348761061655
255: 0.9995098005270973,0.9965222200909747,0.00022595501433619018,0.0129438359850949,0.9989590106258663,0.999749781073059
256: 0.999520643118967,0.9965967774376759,0.00022426195086231,0.012472358277887955,0.9989964206327847,0.9997479982699404
257: 0.999535940297568,0.9966616365529963,0.00022045606713013988,0.012015210494387843,0.9990342482056204,0.9997539794770098
258: 0.9995465713913141,0.9967265865254324,0.00021394963784936247,0.011606403042506071,0.9990650423429364,0.9997592350379967
259: 0.9995625909230053,0.9967905142605594,0.00020934152747006859,0.011208076457483908,0.9991011769547749,0.9997643423813807
260: 0.9995639453822351,0.9968649336449951,0.0001996718787340022,0.010839696089359155,0.9991223916897385,0.9997745393842218
261: 0.9995730747316823,0.9969369944425248,0.00019593445614513155,0.01047375181076602,0.9991509470101022,0.9997776426755894
262: 0.999589378319294,0.9970076048360713,0.00019023827876964275,0.010123529773493256,0.999183964443977,0.9997779944328191
263: 0.999602206526206,0.9970747737943393,0.00018538143351300138,0.009805953178268257,0.9992103974983298,0.9997888380286737
264: 0.9996080314063497,0.9971388336553814,0.0001809125947208144,0.009485063519021106,0.999235412070949,0.9997868516293118
265: 0.9996159443589797,0.9971941893908943,0.00017703028936801152,0.009176468969632538,0.9992557401774027,0.9997928816534452
266: 0.9996238746718725,0.9972482110772637,0.0001744629095559521,0.008886626485005348,0.9992784703236239,0.9997955442818742
267: 0.9996347688550151,0.9973015728090906,0.00016981374106530642,0.008608620246417991,0.9993057936572745,0.9998025576022719
268: 0.9996411606590313,0.9973531922244333,0.00016322868261264131,0.008352571102677191,0.999322234073816,0.9998052819093182
269: 0.9996522945134911,0.9973972730897511,0.00016054818795464915,0.00810408391190852,0.9993417940396011,0.9998125379521516
270: 0.9996572625416793,0.9974406469394566,0.00015894359192215548,0.007868975397203642,0.9993579036893308,0.999813730381163
271: 0.9996630619625865,0.9974890571046368,0.00015362868192041995,0.00763236709305164,0.9993751183796461,0.9998187028449024
272: 0.9996720487831641,0.9975361109563604,0.00015060969475651012,0.0074202136014569365,0.9993919294348813,0.9998246257621838
273: 0.9996797502361539,0.9975900477996548,0.00014531758290420226,0.007217602593226643,0.9994068352567078,0.9998249144638509
274: 0.9996843189304717,0.9976427409047455,0.00014334199359019017,0.007016885356131632,0.9994242541811866,0.9998282516742034
275: 0.9996925003838859,0.9976958675460338,0.0001374136357685653,0.006829346554334455,0.999437733119008,0.9998311673951581
276: 0.9996979632162751,0.9977472158218151,0.00013587309812805433,0.0066408226375381674,0.9994566453589999,0.9998365562928628
277: 0.9997072068729576,0.9977978521673266,0.00013271098756945015,0.0064629407734108826,0.999471614855692,0.9998414095319219
278: 0.9997139955587377,0.9978490989629678,0.00012757269195225594,0.006284161276770606,0.9994830101106693,0.9998428803081726
279: 0.9997198562297066,0.9978956152971789,0.00012532384917698708,0.006114774042547883,0.9994952302260922,0.999848463285751
280: 0.9997251641260133,0.9979378677571971,0.0001216451611717158,0.005952041034976518,0.9995100068489994,0.9998507435342207
281: 0.9997313517631703,0.9979795554479083,0.0001189661365792461,0.005798741804766608,0.9995220631807951,0.9998541682078632
282: 0.999737205283994,0.9980231849213604,0.00011805931917074519,0.005648942170435571,0.9995350970690927,0.9998577395039443
283: 0.9997423174321938,0.9980703519125839,0.00011313614621533702,0.005494949874546426,0.9995472530222852,0.9998611735061382
284: 0.9997480445519623,0.9981136894574504,0.00010927952987610538,0.005347691201003502,0.9995592893030357,0.9998639218337501
285: 0.999755975460447,0.9981594451374654,0.0001071751301245485,0.005201048069459234,0.9995723934551275,0.9998674370247842
286: 0.9997611506776141,0.9981999333411513,0.0001044670629115761,0.005060994901171208,0.9995838202719948,0.9998702525461247
287: 0.9997660533928622,0.998246462764173,0.00010134550708108598,0.004927274261503886,0.9995956198224318,0.9998722120020817
288: 0.9997717163790457,0.9982899364444137,9.85372590598906e-05,0.004799850557729162,0.9996056258974556,0.9998753648170801
289: 0.9997760457421764,0.9983348032463062,9.681821881475944e-05,0.004675109212857715,0.9996175916261387,0.9998776582944637
290: 0.9997823647335081,0.9983754027393127,9.285197288930069e-05,0.004556398131498279,0.9996276728292919,0.9998811554652082
291: 0.9997869494026472,0.9984153932028191,9.127956453565946e-05,0.004440963043036774,0.999636234783537,0.9998847252097551
292: 0.9997909405553884,0.9984541274983019,8.797316603194948e-05,0.0043287048659016196,0.9996468120386977,0.9998864286465139
293: 0.9997966658234011,0.9984914565163406,8.60977451044078e-05,0.00422211942566871,0.999654865480706,0.9998883222377795
294: 0.9998005687453158,0.9985316468824846,8.447870299611939e-05,0.004120015773721909,0.9996646675213304,0.9998906830538821
295: 0.9998054229582869,0.9985723824079037,8.253142342796175e-05,0.004016800489145118,0.9996733840158805,0.9998936469314569
296: 0.9998106308301149,0.9986164099777917,7.946731546103025e-05,0.003912355445535995,0.999682245268047,0.9998968427334777
297: 0.9998147604972755,0.9986580646004757,7.709724378448663e-05,0.0038131592667699343,0.9996911751328372,0.9998987682004903
298: 0.9998205990771468,0.9986999011515592,7.51739305292325e-05,0.0037175011269473986,0.999699715559014,0.9999010184977556
299: 0.9998240836687698,0.9987425720040147,7.280868055091441e-05,0.0036212905078884905,0.9997092669685982,0.9999035227455757
300: 0.9998294028795075,0.9987869815851321,7.093632519846568e-05,0.003526917737059635,0.9997175021182891,0.9999061470654917
301: 0.9998340774552146,0.9988370711489478,6.803694849648942e-05,0.0034242296772685164,0.9997268864365152,0.9999091452383876
302: 0.9998388098394977,0.9988812193643642,6.61793012591916e-05,0.0033317816296704232,0.9997356485798653,0.9999115312884961
303: 0.9998440586842297,0.9989243782340756,6.411586268500392e-05,0.003243065789201202,0.9997438666852076,0.9999141931211855
304: 0.9998486624241721,0.9989692575971801,6.115285701730459e-05,0.00315281638353134,0.9997525326736562,0.999916906863537
305: 0.9998539937906638,0.9990146965470942,5.9421927242198766e-05,0.0030616283283287304,0.9997608688616783,0.9999193604270966
306: 0.9998583584526961,0.9990621929711705,5.682776079884774e-05,0.0029711220671501484,0.9997697138673703,0.9999218394554077
307: 0.9998638690248671,0.999109849510451,5.4294050430717605e-05,0.0028817735718011006,0.9997781726383641,0.9999243543193493
308: 0.9998694276613975,0.9991594089953431,5.237288045440653e-05,0.00278761031257736,0.9997876824550848,0.9999275478489785
309: 0.9998739420917377,0.9992077761295324,4.973349712218861e-05,0.002694747396765433,0.9997970449503302,0.999930769521992
310: 0.9998802034113895,0.9992592636713891,4.724331263088944e-05,0.0025943237156216413,0.9998071382516343,0.999933423726323
311: 0.9998857695740456,0.9993078017677886,4.446625032752715e-05,0.0024970097479478353,0.9998164621194724,0.9999365578411317
312: 0.9998913487471011,0.9993532261905875,4.1800873408307646e-05,0.0023994878241343017,0.9998257559678994,0.9999394584402075
313: 0.9998962099578863,0.9993940945375838,3.981543113357865e-05,0.0023023929809323188,0.9998346891046658,0.999942062102644
314: 0.9999017325146788,0.9994299106146838,3.7357022517616374e-05,0.002209061921404564,0.9998431258008924,0.9999451300364479
315: 0.999906305856388,0.9994611213243322,3.5252498587568266e-05,0.0021169336655293045,0.9998510567961635,0.9999476707975024
316: 0.9999111316899033,0.9994884677731268,3.347335440094679e-05,0.0020266320637525575,0.9998585805547099,0.9999499583481117
317: 0.9999148780860612,0.9995110058171177,3.167185570986885e-05,0.0019385512851069577,0.9998650310893391,0.9999521529258323
318: 0.9999187812564989,0.9995305397837595,3.027273962539835e-05,0.0018536592020148002,0.9998715437964251,0.9999545406744743
319: 0.9999220242153252,0.9995472703743702,2.8831025602660134e-05,0.001770220706331534,0.9998770323503311,0.9999563367400478
320: 0.9999251074396067,0.9995607354377525,2.729837377577621e-05,0.0016925540405384602,0.9998824297055127,0.9999582568385615
321: 0.9999281354020563,0.9995720200191537,2.6288977262672946e-05,0.0016178125174260369,0.9998871630788609,0.9999598840066563
322: 0.9999306388680269,0.9995796925851865,2.513260389631293e-05,0.001546295514636841,0.9998915954054194,0.999961520591709
323: 0.9999325988131971,0.9995823410135911,2.4396322944799945e-05,0.001478843946816999,0.9998955919221103,0.9999626155784087
324: 0.9999345303144314,0.9995796922279224,2.3584688964901053e-05,0.0014148902083556496,0.9998989166701466,0.9999640222187911
325: 0.9999361095400459,0.9995732422011746,2.2749111218492663e-05,0.001351990441178862,0.999902116703623,0.9999650321788469
326: 0.9999377351837913,0.9995635255904534,2.2258060670270355e-05,0.0012920726121782025,0.9999051372664781,0.9999659693546548
327: 0.9999393049378522,0.9995498150460259,2.1550386339604905e-05,0.0012349885734301601,0.9999079263528168,0.9999670951671076
328: 0.9999406282848109,0.9995282135466722,2.0954856161025295e-05,0.0011792469106912992,0.9999104623991569,0.9999681674048139
329: 0.999942092481427,0.9995002124297878,2.0419613087180347e-05,0.001126818885140843,0.9999127636564186,0.9999692116946646
330: 0.9999435206891656,0.9994681287482436,1.990608963417922e-05,0.001077655876145463,0.9999152133209454,0.9999700553704378
331: 0.9999449505696759,0.9994319984326692,1.9437644542013576e-05,0.0010322801856391742,0.9999175524709685,0.9999710531579592
332: 0.9999461411008047,0.9993844036382942,1.883672792473723e-05,0.0009907316407307433,0.9999197369806886,0.9999719037217489
333: 0.9999472281005737,0.9993192519072464,1.8439425809668776e-05,0.0009513571411770353,0.9999218123779461,0.9999726944254631
334: 0.9999483035047809,0.9992272453192027,1.805529264752153e-05,0.000915086732293742,0.9999237948278922,0.9999734370267452
335: 0.9999495373342078,0.9990995112720666,1.7621090197995472e-05,0.0008810144916103509,0.999925502081341,0.9999739695914177
336: 0.9999503656661536,0.9989172080042729,1.7321854357239678e-05,0.000849767011537785,0.9999269776429758,0.9999747804942211
337: 0.9999512710559196,0.9986535743533109,1.686958199427193e-05,0.0008206727769218324,0.9999286647853212,0.999975364626829
338: 0.9999523028325665,0.9982131353449805,1.6525918093470096e-05,0.0007924555734476195,0.9999300360713298,0.9999759604737414
339: 0.999953247168534,0.9973775837350636,1.6204311466528712e-05,0.0007643717586868386,0.9999314390967808,0.9999767390455432
340: 0.9999542130262614,0.9957661570137162,1.5920123765047944e-05,0.000738344482452143,0.999932935270794,0.9999772778583211
341: 0.999954936710816,0.9922653331682005,1.5597886329034092e-05,0.0007148477694696723,0.9999341119698484,0.9999777858138992
342: 0.9999556441691257,0.9847127040853594,1.5304205586950426e-05,0.0006925838535833811,0.9999352960394726,0.9999781886589326
343: 0.9999563814968196,0.9690447098034127,1.5100324950464021e-05,0.0006714299938522465,0.9999362664241136,0.9999786931914572
344: 0.999956890076914,0.9338052990284528,1.4860238126032278e-05,0.0006514051693360297,0.999937333391582,0.9999790209603531
345: 0.9999562525342887,0.8564433154070659,1.512748371529666e-05,0.0006379282794347926,0.9999374080042912,0.999978585282364
346: 0.9999383010015725,0.6632393733093702,2.5700471460930556e-05,0.0007044463223510463,0.9999251526042093,0.9999607064934942
347: 0.9995863249645174,0.26603202612826254,0.00024261405985279423,0.0015806199503155545,0.9997200654600636,0.9996012212059945
348: 0.9973926603329607,0.08950337501991612,0.0014953393543377914,0.00531547107671508,0.998622260013263,0.9979293506058275
349: 0.9978563439752075,0.06973112584560213,0.0010034913914914747,0.007255985294288207,0.998602061483218,0.9984683277284765
350: 0.9973150303273636,0.04619282360322192,0.0012889189707876916,0.00940931989583816,0.9981733412407685,0.9982718242622745
351: 0.9961549699382152,0.03292900781912846,0.0019516043351986122,0.012250782979339092,0.9973231915079667,0.997792472697221
352: 0.9953977097656899,0.027114160773598656,0.002501582576712712,0.013302453282900873,0.9965401729296592,0.9976206521279817
353: 0.9962169490353107,0.025874108703567194,0.0021741446453116342,0.011514076520127892,0.9967276104535667,0.9981014082960726
354: 0.9967448839514763,0.02389870528207454,0.0019759649837885174,0.010125022179484907,0.9968426447345013,0.998407795242602
355: 0.9969646320179687,0.02188651963215993,0.001937949089549512,0.00939570672631252,0.9967669270403037,0.9985533254825979
356: 0.9972748139134706,0.020425194146035185,0.0018255861500037572,0.008611747961820447,0.9968080193260009,0.9987099459903445
357: 0.9974640366799455,0.01899485748011956,0.001825917549089954,0.008071426443635276,0.9966727536747135,0.9988027988746684
358: 0.9974664748069575,0.017473903288488333,0.00199114413107215,0.007862009021104231,0.9961913917896377,0.998821663866574
359: 0.99753725542552,0.01624899985914474,0.0021298500225187516,0.007576232049075356,0.9955894818990443,0.9988607139590467
360: 0.9977725329106001,0.015391177129803753,0.0021842844765188655,0.007101405863554863,0.9948817633669194,0.9989444812724888
361: 0.9979980601959009,0.014705937647171185,0.002233480089361152,0.006742369184893695,0.9938474248704338,0.9990119895804506
362: 0.9981473676823741,0.01442425039003931,0.0023305969784241883,0.006720324407693454,0.9919558708176472,0.9990315434505195
363: 0.998258774880372,0.013743688728326096,0.002453239957805478,0.0066341675911527455,0.9892066576397002,0.9990482826670515
364: 0.9983160290624133,0.013040222534463235,0.002613782677924843,0.006642245954659899,0.9846000199001406,0.999046036817592
365: 0.9983689121483771,0.012473358417626,0.0027495814827492473,0.006679936883515863,0.9772321607256443,0.9990424507442143
366: 0.998427637954226,0.012157847491342662,0.002829885836374471,0.006768465545001624,0.9664757831399706,0.9990411463754704
367: 0.9985936364364895,0.012384582373143011,0.002666213000782785,0.006631773057802337,0.9593577574851518,0.9991023483197943
368: 0.9988718815148778,0.013406969358573474,0.002154928740431187,0.006199715179035702,0.9641348751853487,0.9992369417620492
369: 0.9991946900059319,0.016093993878961547,0.001501361682338262,0.005593002314602637,0.9745022541753615,0.999402177731276
370: 0.9995109922791232,0.02644182407854403,0.0007993672420282964,0.005175449512522193,0.9871382725962176,0.9995589791616264
371: 0.9961190092672964,0.4934299867630687,0.0036565748633148355,0.07633171762685412,0.9866080298209385,0.9928979844425367
372: 0.9994549222228118,0.02188065862917269,0.0010869376668688731,0.004587423568235344,0.985085988328904,0.9995334239093986
373: 0.6505169366442078,0.9641701584522212,0.4136551931458681,0.8424442384911257,0.7426892480276864,0.3587291286701482
374: 0.9991698232185915,0.018169706173350703,0.001007307974130381,0.004685020388432229,0.9887390096431455,0.9993941787792487
375: 0.8315913094205339,0.9547143505943002,0.5708128813232585,0.8004774976240396,0.6139255804569987,0.5319619660560628
376: 0.9985519042688331,0.015910882041198823,0.0012400116589350804,0.005757880930217053,0.9874714031176336,0.9990344052834123
377: 0.9167512637414483,0.9482748552679339,0.5949026382187234,0.7443592640284988,0.5905358797601176,0.6881528476394341
378: 0.9982606726319307,0.01447312589577874,0.0013395875171427045,0.006158234175780805,0.9859420580079353,0.9988615419953991
379: 0.9400881484102586,0.9510303692538363,0.6520916304697949,0.7209885738677111,0.5255493422135746,0.7695616379818012
380: 0.9980632598583953,0.01332608858688283,0.0014371526086432824,0.006493006295536496,0.9843635008318625,0.9987055080445295
381: 0.96318108152373,0.95016664726009,0.6729350631329922,0.6656591833235402,0.4621546567620216,0.8609427709930125
382: 0.9980194658910553,0.012417789429382875,0.0014628951300135358,0.006609538571836276,0.9831126341885551,0.9986519274635287
383: 0.9749721889043464,0.9512555668376359,0.6871254470607162,0.6222127075496291,0.43814746040475594,0.903163725073316
384: 0.9981253781260397,0.011909676730450963,0.001390184952999226,0.006483760728448106,0.9817222964027226,0.9987211772015258
385: 0.9809010686868028,0.9525634695209532,0.7143364025317651,0.5943349613177912,0.4249940787523052,0.9227930931901231
386: 0.9983112871978652,0.011221057058978101,0.0012183330458080785,0.006035552414825085,0.9808891339786896,0.9988577381011363
387: 0.985065757387504,0.9542543961133898,0.7155609185983719,0.5697033399142574,0.4229731292303944,0.938911201519423
388: 0.9982554317208218,0.010680345326281097,0.0012907762257833109,0.006193739347904741,0.976799547159269,0.9988125538165626
389: 0.9880209561334565,0.9547952940960673,0.7269734741553262,0.5386010431962189,0.3864537159276539,0.9511452889972012
390: 0.9982436944082445,0.01018001405333763,0.001333560768625196,0.006272493234720423,0.9709301046895336,0.9987911536158809
391: 0.9910161516156754,0.9550207222438478,0.7128552213121893,0.49438360136602266,0.36233896527963155,0.9636567819220719
392: 0.9982018478666796,0.00991570984302667,0.0014609133609328724,0.006526079317459404,0.9613785148046041,0.998736560560945
393: 0.9925024538252224,0.9546247089727281,0.722408414645505,0.45918950634689276,0.30532908209147724,0.9698163890448165
394: 0.9982012494067962,0.009598996313725293,0.0015549039054332792,0.006690754536306169,0.9495821565961395,0.9987156364253416
395: 0.9939344483510615,0.9543253758129754,0.7136192274508092,0.4220889829555664,0.2591633193522247,0.9757178987007389
396: 0.9983166455908635,0.009604702724880067,0.001574863184764122,0.00667570404140566,0.9382308142195062,0.9987739929189615
397: 0.9946953635333827,0.9542971866029846,0.7216066177312371,0.39782851946983,0.2081717705156332,0.9787205476217328
398: 0.9982763548178267,0.0094326461788423,0.0017508990502801977,0.006969983770752209,0.9153593160708144,0.9987232054982883
399: 0.9951994418177976,0.9528103470113618,0.7361825696211279,0.3714742647742589,0.1535002293940796,0.9808808533447981
400: 0.9983631943167149,0.009244231272145886,0.0017602108889778773,0.006967647181795976,0.8980990684805963,0.9987730366287393
401: 0.995861112557079,0.9484618287722236,0.7399187082155952,0.3320594435109232,0.10811668107399863,0.9837759153223233
402: 0.9982774235359438,0.00919094025233723,0.0021345323864785616,0.007511282701337561,0.8653648489802445,0.99868386939462
403: 0.9961412549921332,0.9413204186950078,0.7685776968975063,0.2946524020847916,0.0677793229860871,0.9852922546475723
404: 0.9982820774100268,0.009293742469576935,0.002468063969829257,0.00788029938150112,0.8208427452050177,0.9986599696704335
405: 0.9964642493934973,0.9269318571538283,0.7904587994670516,0.24788385348214886,0.04491497843692502,0.9872566463024054
406: 0.9984447349883918,0.008910040910492256,0.0022503131318969867,0.007503435554577906,0.7964726678466512,0.9987888893303133
407: 0.9960148324653911,0.9084768294212103,0.8405206779211136,0.2246075287201386,0.028186782242135354,0.9868767260625348
408: 0.998477875185925,0.00846780533924669,0.0022635104131769387,0.00740565306378833,0.7559590338349641,0.9988238229565009
409: 0.9954231395712135,0.8704009055313742,0.8795160052091213,0.19351018891569163,0.018105709305160114,0.9868948463047835
410: 0.9985749741840783,0.008051341160292212,0.0022025514890147923,0.007122026112828247,0.6907888643590003,0.9989017260028198
411: 0.9944402576588438,0.8050574633638106,0.9136983737176355,0.1665631981051232,0.011881481982717363,0.9864370212563802
412: 0.9973856813448543,0.01344291744904519,0.022206726411555286,0.013638574031219375,0.15324090335312668,0.997761964644906
413: 0.9924170972146231,0.6864443427242476,0.9445301289580654,0.14542980288005947,0.006873183711153909,0.9843273761691826
414: 0.9945196512230465,0.01946418624425857,0.16595607950310304,0.023757982892541805,0.014095612591351862,0.9951211810114521
415: 0.9912341230418755,0.5556956531113191,0.960423945831292,0.12497518170763922,0.0038227081351806355,0.9827545295746479
416: 0.9927685258262381,0.02487566703660864,0.47065425128445315,0.02774305255758699,0.0037582313040079246,0.9931395652641458
417: 0.9902798538995061,0.570644676922582,0.9790982013880328,0.13989001440385698,0.0026516658699881047,0.9770104887185342
418: 0.9949161999160937,0.026059589163587835,0.5759083025682069,0.024538625898608588,0.0026413426353905363,0.9946429724225034
419: 0.9905806182044015,0.5248483428386216,0.9850159886886515,0.1459022612542351,0.0019845050058768894,0.9739731546836758
420: 0.9956895706131196,0.028256232296182963,0.6961729526483558,0.03151040868969977,0.0018051946286864063,0.9947964557153065
421: 0.9907886369947196,0.47891548253891225,0.9890953893591029,0.15019643385698864,0.0015522561889758856,0.9679514760988894
422: 0.9962998044639677,0.031295956430745495,0.7823414189777287,0.034677002907936946,0.0014336129603416087,0.9944174281659863
423: 0.9922807819913346,0.4163121284581397,0.9901999826062103,0.12734825938133768,0.0012959137162404512,0.9644886256385244
424: 0.9967620379482763,0.03743637835352529,0.8552295561088197,0.03430430545709481,0.0012074139744605351,0.9931261531615375
425: 0.9926418664309836,0.3803341978843734,0.9923563008219813,0.10761433783313275,0.0011066357505768749,0.949755906931936
426: 0.9972693321491503,0.043647252944554474,0.897897839507643,0.029905388705099355,0.00108957409658382,0.9909827106423107
427: 0.9923171998337936,0.3725164227599291,0.9941247102796381,0.0964303600453245,0.0009741394391671233,0.9131011956713915
428: 0.997227012580953,0.0491346976695062,0.9350948924455732,0.02713349823387929,0.0009354955082607362,0.9828070404643086
429: 0.9902752631592396,0.30446904937704605,0.9958102700714493,0.08274924764706243,0.0007618483469460108,0.787383853257869
430: 0.9960814115676135,0.06666224451048469,0.9762309192130731,0.030245328129041724,0.0007182747489136305,0.932132005643465
431: 0.9851096870253213,0.2340273107322332,0.9974156617831164,0.07746390272472234,0.0005884375248929943,0.4869643156879182
432: 0.9915720226067768,0.12487471884897884,0.9956395632167098,0.04628866166060924,0.0005151920575416648,0.5982425813046848
433: 0.9875676628296102,0.16892062081975143,0.9976642131802811,0.058050808090735186,0.0005161514989291653,0.3563496170981669
434: 0.9913085700593941,0.1085349243788461,0.9968848822656458,0.04162465367673525,0.00046871145275788394,0.4106501340269342
435: 0.9899204965228243,0.10775348573775206,0.9977108243890126,0.043134074351250065,0.00044168674987535723,0.29514428945246596
436: 0.9900544883802536,0.09552375152756466,0.9979298118855261,0.040380734548543906,0.0004206143204466706,0.25413200250336415
437: 0.9885876176263529,0.09214071945736337,0.9983559251851845,0.04149784914322415,0.0003979387846886321,0.18851396450911756
438: 0.9860503078942623,0.07972444612469295,0.998706817599758,0.04238500449233333,0.0003618540171179458,0.13005363945102394
439: 0.9832366112297165,0.07054182116593465,0.9989668128023808,0.04355321799406059,0.0003408411054015872,0.09370346427392853
440: 0.9812397957203595,0.06112041727450493,0.9991387126097445,0.04346952213309379,0.00031982339227494577,0.07097108664622365
441: 0.9808494450752966,0.05031026210403294,0.999240279333108,0.041282564355418654,0.00029248040322571835,0.059400841416166174
442: 0.9772843122667926,0.04627946404637909,0.9993848801975839,0.04354962325424747,0.00027757048171329207,0.04220303109989668
443: 0.9736267326950419,0.04030286879319711,0.999486684814817,0.04513442917862409,0.0002529921827773913,0.03255877663955117
444: 0.9703552725353032,0.037143129942143624,0.9995548132049266,0.0471520238906047,0.00024201181013808193,0.028427997695577526
445: 0.9680348632819411,0.03275780753744195,0.9995955825094757,0.047759842491978184,0.00022501375667266632,0.026392558336224146
446: 0.9666672348108747,0.028920033720061133,0.9996253256370724,0.04805863675515792,0.00020829794592772742,0.024757221361913894
447: 0.961741328231298,0.028871363006670328,0.9996709825946568,0.05296458311044874,0.0002068699634952036,0.020002596272981284
448: 0.9608365893662552,0.026493610800340916,0.9996939893594532,0.05391797782402331,0.00019573022604602668,0.019285805701551657
449: 0.9447982907464595,0.026424698505037474,0.9997547268318229,0.06687775983026682,0.00018620388503048677,0.014021882654309552
450: 0.8800181746002358,0.02839316436315757,0.9998435974479246,0.11149019758773085,0.00016919401594438075,0.007066762041680529
451: 0.7429677250285008,0.03238486855986754,0.9999057055718367,0.21268129338818156,0.00014564374707208308,0.003458768928391497
452: 0.6751279831470683,0.03971102836976548,0.9999325275290878,0.3768483993828596,0.00012818662496299636,0.0019244352800278344
453: 0.7387140989558613,0.08353056029614325,0.9999405148886829,0.6083114742946313,0.00015118626176937987,0.0011474190908259225
454: 0.8753949999748037,0.2971164584686422,0.9999368191688152,0.7616596222555503,0.0002135667315430741,0.0012478872922859804
455: 0.9866214988698904,0.29986777897606626,0.9997649788222002,0.5428740382270797,0.00022814685915876828,0.012543680210442424
456: 0.9952906369540835,0.4647265969572794,0.9995691178896746,0.4316485523603599,0.00035389273562971905,0.025760145854900975
457: 0.9987952710736212,0.43458229312436447,0.998452067297561,0.2124136983728769,0.00050782081329561,0.135861456313885
458: 0.999303340762919,0.6562480926785923,0.9979696870484938,0.174272358342671,0.000872267457451222,0.16635063306409445
459: 0.9997705817534647,0.4927819966695479,0.9919697642431536,0.07185594008358955,0.0011160643005571492,0.5771384239104687
460: 0.9997051357459983,0.6766357421110719,0.9955766201334347,0.09100635364931477,0.0012299241129381442,0.380312919573981
461: 0.9998637437684318,0.5094029306189067,0.9870377779465049,0.04331774274308484,0.0013723255485180422,0.7380206583143565
462: 0.9997991919558534,0.6829742788983133,0.9942593574082966,0.05851196131458252,0.0012858650597999378,0.5022480487342907
463: 0.9998844861775871,0.4977349638625217,0.9865134357508561,0.032613161953822384,0.0012231173184585609,0.7899541854801904
464: 0.9998294115395623,0.6906772255370894,0.9939431548094979,0.045665312581569674,0.0012323393464690707,0.5677478314318618
465: 0.9999161958495639,0.40667623285242543,0.978209495554664,0.021145889557988837,0.0011905823161296612,0.89636474849098
466: 0.9998127817743191,0.7408259510883416,0.9958279728391051,0.04265154517283478,0.001105193303121755,0.5059301854041088
467: 0.9999314546554466,0.34731259944148873,0.9759179353349875,0.015355778752337939,0.0010159908752427108,0.9314051271294049
468: 0.9998499154230129,0.7554695010180835,0.9956998824413353,0.03145862376555694,0.0011255617912090757,0.5752212405224039
469: 0.9999662636881902,0.1554121076064642,0.8666661978067423,0.0068943831406273765,0.0015451486417200383,0.9926127194063136
470: 0.9997332691881652,0.9376002550454673,0.9972680807579472,0.04913628848618525,0.003400231422711542,0.3563864827567774
471: 0.9999561309374889,0.10764564572754055,0.8852505087330753,0.007158130395514133,0.0010480772679833052,0.9940115809366004
472: 0.999770104882342,0.9546766281782658,0.996581852461157,0.042540095757061976,0.004777051482239692,0.47505566475958866
473: 0.99996519080899,0.030970869598988086,0.5276755690987863,0.004552239941365743,0.0017816762201263048,0.9993411897923196
474: 0.9996410608457678,0.9739506840513132,0.9964655638261721,0.0508048050081394,0.007924869698911475,0.4210587739730999
475: 0.9999678135010085,0.030630683479535584,0.49645933508438717,0.004114076994034517,0.0017696795379539478,0.9995057583096432
476: 0.9996622800329893,0.978455603072592,0.9956244826304698,0.04452961309926396,0.009318584583784269,0.49441024658938804
477: 0.9999696016513033,0.029843803470845778,0.48280841114795836,0.0037539370889588886,0.001644241242329988,0.9996184110758023
478: 0.9996292591281813,0.9837362170013261,0.9941780566774634,0.04199724638022876,0.012604364177815493,0.5386691093312443
479: 0.9999749660662653,0.03551755843974146,0.43056833741203027,0.0032511560351004046,0.0017600247399533952,0.999710023455795
480: 0.9996665715802608,0.9866104721663191,0.9909289479306376,0.03523637359254383,0.017181467253255082,0.64029741291859
481: 0.9999790191408574,0.04874897007611424,0.38697162267861274,0.0029002495187336924,0.0018808427009216454,0.9997555613409158
482: 0.9996914863132672,0.9896337985954822,0.9855309724523138,0.031051706533163945,0.02405202387006516,0.7271214127629955
483: 0.999980568890151,0.06260684130911263,0.3593727946162239,0.002817479899076465,0.0017520305806063815,0.9997616410171711
484: 0.9996386766052711,0.9916663765911117,0.9845222234672358,0.03466913479711287,0.02539938501093596,0.7201106547868987
485: 0.9999845027536233,0.08999644961935119,0.3111753463401383,0.0024982770094759514,0.001820430818977829,0.9997856020913064
486: 0.9997881054634745,0.990295708175968,0.9730811118937595,0.025729557524209783,0.022071983646579557,0.8628759980245867
487: 0.9999884366934653,0.13529731334401549,0.2353898286828086,0.0021297955013750056,0.0021534110099608356,0.9998217224789602
488: 0.999745905401412,0.9923499226638554,0.9726296663694143,0.030772538833679274,0.0198313481872452,0.8575869202398785
489: 0.9999903440595351,0.1826092899130915,0.19211737810791993,0.0019367730933561116,0.002165475621370513,0.9998356104150091
490: 0.9999774694286597,0.9244656563059684,0.7251512408315526,0.005446882477855367,0.0055024204899093414,0.9969927072376246
491: 0.9999918937566731,0.35900834203832216,0.2432565838081282,0.0018655093124318532,0.001826464395855135,0.999768793603822
492: 0.9999862909295083,0.8655902147143888,0.549089312569699,0.0036267633378778362,0.003399543218930887,0.9988586902524508
493: 0.9999924898169538,0.5555043220686753,0.26955017448659196,0.0019307605740626103,0.0018117574344871437,0.9997133612464761
494: 0.9999907016867374,0.7376729249779389,0.40348368880748253,0.002526403895278145,0.0016794716996405515,0.9994813799704719
495: 0.9999911785140759,0.7602291107377847,0.3646109998239404,0.0024814456743563608,0.0017394330443061684,0.9995353222146605
496: 0.9999922513865109,0.7442227006038566,0.2776768803761142,0.0022524238957394066,0.001815631753035498,0.9996722936601411
497: 0.9999910593137795,0.8154002428228316,0.3387419879322116,0.0026887280507627617,0.001709333749833229,0.9995436072196517
498: 0.9999924898173219,0.7716343998894448,0.2408718019853793,0.0022729381542529055,0.00176516606868299,0.9996950626205262
499: 0.9999940395478587,0.7349325418491343,0.13587555287691536,0.0018415800301449941,0.002371430416474927,0.9998185038531918
500: 0.9999936818991801,0.754957139492023,0.1558534055804793,0.0019767447524617707,0.002020717130628472,0.9997860789229723
501: 0.9999921321750044,0.80569332837463,0.25081259010843193,0.0024643968668859673,0.0014016002974868336,0.9996523857205637
502: 0.9999929666543889,0.7918218374261113,0.1864330619650528,0.0021960677380227123,0.0016085223798680108,0.9997399449189159
503: 0.999992489820745,0.8130286932070102,0.22349233924716397,0.0024214389162522257,0.0013520733937474544,0.9996850490558301
504: 0.9999918937693131,0.8406429886725385,0.23382060231143786,0.002614428766419499,0.001346006636198636,0.9996551275323955
505: 0.9999941587398907,0.7971575260008916,0.0890804678200699,0.0018533972433349784,0.0025840925410035333,0.999849081028727
506: 0.9999922514017465,0.8705637454957659,0.14675769210635062,0.002529148472238699,0.0021175495471258596,0.9997536539977967
507: 0.9999915361363955,0.8910655975485434,0.1398038715227553,0.002779289615015685,0.0023756532387554322,0.9997506737590145
508: 0.9999922513972603,0.9086227417009067,0.0699124112678245,0.002628996973529171,0.004809798207531242,0.9998528957393756
509: 0.9999910593037287,0.9354679584663023,0.056062586593750366,0.00317745935571703,0.007234900267641847,0.9998679161137136
510: 0.9999905824630897,0.9483714103656946,0.04284469410763954,0.0035878103207563953,0.00983176381198826,0.9998884201208426
511: 0.9999897480009308,0.9591108560528814,0.03142267092426098,0.004224492705141749,0.014069750904447318,0.9999080896306237
512: 0.9999893903753597,0.9661018252414361,0.01712171920593719,0.004796551073765028,0.02586636320304873,0.9999382495779494
513: 0.9999865293528948,0.9773360490737504,0.011980606247951777,0.0070500127107218456,0.04900124668889303,0.9999474287089058
514: 0.9999836683200382,0.9821894764857065,0.006974550431312839,0.009480360903433934,0.09519623966105498,0.999959707264909
515: 0.999979257581976,0.9857113957451273,0.0051279161168291945,0.013864958658623043,0.14805468916641865,0.9999626874874316
516: 0.999978780757772,0.9849173426604179,0.002892726090111326,0.015402632771968796,0.2135212123361228,0.9999718666159101
517: 0.9999800920391739,0.9822350144314815,0.001514219558270894,0.01520006544950832,0.2968873679639626,0.9999797344226223
518: 0.9999794959948991,0.9803195595686394,0.00137635553057556,0.01690213568613672,0.2762774527037192,0.9999786615393499
519: 0.9999831914895804,0.9713241457953867,0.0008649962871546574,0.012994081703774418,0.30393481254391175,0.9999831914934221
520: 0.999987363814619,0.9516934752451481,0.0005008518943606612,0.008519939148130323,0.3456125259383065,0.9999876022386655
521: 0.9999897479969297,0.9175922274608374,0.00040543018438607886,0.0061035966480484215,0.3389526009554055,0.9999878406441954
522: 0.9999912977258851,0.8752686381321384,0.00034845242284095373,0.004774053114283098,0.33064809441524345,0.9999879598625862
523: 0.9999893903730196,0.8839813470879145,0.00043204644568057594,0.006424230059708593,0.31018429994503216,0.9999835491139342
524: 0.9999909400979893,0.8449383378040837,0.0003145375271364961,0.0050139012734768595,0.3544363975526501,0.9999862909268084
525: 0.9999901056343176,0.8416628837551978,0.00037387135435908365,0.005753085015057254,0.3268266022142367,0.9999827146555211
526: 0.9999905824672176,0.817231833934645,0.00031268230147996393,0.00521819712830723,0.37039589881942375,0.9999836683238298
527: 0.9999890327477055,0.8244171738638565,0.00034120702166415604,0.006244421936667476,0.3757616281517419,0.9999793767945078
528: 0.9999903440466859,0.775414466856621,0.00029631848949863217,0.005003186410837139,0.3916146457234526,0.9999810457233014
529: 0.999988913536575,0.7790672779062141,0.00034251460023095053,0.005921124945150629,0.38645026087824175,0.9999758005182527
530: 0.9999901056251653,0.7310778498649076,0.00027425822873979467,0.004835624246127935,0.44486558437375995,0.9999799728396156
531: 0.9999898672107702,0.7117974162099096,0.0002889811592932842,0.004892799537323555,0.4426787495584325,0.999978423116433
532: 0.9999890327447801,0.7226299643522509,0.00033565636758644044,0.005624640729555895,0.41464546322920903,0.9999738931659252
533: 0.9999897480003888,0.7121316790586902,0.00030494047647090555,0.005183827595623869,0.42530721426369605,0.9999767541902759
534: 0.9999905824669495,0.6914629936202311,0.0002801361865952884,0.004691965877061322,0.43882688879938975,0.9999794960015833
535: 0.9999897480009694,0.6936033964184248,0.00033423269517124154,0.005288322453869198,0.4099199175808594,0.9999750852583297
536: 0.9999902248377915,0.6833263635620049,0.0003041478338907101,0.005012143868834051,0.4367201626352381,0.9999777078594657
537: 0.9999902248387669,0.6883945465073155,0.0003051364922889603,0.005180491605073486,0.4337598383409168,0.9999774694440405
538: 0.9999909400945723,0.6728063225746498,0.000264935862266515,0.00467063672930912,0.46225011348649214,0.9999809265146027
539: 0.9999909400932376,0.655265927312781,0.00026249195570262013,0.004576181061354752,0.47439858317079464,0.9999811649311334
540: 0.9999899864188527,0.6679161787047153,0.0003054345470599301,0.005319183691351352,0.44939532875937327,0.9999769926112397
541: 0.9999904632570165,0.6633208990084248,0.0002621048478687875,0.005048701539159931,0.4862086176883843,0.9999800920483638
542: 0.9999917745584447,0.6189138889298955,0.0002254986752591982,0.0040937890305196315,0.5130050182362934,0.9999843835820842
543: 0.9999908208838211,0.6337125897394632,0.0002670567467854077,0.00483115203602395,0.4831438958653342,0.9999805688848538
544: 0.9999917745610841,0.6102592945102374,0.00021738435335072047,0.004169309975214975,0.530275702475526,0.9999847412102797
545: 0.999992489815422,0.5888102650639293,0.00017771175838630744,0.003682861337129778,0.5768673419937086,0.9999877214440379
546: 0.9999924898144675,0.5856922864887582,0.00016060568953373545,0.003656412474752823,0.6033718585939254,0.9999884366999597
547: 0.9999924898139309,0.5606546401969914,0.00015920492035347505,0.0035307737986287626,0.6145567893974831,0.9999884366994933
548: 0.9999909400943473,0.5984428524967375,0.00018670580100121683,0.0046591814584806945,0.5933887362471754,0.9999840259557048
549: 0.9999932050718287,0.5326036214831175,0.00011592145235178479,0.003000610274650273,0.683485984802472,0.9999916553499808
550: 0.9999912977221072,0.5818911790832989,0.00014937264531463392,0.004345531108791339,0.6489143371570609,0.9999865293521165
551: 0.9999915361410888,0.5581488013273586,0.00014097326384528307,0.003997824154243621,0.6610447764396106,0.9999876022337318
552: 0.9999908208839883,0.5625980496402785,0.0001488478590587076,0.0044844020159156206,0.6564533114425117,0.9999858140931569
553: 0.9999905824661037,0.5561801791203281,0.00014535067193388793,0.0045620626755294436,0.6690908074376524,0.9999856948847384
554: 0.9999909400939262,0.5373169183727236,0.00011671627701599632,0.004139261785075253,0.7264246940615816,0.9999881982813352
555: 0.9999903440472473,0.5234225988391441,0.00010611228151185047,0.004076722542843544,0.7654587626462693,0.9999884366993095
556: 0.9999889135364077,0.5351693034177217,0.00010880671504733698,0.004738581366753433,0.7736173272128716,0.9999861717217041
557: 0.9999878406524508,0.5301999449737222,9.884422732361614e-05,0.004948798102604056,0.8054360151290967,0.9999858140939575
558: 0.9999862909310725,0.5297425985317844,9.405912114924442e-05,0.005471240729189259,0.8291205167771096,0.999984383583462
559: 0.9999843835836413,0.5283100008964214,8.079618411180279e-05,0.005965814460395641,0.8679040074354342,0.9999839067457055
560: 0.9999843835826475,0.5094757676127634,5.5432228028247455e-05,0.005481928121799163,0.9157931208611657,0.9999878406528749
561: 0.9999786615367128,0.5365296006195452,5.552603339110975e-05,0.007910853251333736,0.9301382303235546,0.9999821186065612
562: 0.9999736547476038,0.5388630032536188,4.8711516979183944e-05,0.009776745921997875,0.9481446146962275,0.9999791383735503
563: 0.9999685287475207,0.5268844366076518,4.3252660244859204e-05,0.011554129422088066,0.9604215621946477,0.9999769926070259
564: 0.9999618530260483,0.5381500124928581,4.541856537729415e-05,0.01599535346031112,0.9607362747191366,0.9999687671658554
565: 0.9999597072594563,0.503710985183561,3.8067333995224686e-05,0.016760710626605602,0.9695085883130833,0.9999717473987125
566: 0.999949932098356,0.507263422012479,3.738422687734036e-05,0.023156279696969328,0.9739837050438064,0.9999635219578076
567: 0.99993908405311,0.5036478638651594,3.535712599198027e-05,0.031130818650048558,0.9785013794899079,0.9999569654462603
568: 0.9999080896381353,0.505670189857269,4.467293550699892e-05,0.05437468364814657,0.9765847325322395,0.9999215602869447
569: 0.9998440742493284,0.498802155256585,6.397191497115964e-05,0.1054115891453265,0.9717556834213916,0.9998328685756087
570: 0.9996429681776373,0.4971959292888073,0.00011051366159318043,0.2511836886408034,0.9650123119356817,0.9994996786118434
571: 0.9989210367209473,0.4206735789774612,0.00019734489590316344,0.48701152205482084,0.9671112895012398,0.9985022544861405
572: 0.9968783855440397,0.36884501576404277,0.0003935073327298386,0.7097465395928361,0.96793502569217,0.9957846999168825
573: 0.9950369000434747,0.3569047451016412,0.0007065614334223229,0.8240590691571975,0.9574204683302395,0.9922639131547549
574: 0.995444417000201,0.3618339598179386,0.0007317941632678016,0.8697147965433499,0.9618386030198219,0.9923168420790929
575: 0.9963964819910135,0.3799886107444069,0.0007587083964739846,0.9001167416572964,0.9590549468994493,0.9927565455436356
576: 0.9966431856156898,0.3817922472958051,0.0007751428053394631,0.9215506911278031,0.9609410762791044,0.9929794669148146
577: 0.9969665408131968,0.3849505484108329,0.0007335791597351493,0.9363876581194207,0.9655958414080693,0.993579387664783
578: 0.9970775842668246,0.35938537120809155,0.0006338260722762584,0.9444848895071185,0.9736235141751106,0.9946258664132176
579: 0.9973432421683729,0.37690913677216037,0.0007532900780829655,0.9558060765269154,0.9669424891471312,0.9941235184671033
580: 0.9975044131277991,0.3567019999024823,0.0006677738274357142,0.9602634310721658,0.972321808338286,0.9949730634690787
581: 0.9978430271148933,0.3849999010561991,0.0008591157966478536,0.9677906632421086,0.9586012363436073,0.9942031502721791
582: 0.9977068901062744,0.32851490378381626,0.0005417275242282402,0.9673774838448471,0.9811311960218498,0.996022462844563
583: 0.9979714751244837,0.3446542322632918,0.0007048753324111549,0.9729261398316339,0.9718715548510312,0.9953877329826081
584: 0.9979444146158036,0.32154348492625107,0.0006077384460066671,0.9747477769851439,0.979158222675603,0.9959840774533132
585: 0.9980346560477612,0.3096756637096025,0.0006355739897611841,0.9770476818084114,0.9782226085664785,0.9960328936573426
586: 0.9982228875161268,0.30837240815140265,0.0006409736231937856,0.9790660142897144,0.9774405360222259,0.9961440563200206
587: 0.9983201622963616,0.28557062149048335,0.0005370608414456935,0.979695677757201,0.9826335310936203,0.9967730641363596
588: 0.998326003551426,0.25917521119123355,0.0004962856181103303,0.980367898940683,0.9855893254280061,0.9970837235452314
589: 0.9983002543449794,0.24182721972467663,0.0005113281076314006,0.9819034337996893,0.9864255189896973,0.9970772266386958
590: 0.998285114764997,0.22208982706079577,0.0005107418401491728,0.9830938577651828,0.9876396059991986,0.997162640094801
591: 0.9985491633415081,0.27582368254670814,0.001077451743135848,0.987845122814225,0.9603878855705121,0.9950470924378271
592: 0.998050093650735,0.1523454934357839,0.00043370341876914026,0.9838624596596581,0.9926940202710631,0.9977563023567908
593: 0.9992652535439464,0.7177269458770388,0.016612438484854067,0.9947169423104715,0.24915638566008472,0.9517635703086601
594: 0.9974478483198563,0.08673986792561626,0.00026845315013537515,0.9801912307739363,0.9978244304657339,0.998720824718487
595: 0.9980321526526423,0.973623752594201,0.1591214239597014,0.9975608587264475,0.028882855549467155,0.31763276457782696
596: 0.9986168146133179,0.15387861430665772,0.0008598500280215467,0.9894816875458156,0.9825515747070791,0.9971643090248402
597: 0.9994284510611775,0.6216063499450992,0.015685852617150643,0.9955469369889131,0.2852042317389996,0.964568674564436
598: 0.9978135824203436,0.04156922176489497,0.0002739104093373889,0.9801438450812737,0.9984513521194994,0.9990171194076207
599: 0.9953379631041658,0.989573180675473,0.2939677834511176,0.9979246854781969,0.017816383391633106,0.07507927715777463
600: 0.999076485633821,0.17680054903029088,0.001158175640748087,0.992527365684501,0.9722335338592951,0.9967414736746908
601: 0.9993937015532847,0.2066356241703982,0.002365021267941411,0.9939771890640139,0.8978646993637373,0.9943411350250879
602: 0.9990812540055182,0.0755176469683273,0.000801037182057796,0.9909489750862163,0.9871156215667156,0.9978345036506472
603: 0.9987849593164216,0.9645951986312465,0.14448283612725832,0.9978154897689345,0.02617195993667659,0.4049741327763038
604: 0.9991765618323663,0.108925953507337,0.0007256257231281599,0.9926092028617893,0.9882405996322811,0.9979793429374723
605: 0.9995962977408482,0.8713664412498643,0.05097158253186306,0.9974504113196727,0.061571329832045954,0.8620564937591868
606: 0.9992302656173805,0.08196772634980432,0.0005568733322321879,0.9926084876060974,0.9927191734314236,0.9984442591666892
607: 0.9988691210747079,0.9613081812858677,0.13715527951710668,0.9978759288788568,0.02498556487260468,0.39951011538500913
608: 0.9994521737098626,0.15221828222278586,0.0009781081461988509,0.9949472546577359,0.9769764542579485,0.9975360631942559
609: 0.9997031092644068,0.4566492438316667,0.00877298228441554,0.9969435334205621,0.45287474989892434,0.982972323894499
610: 0.9984466433525242,0.015808692202001613,0.00024018557450950363,0.9861073493957366,0.9991324543952779,0.9992727637291519
611: 0.9946866035460449,0.9897636175155212,0.28161555528635646,0.9979277849197613,0.014712298288965704,0.04745338112114446
612: 0.9996294975280124,0.23347735404968525,0.0012524626217941478,0.996567845344488,0.9587154984474727,0.9969576597213825
613: 0.9985406398774008,0.013450250029637293,0.0002524910669128994,0.9874118566512646,0.9991700649261253,0.9992672801017439
614: 0.9926683902740112,0.9911271929740876,0.30241444706920806,0.9979354143142677,0.014554867520950403,0.029702074825758262
615: 0.9996858835220002,0.3061783909797688,0.001422901521424939,0.9973313808441459,0.9445675611495586,0.9963521957397022
616: 0.9985430240631264,0.012086309492561436,0.00019918028558943624,0.9888422489166521,0.999463498592373,0.9993656277656533
617: 0.9946355223655953,0.9902329444885702,0.23838534951216683,0.9979565143585319,0.017335029318919715,0.042766422033323113
618: 0.9997146725654286,0.28214973211288247,0.000753153290147184,0.9975460171699699,0.9788619279861565,0.9976605176925664
619: 0.9986347556114019,0.013043723069093984,0.00016797421267709226,0.9910468459129462,0.9996102452277991,0.9993857145309543
620: 0.996839404106134,0.9867361187934908,0.13865542411805912,0.9978698492050126,0.023921832442293452,0.08255950361490104
621: 0.9997610449790945,0.3655003309249959,0.0005959378904794763,0.9981107711792262,0.9810726642608412,0.9975837469101196
622: 0.9989105463028178,0.01793961785734396,0.00014350528355992157,0.9934539794921824,0.9996179342270294,0.9993754029274134
623: 0.9982659220695278,0.9797106385231065,0.07317822426557201,0.9978170394897329,0.03273966908452549,0.17200386524198702
624: 0.999753415584578,0.28823104500770363,0.00030590311509660065,0.9981234669685147,0.993007063865676,0.9984536170959671
625: 0.9984595775604417,0.011922479607143365,0.0001321263698819391,0.9918680787086794,0.9997528195381196,0.9994219541549909
626: 0.9988133907318257,0.9794276952743519,0.0530763901770044,0.9978029131889566,0.0329624488949564,0.22628144919869206
627: 0.9997066855430833,0.21560789644714873,0.00021313309844489753,0.9979590177535907,0.9967157840728461,0.9988813996314813
628: 0.9986591339111235,0.013559751212597736,0.00015155826984612717,0.9934926629066726,0.99968707561496,0.9993211030960053
629: 0.9996660947799723,0.9556941986084203,0.036698423326021974,0.9980042576789766,0.03733453899623356,0.6276609301567373
630: 0.9996292591095065,0.16056178510187574,0.00018943363102134103,0.9978370070457411,0.9982759952545224,0.9991275668144225
631: 0.9997674822807283,0.17127077281476266,0.00033865965089963123,0.99793231487274,0.9924325942993126,0.9983554482459751
632: 0.9995920062065268,0.07091218233109343,0.00023365057132420552,0.9973680377006489,0.9979275465011489,0.9988394379615736
633: 0.9998996257782125,0.8227964639663722,0.004167231731112281,0.9981693029403826,0.41037115454673456,0.9761480093002307
634: 0.9994516968727394,0.06068111583589691,0.00014660843588352071,0.9968179464340166,0.9993655085563854,0.9993378520011692
635: 0.9999177455902122,0.7940179109573438,0.003041525837056168,0.9980756044387705,0.4756431579589896,0.981996059417716
636: 0.9994406104087967,0.044169932603828156,0.00013995359769126026,0.9965113997459432,0.9994352459907453,0.9993782043456831
637: 0.9999085664748956,0.8617067337035965,0.005651799030598255,0.9980294108390898,0.2434151023626304,0.9583668708801277
638: 0.9995515942573452,0.05486237257718923,0.00014121839193951928,0.9969722032546867,0.9992859959602312,0.9993435740471097
639: 0.9999270439147958,0.8085820078849733,0.0032654544338490184,0.9980363249778803,0.392457932233807,0.976528108119945
640: 0.9996055960655275,0.05529067292809041,0.0001377289445277592,0.9971141815185498,0.9992245435714708,0.9993349909782245
641: 0.999937057495127,0.7780081629753177,0.0024887884501414896,0.99800318479538,0.4602075517177544,0.9814177155494727
642: 0.9996229410171643,0.049942988902333854,0.00013446500814816517,0.9970842003822357,0.999227046966546,0.9993323683738753
643: 0.9999440908431937,0.73322540521623,0.0019842800684126047,0.9979713559150765,0.5236067175865311,0.9849895238876205
644: 0.9996230602264446,0.041360996663570314,0.0001300608419090037,0.9969632029533406,0.9992825388908352,0.9993460774421764
645: 0.9999465942382868,0.7366595268249545,0.0020659626461568127,0.9979556798934868,0.49113181233405795,0.9833137392997662
646: 0.9996962547302207,0.055532883852716146,0.00013217235391929996,0.9974047541618217,0.9990530610084553,0.9992885589599468
647: 0.999948024749757,0.7230476737022408,0.001669245306404749,0.998089253902434,0.5764279961585896,0.9851662516593891
648: 0.9998131394386376,0.18011257052421387,0.00018143643682543513,0.9983839988708493,0.9968897700309743,0.9986295700073307
649: 0.999623894691469,0.032456856220961436,0.0002263544884027384,0.9968277812004096,0.9980288147926245,0.9982923865318405
650: 0.9999163150787351,0.7997507452964788,0.0024264869280105467,0.9983988404274039,0.4841997027397251,0.9498202204704271
651: 0.9998326301574759,0.3806444108486169,0.0005168069619730281,0.9990682005882289,0.9711987972259603,0.9935210347175644
652: 0.9994308352470382,0.025318128988153613,0.00024590417160149703,0.9968988895416183,0.998155534267427,0.997538328170786
653: 0.9998743534088222,0.802106618881225,0.0025675382930775838,0.9986374974250807,0.4884815812110901,0.8784525990486152
654: 0.99978238344193,0.38631528615950633,0.0007949087885196609,0.9992326498031603,0.9430363178253117,0.9821510314941362
655: 0.9992057681083705,0.03412478789687303,0.0004045618988980755,0.9976141452789281,0.9959892630577107,0.9918974637985157
656: 0.9998868703842161,0.7311178445816089,0.001687486306767284,0.9988368153572098,0.5975605249404892,0.8538066148757878
657: 0.999319553375248,0.32240149378776356,0.0015569992829052967,0.9993745684623675,0.9259066581726069,0.9044730067253138
658: 0.997230947017665,0.011899694800374297,0.0006249984144268679,0.9969376325607301,0.9976599216461178,0.9707725644111592
659: 0.9999097585678041,0.7105948328971838,0.0016130335861867149,0.9987479448318484,0.5120193958282457,0.6865670680999707
660: 0.9981217980384808,0.1599557399749792,0.002031962387262734,0.9993251562118517,0.948432743549344,0.6771880984306322